/*--------------------------------*- C++ -*----------------------------------*\
| =========                 |                                                 |
| \\      /  F ield         | OpenFOAM: The Open Source CFD Toolbox           |
|  \\    /   O peration     | Version:  2412                                  |
|   \\  /    A nd           | Website:  www.openfoam.com                      |
|    \\/     M anipulation  |                                                 |
\*---------------------------------------------------------------------------*/
FoamFile
{
    version     2.0;
    format      ascii;
    arch        "LSB;label=32;scalar=64";
    class       volVectorField;
    location    "0.00750202";
    object      U;
}
// * * * * * * * * * * * * * * * * * * * * * * * * * * * * * * * * * * * * * //

dimensions      [0 1 -1 0 0 0 0];

internalField   nonuniform List<vector> 
100
(
(2.16617e-15 0 0)
(5.54863e-14 0 0)
(-3.52498e-14 0 0)
(-2.58514e-14 0 0)
(-7.22733e-14 0 0)
(-9.5202e-14 0 0)
(-5.7081e-14 0 0)
(-1.2393e-13 0 0)
(-1.14529e-13 0 0)
(-2.17159e-13 0 0)
(-2.18297e-13 0 0)
(-2.20775e-13 0 0)
(-1.1357e-13 0 0)
(1.0645e-13 0 0)
(1.07309e-13 0 0)
(6.94013e-14 0 0)
(1.2088e-13 0 0)
(1.46734e-13 0 0)
(1.45179e-13 0 0)
(1.63584e-11 0 0)
(7.8984e-09 0 0)
(2.78254e-06 0 0)
(0.000565586 0 0)
(0.0477679 0 0)
(1.17086 0 0)
(7.93098 0 0)
(21.8508 0 0)
(37.2553 0 0)
(50.8484 0 0)
(62.833 0 0)
(74.0349 0 0)
(84.9821 0 0)
(95.8106 0 0)
(106.791 0 0)
(117.482 0 0)
(128.874 0 0)
(139.031 0 0)
(151.062 0 0)
(160.741 0 0)
(171.995 0 0)
(183.12 0 0)
(192.322 0 0)
(204.05 0 0)
(213.993 0 0)
(225.857 0 0)
(235.802 0 0)
(245.499 0 0)
(257.397 0 0)
(269.367 0 0)
(278.159 0 0)
(278.995 0 0)
(280.192 0 0)
(285.355 0 0)
(288.537 0 0)
(285.682 0 0)
(277.226 0 0)
(277.027 0 0)
(286.011 0 0)
(289.344 0 0)
(286.203 0 0)
(278.548 0 0)
(278.14 0 0)
(282.808 0 0)
(287.713 0 0)
(285.643 0 0)
(283.064 0 0)
(278.26 0 0)
(278.181 0 0)
(281.077 0 0)
(283.812 0 0)
(281.652 0 0)
(279.476 0 0)
(281.732 0 0)
(283.744 0 0)
(284.316 0 0)
(282.046 0 0)
(277.565 0 0)
(276.808 0 0)
(276.915 0 0)
(278.7 0 0)
(283.006 0 0)
(283.68 0 0)
(283.717 0 0)
(286.179 0 0)
(290.699 0 0)
(272.628 0 0)
(127.491 0 0)
(3.51343 0 0)
(0.00443936 0 0)
(8.4497e-07 0 0)
(7.72124e-11 0 0)
(-2.20973e-13 0 0)
(-2.02217e-13 0 0)
(-2.01874e-13 0 0)
(-1.7497e-13 0 0)
(-2.44854e-13 0 0)
(-1.58454e-13 0 0)
(1.17912e-14 0 0)
(1.16003e-13 0 0)
(6.52309e-14 0 0)
)
;

boundaryField
{
    sides
    {
        type            fixedValue;
        value           uniform (0 0 0);
    }
    empty
    {
        type            empty;
    }
}


// ************************************************************************* //
