/*--------------------------------*- C++ -*----------------------------------*\
| =========                 |                                                 |
| \\      /  F ield         | OpenFOAM: The Open Source CFD Toolbox           |
|  \\    /   O peration     | Version:  2412                                  |
|   \\  /    A nd           | Website:  www.openfoam.com                      |
|    \\/     M anipulation  |                                                 |
\*---------------------------------------------------------------------------*/
FoamFile
{
    version     2.0;
    format      ascii;
    arch        "LSB;label=32;scalar=64";
    class       volVectorField;
    location    "0.00120783";
    object      U;
}
// * * * * * * * * * * * * * * * * * * * * * * * * * * * * * * * * * * * * * //

dimensions      [0 1 -1 0 0 0 0];

internalField   nonuniform List<vector> 
100
(
(5.74117e-14 0 0)
(6.4852e-15 0 0)
(-1.19817e-14 0 0)
(1.24098e-14 0 0)
(-1.56522e-14 0 0)
(6.5323e-14 0 0)
(-2.58142e-14 0 0)
(-1.09047e-14 0 0)
(1.21826e-14 0 0)
(-3.05478e-14 0 0)
(7.90632e-15 0 0)
(-1.92561e-15 0 0)
(-1.6522e-14 0 0)
(-4.8673e-14 0 0)
(8.0526e-15 0 0)
(2.68276e-14 0 0)
(1.37928e-14 0 0)
(8.26969e-15 0 0)
(-3.24789e-14 0 0)
(-1.41707e-14 0 0)
(1.6096e-14 0 0)
(7.10677e-14 0 0)
(-2.13183e-20 0 0)
(-4.87538e-14 0 0)
(2.8446e-14 0 0)
(4.48627e-14 0 0)
(-1.65524e-14 0 0)
(-4.87425e-14 0 0)
(-3.89631e-16 0 0)
(8.56294e-14 0 0)
(1.10026e-13 0 0)
(5.64455e-14 0 0)
(2.34517e-14 0 0)
(-6.62042e-15 0 0)
(1.14312e-14 0 0)
(-6.4485e-15 0 0)
(2.38663e-15 0 0)
(-4.1455e-14 0 0)
(-1.03616e-13 0 0)
(-5.76062e-14 0 0)
(2.44674e-10 0 0)
(3.40581e-07 0 0)
(0.000191053 0 0)
(0.0365073 0 0)
(1.71281 0 0)
(17.437 0 0)
(56.9155 0 0)
(113.653 0 0)
(155.669 0 0)
(210.904 0 0)
(279.451 0 0)
(283.433 0 0)
(287.978 0 0)
(297.863 0 0)
(292.67 0 0)
(187.89 0 0)
(14.6152 0 0)
(0.0486777 0 0)
(2.07375e-05 0 0)
(2.65632e-09 0 0)
(2.75057e-13 0 0)
(-1.96528e-14 0 0)
(-1.40769e-14 0 0)
(1.24157e-16 0 0)
(5.91951e-14 0 0)
(6.67467e-14 0 0)
(8.17775e-15 0 0)
(-4.19791e-14 0 0)
(-3.54658e-14 0 0)
(-7.07945e-15 0 0)
(-2.17979e-14 0 0)
(-3.64152e-14 0 0)
(2.04587e-14 0 0)
(6.45513e-14 0 0)
(-3.44172e-14 0 0)
(-7.1509e-15 0 0)
(2.0824e-14 0 0)
(6.98183e-15 0 0)
(-5.73861e-15 0 0)
(-3.63202e-14 0 0)
(2.13957e-14 0 0)
(1.00963e-13 0 0)
(4.90225e-15 0 0)
(-9.80831e-14 0 0)
(-3.62005e-14 0 0)
(2.1323e-14 0 0)
(9.3937e-14 0 0)
(-2.31416e-14 0 0)
(-4.86336e-14 0 0)
(-8.02516e-14 0 0)
(-7.18603e-14 0 0)
(-2.05299e-14 0 0)
(5.74744e-14 0 0)
(6.86166e-15 0 0)
(-2.96908e-14 0 0)
(7.6209e-15 0 0)
(-2.07268e-14 0 0)
(2.88397e-14 0 0)
(2.09662e-14 0 0)
(-5.06378e-14 0 0)
)
;

boundaryField
{
    sides
    {
        type            fixedValue;
        value           uniform (0 0 0);
    }
    empty
    {
        type            empty;
    }
}


// ************************************************************************* //
