/*--------------------------------*- C++ -*----------------------------------*\
| =========                 |                                                 |
| \\      /  F ield         | OpenFOAM: The Open Source CFD Toolbox           |
|  \\    /   O peration     | Version:  2412                                  |
|   \\  /    A nd           | Website:  www.openfoam.com                      |
|    \\/     M anipulation  |                                                 |
\*---------------------------------------------------------------------------*/
FoamFile
{
    version     2.0;
    format      ascii;
    arch        "LSB;label=32;scalar=64";
    class       volVectorField;
    location    "0.0122504";
    object      U;
}
// * * * * * * * * * * * * * * * * * * * * * * * * * * * * * * * * * * * * * //

dimensions      [0 1 -1 0 0 0 0];

internalField   nonuniform List<vector> 
100
(
(-1.19217e-14 0 0)
(-3.45786e-14 0 0)
(1.02968e-13 0 0)
(1.85568e-13 0 0)
(1.73327e-11 0 0)
(8.24757e-09 0 0)
(2.85237e-06 0 0)
(0.00056472 0 0)
(0.0459653 0 0)
(1.07323 0 0)
(6.9358 0 0)
(18.3482 0 0)
(30.1579 0 0)
(39.8045 0 0)
(47.7487 0 0)
(54.8752 0 0)
(61.7067 0 0)
(68.4661 0 0)
(75.2248 0 0)
(81.9977 0 0)
(88.7832 0 0)
(95.5837 0 0)
(102.391 0 0)
(109.23 0 0)
(116.043 0 0)
(122.955 0 0)
(129.682 0 0)
(136.747 0 0)
(143.185 0 0)
(150.514 0 0)
(156.626 0 0)
(164.015 0 0)
(170.384 0 0)
(177.068 0 0)
(184.169 0 0)
(190.288 0 0)
(197.448 0 0)
(203.719 0 0)
(210.991 0 0)
(217.268 0 0)
(224.337 0 0)
(231.005 0 0)
(238.055 0 0)
(244.641 0 0)
(251.489 0 0)
(258.252 0 0)
(263.956 0 0)
(270.228 0 0)
(276.996 0 0)
(282.25 0 0)
(284.257 0 0)
(282.474 0 0)
(280.734 0 0)
(285.675 0 0)
(287.408 0 0)
(283.4 0 0)
(277.147 0 0)
(277.39 0 0)
(289.007 0 0)
(289.864 0 0)
(282.791 0 0)
(275.835 0 0)
(277.142 0 0)
(289.139 0 0)
(289.027 0 0)
(283.943 0 0)
(276.597 0 0)
(276.551 0 0)
(284.951 0 0)
(288.537 0 0)
(287.298 0 0)
(278.904 0 0)
(277.636 0 0)
(278.514 0 0)
(285.686 0 0)
(288.418 0 0)
(284.341 0 0)
(283.618 0 0)
(278.342 0 0)
(277.839 0 0)
(279.025 0 0)
(280.922 0 0)
(283.306 0 0)
(282.974 0 0)
(279.443 0 0)
(280.392 0 0)
(282.145 0 0)
(284.057 0 0)
(284.382 0 0)
(282.188 0 0)
(278.359 0 0)
(278.135 0 0)
(277.667 0 0)
(281.328 0 0)
(270.398 0 0)
(100.569 0 0)
(-25.3222 0 0)
(-18.1639 0 0)
(-5.50747 0 0)
(-38.0117 0 0)
)
;

boundaryField
{
    sides
    {
        type            fixedValue;
        value           uniform (0 0 0);
    }
    empty
    {
        type            empty;
    }
}


// ************************************************************************* //
