/*--------------------------------*- C++ -*----------------------------------*\
| =========                 |                                                 |
| \\      /  F ield         | OpenFOAM: The Open Source CFD Toolbox           |
|  \\    /   O peration     | Version:  2412                                  |
|   \\  /    A nd           | Website:  www.openfoam.com                      |
|    \\/     M anipulation  |                                                 |
\*---------------------------------------------------------------------------*/
FoamFile
{
    version     2.0;
    format      ascii;
    arch        "LSB;label=32;scalar=64";
    class       volVectorField;
    location    "0.0464412";
    object      U;
}
// * * * * * * * * * * * * * * * * * * * * * * * * * * * * * * * * * * * * * //

dimensions      [0 1 -1 0 0 0 0];

internalField   nonuniform List<vector> 
100
(
(-146.685 0 0)
(-198.878 0 0)
(-263.385 0 0)
(-262.154 0 0)
(-260.731 0 0)
(-254.931 0 0)
(-236.154 0 0)
(-221.45 0 0)
(-217.751 0 0)
(-215.907 0 0)
(-215.376 0 0)
(-222.93 0 0)
(-234.578 0 0)
(-235.98 0 0)
(-234.326 0 0)
(-231.627 0 0)
(-223.528 0 0)
(-216.17 0 0)
(-213.413 0 0)
(-212.718 0 0)
(-214.884 0 0)
(-217.295 0 0)
(-216.198 0 0)
(-213.631 0 0)
(-205.518 0 0)
(-197.985 0 0)
(-195.111 0 0)
(-194.785 0 0)
(-198.966 0 0)
(-201.373 0 0)
(-200.084 0 0)
(-196.322 0 0)
(-186.783 0 0)
(-179.667 0 0)
(-177.217 0 0)
(-178.106 0 0)
(-187.611 0 0)
(-193.725 0 0)
(-193.06 0 0)
(-190.039 0 0)
(-179.668 0 0)
(-164.399 0 0)
(-157.449 0 0)
(-155.077 0 0)
(-154.657 0 0)
(-158.623 0 0)
(-165.308 0 0)
(-166.833 0 0)
(-165.721 0 0)
(-163.258 0 0)
(-159.18 0 0)
(-155.66 0 0)
(-153.696 0 0)
(-151.255 0 0)
(-147.099 0 0)
(-142.987 0 0)
(-141.04 0 0)
(-140.528 0 0)
(-141.33 0 0)
(-141.511 0 0)
(-140.022 0 0)
(-135.757 0 0)
(-129.612 0 0)
(-126.048 0 0)
(-125.573 0 0)
(-133.195 0 0)
(-145.564 0 0)
(-148.425 0 0)
(-147.378 0 0)
(-142.725 0 0)
(-130.607 0 0)
(-110.183 0 0)
(-96.4694 0 0)
(-88.6491 0 0)
(-84.2475 0 0)
(-81.389 0 0)
(-77.4181 0 0)
(-75.1409 0 0)
(-72.6713 0 0)
(-72.9178 0 0)
(-71.4044 0 0)
(-69.8234 0 0)
(-68.5057 0 0)
(-63.436 0 0)
(-58.3027 0 0)
(-51.8629 0 0)
(-47.3792 0 0)
(-43.3271 0 0)
(-40.504 0 0)
(-37.2771 0 0)
(-35.1995 0 0)
(-32.7837 0 0)
(-30.1909 0 0)
(-26.227 0 0)
(-21.9396 0 0)
(-17.7851 0 0)
(-13.4902 0 0)
(-9.83982 0 0)
(-5.63617 0 0)
(-2.03703 0 0)
)
;

boundaryField
{
    sides
    {
        type            fixedValue;
        value           uniform (0 0 0);
    }
    empty
    {
        type            empty;
    }
}


// ************************************************************************* //
