/*--------------------------------*- C++ -*----------------------------------*\
| =========                 |                                                 |
| \\      /  F ield         | OpenFOAM: The Open Source CFD Toolbox           |
|  \\    /   O peration     | Version:  2412                                  |
|   \\  /    A nd           | Website:  www.openfoam.com                      |
|    \\/     M anipulation  |                                                 |
\*---------------------------------------------------------------------------*/
FoamFile
{
    version     2.0;
    format      ascii;
    arch        "LSB;label=32;scalar=64";
    class       volVectorField;
    location    "0.0230436";
    object      U;
}
// * * * * * * * * * * * * * * * * * * * * * * * * * * * * * * * * * * * * * //

dimensions      [0 1 -1 0 0 0 0];

internalField   nonuniform List<vector> 
100
(
(3.19085 0 0)
(9.63497 0 0)
(16.0281 0 0)
(22.4331 0 0)
(28.8254 0 0)
(35.2147 0 0)
(41.619 0 0)
(48.0161 0 0)
(54.3686 0 0)
(60.7648 0 0)
(67.0275 0 0)
(73.5018 0 0)
(79.6809 0 0)
(86.3009 0 0)
(92.3154 0 0)
(98.9939 0 0)
(105.083 0 0)
(111.76 0 0)
(118.048 0 0)
(124.462 0 0)
(130.861 0 0)
(136.716 0 0)
(142.92 0 0)
(148.651 0 0)
(154.94 0 0)
(161.019 0 0)
(167.92 0 0)
(174.767 0 0)
(182.303 0 0)
(189.438 0 0)
(196.999 0 0)
(206.401 0 0)
(221.371 0 0)
(235.242 0 0)
(240.916 0 0)
(244.323 0 0)
(247.499 0 0)
(249.915 0 0)
(250.967 0 0)
(252.734 0 0)
(255.844 0 0)
(259.06 0 0)
(262.378 0 0)
(266.914 0 0)
(271.875 0 0)
(275.009 0 0)
(277.502 0 0)
(280.471 0 0)
(282.828 0 0)
(283.78 0 0)
(284.052 0 0)
(283.88 0 0)
(283.186 0 0)
(282.848 0 0)
(283.51 0 0)
(283.796 0 0)
(282.386 0 0)
(281.756 0 0)
(284.629 0 0)
(286.022 0 0)
(282.073 0 0)
(279.177 0 0)
(282.392 0 0)
(288.971 0 0)
(288.732 0 0)
(276.537 0 0)
(273.634 0 0)
(284.467 0 0)
(291.42 0 0)
(285.485 0 0)
(273.532 0 0)
(248.146 0 0)
(69.8336 0 0)
(12.9393 0 0)
(-2.23326 0 0)
(24.8328 0 0)
(18.9572 0 0)
(19.2119 0 0)
(16.0834 0 0)
(1.35298 0 0)
(7.176 0 0)
(-0.124432 0 0)
(-5.62224 0 0)
(-3.43727 0 0)
(-10.1688 0 0)
(-8.965 0 0)
(-3.06185 0 0)
(0.526823 0 0)
(2.88209 0 0)
(8.12528 0 0)
(9.54888 0 0)
(6.65521 0 0)
(-2.64624 0 0)
(-10.1134 0 0)
(-11.8816 0 0)
(-5.13899 0 0)
(4.6049 0 0)
(11.5423 0 0)
(15.1378 0 0)
(5.83794 0 0)
)
;

boundaryField
{
    sides
    {
        type            fixedValue;
        value           uniform (0 0 0);
    }
    empty
    {
        type            empty;
    }
}


// ************************************************************************* //
