/*--------------------------------*- C++ -*----------------------------------*\
| =========                 |                                                 |
| \\      /  F ield         | OpenFOAM: The Open Source CFD Toolbox           |
|  \\    /   O peration     | Version:  2412                                  |
|   \\  /    A nd           | Website:  www.openfoam.com                      |
|    \\/     M anipulation  |                                                 |
\*---------------------------------------------------------------------------*/
FoamFile
{
    version     2.0;
    format      ascii;
    arch        "LSB;label=32;scalar=64";
    class       volVectorField;
    location    "0.0374557";
    object      U;
}
// * * * * * * * * * * * * * * * * * * * * * * * * * * * * * * * * * * * * * //

dimensions      [0 1 -1 0 0 0 0];

internalField   nonuniform List<vector> 
100
(
(1.72263 0 0)
(5.40431 0 0)
(8.83531 0 0)
(12.5595 0 0)
(15.8752 0 0)
(19.4855 0 0)
(22.7823 0 0)
(26.4262 0 0)
(29.8082 0 0)
(33.5977 0 0)
(37.2059 0 0)
(40.87 0 0)
(44.6397 0 0)
(48.1582 0 0)
(51.9083 0 0)
(55.3371 0 0)
(59.0327 0 0)
(62.3655 0 0)
(65.9566 0 0)
(69.3141 0 0)
(72.946 0 0)
(76.374 0 0)
(79.9778 0 0)
(83.4367 0 0)
(86.9998 0 0)
(90.4909 0 0)
(94.0342 0 0)
(97.5555 0 0)
(101.086 0 0)
(104.56 0 0)
(108.044 0 0)
(111.82 0 0)
(115.288 0 0)
(68.4394 0 0)
(-113.802 0 0)
(-158.29 0 0)
(-153.437 0 0)
(-146.928 0 0)
(-148.647 0 0)
(-151.507 0 0)
(-149.549 0 0)
(-142.68 0 0)
(-134.323 0 0)
(-130.422 0 0)
(-129.539 0 0)
(-129.972 0 0)
(-132.245 0 0)
(-133.461 0 0)
(-132.667 0 0)
(-130.521 0 0)
(-124.12 0 0)
(-112.677 0 0)
(-105.334 0 0)
(-102.558 0 0)
(-103 0 0)
(-104.518 0 0)
(-104.79 0 0)
(-104.219 0 0)
(-102.8 0 0)
(-100.196 0 0)
(-95.732 0 0)
(-91.413 0 0)
(-89.6423 0 0)
(-88.0221 0 0)
(-88.1567 0 0)
(-83.4516 0 0)
(-79.2718 0 0)
(-73.7931 0 0)
(-71.753 0 0)
(-72.5685 0 0)
(-70.3737 0 0)
(-70.9042 0 0)
(-64.0748 0 0)
(-59.0535 0 0)
(-54.2265 0 0)
(-53.5914 0 0)
(-57.116 0 0)
(-57.9662 0 0)
(-57.7724 0 0)
(-52.5602 0 0)
(-44.9667 0 0)
(-38.5645 0 0)
(-34.1529 0 0)
(-33.2461 0 0)
(-32.9756 0 0)
(-33.0687 0 0)
(-32.8685 0 0)
(-32.0383 0 0)
(-31.3786 0 0)
(-28.987 0 0)
(-25.3959 0 0)
(-16.8058 0 0)
(-3.88199 0 0)
(8.67798 0 0)
(15.4002 0 0)
(16.0189 0 0)
(12.9214 0 0)
(5.645 0 0)
(-0.0142863 0 0)
(-1.40271 0 0)
)
;

boundaryField
{
    sides
    {
        type            fixedValue;
        value           uniform (0 0 0);
    }
    empty
    {
        type            empty;
    }
}


// ************************************************************************* //
