/*--------------------------------*- C++ -*----------------------------------*\
| =========                 |                                                 |
| \\      /  F ield         | OpenFOAM: The Open Source CFD Toolbox           |
|  \\    /   O peration     | Version:  2412                                  |
|   \\  /    A nd           | Website:  www.openfoam.com                      |
|    \\/     M anipulation  |                                                 |
\*---------------------------------------------------------------------------*/
FoamFile
{
    version     2.0;
    format      ascii;
    arch        "LSB;label=32;scalar=64";
    class       volVectorField;
    location    "0.00529431";
    object      U;
}
// * * * * * * * * * * * * * * * * * * * * * * * * * * * * * * * * * * * * * //

dimensions      [0 1 -1 0 0 0 0];

internalField   nonuniform List<vector> 
100
(
(1.82377e-14 0 0)
(6.40481e-14 0 0)
(-2.6945e-14 0 0)
(-1.57142e-13 0 0)
(-1.45807e-13 0 0)
(-1.77345e-13 0 0)
(-2.12084e-13 0 0)
(-1.72829e-13 0 0)
(-1.96676e-13 0 0)
(-1.18967e-13 0 0)
(-1.03529e-13 0 0)
(-8.18001e-14 0 0)
(-7.28918e-14 0 0)
(-6.49211e-14 0 0)
(-4.81111e-14 0 0)
(-3.74197e-14 0 0)
(6.08414e-15 0 0)
(-1.64427e-14 0 0)
(6.408e-14 0 0)
(1.39316e-13 0 0)
(1.85873e-13 0 0)
(2.65254e-13 0 0)
(2.32361e-13 0 0)
(1.98949e-13 0 0)
(2.37079e-13 0 0)
(3.4382e-13 0 0)
(2.11133e-11 0 0)
(1.00992e-08 0 0)
(3.52889e-06 0 0)
(0.000707325 0 0)
(0.0586343 0 0)
(1.40828 0 0)
(9.43426 0 0)
(26.0754 0 0)
(45.0528 0 0)
(62.5782 0 0)
(78.5423 0 0)
(94.0305 0 0)
(108.783 0 0)
(124.737 0 0)
(138.618 0 0)
(155.591 0 0)
(169.142 0 0)
(183.015 0 0)
(200.045 0 0)
(213.124 0 0)
(226.278 0 0)
(241.822 0 0)
(260.64 0 0)
(274.123 0 0)
(276.65 0 0)
(280.197 0 0)
(285.256 0 0)
(288.342 0 0)
(285.486 0 0)
(278.056 0 0)
(278.451 0 0)
(286.423 0 0)
(288.626 0 0)
(286.429 0 0)
(279.112 0 0)
(277.442 0 0)
(279.783 0 0)
(282.519 0 0)
(278.615 0 0)
(277.121 0 0)
(279.607 0 0)
(283.167 0 0)
(286.299 0 0)
(285.969 0 0)
(280.347 0 0)
(275.044 0 0)
(276.619 0 0)
(289.427 0 0)
(287.143 0 0)
(198.436 0 0)
(18.2035 0 0)
(0.0568176 0 0)
(1.6885e-05 0 0)
(1.37391e-09 0 0)
(1.84753e-14 0 0)
(-2.8079e-13 0 0)
(-1.45055e-13 0 0)
(-8.9811e-14 0 0)
(-1.69241e-13 0 0)
(-2.03698e-13 0 0)
(-1.13735e-13 0 0)
(-3.48291e-14 0 0)
(-2.16528e-13 0 0)
(-3.06051e-13 0 0)
(-2.84778e-13 0 0)
(-2.24961e-13 0 0)
(-1.73564e-13 0 0)
(-2.15927e-13 0 0)
(-2.89221e-13 0 0)
(-3.73489e-13 0 0)
(-3.5948e-13 0 0)
(-2.18308e-13 0 0)
(-1.49031e-13 0 0)
(-1.0653e-13 0 0)
)
;

boundaryField
{
    sides
    {
        type            fixedValue;
        value           uniform (0 0 0);
    }
    empty
    {
        type            empty;
    }
}


// ************************************************************************* //
