/*--------------------------------*- C++ -*----------------------------------*\
| =========                 |                                                 |
| \\      /  F ield         | OpenFOAM: The Open Source CFD Toolbox           |
|  \\    /   O peration     | Version:  2412                                  |
|   \\  /    A nd           | Website:  www.openfoam.com                      |
|    \\/     M anipulation  |                                                 |
\*---------------------------------------------------------------------------*/
FoamFile
{
    version     2.0;
    format      ascii;
    arch        "LSB;label=32;scalar=64";
    class       volVectorField;
    location    "0.00642871";
    object      U;
}
// * * * * * * * * * * * * * * * * * * * * * * * * * * * * * * * * * * * * * //

dimensions      [0 1 -1 0 0 0 0];

internalField   nonuniform List<vector> 
100
(
(-1.12747e-13 0 0)
(-2.14006e-13 0 0)
(-1.57898e-13 0 0)
(-5.83629e-14 0 0)
(-1.21189e-13 0 0)
(-1.36514e-13 0 0)
(-2.0416e-13 0 0)
(-1.72991e-13 0 0)
(-9.81253e-14 0 0)
(-1.51517e-13 0 0)
(-1.69074e-13 0 0)
(-1.30681e-13 0 0)
(-1.30144e-13 0 0)
(-5.70576e-14 0 0)
(-3.99438e-14 0 0)
(5.26981e-14 0 0)
(1.20859e-13 0 0)
(1.22248e-13 0 0)
(1.53436e-13 0 0)
(1.55601e-13 0 0)
(1.12457e-13 0 0)
(1.10581e-13 0 0)
(1.6659e-12 0 0)
(7.63006e-10 0 0)
(3.10413e-07 0 0)
(8.10234e-05 0 0)
(0.0100683 0 0)
(0.416239 0 0)
(4.5457 0 0)
(16.9505 0 0)
(33.778 0 0)
(49.7411 0 0)
(63.8842 0 0)
(77.0069 0 0)
(89.6513 0 0)
(102.373 0 0)
(114.681 0 0)
(127.948 0 0)
(139.59 0 0)
(153.632 0 0)
(164.879 0 0)
(177.249 0 0)
(190.838 0 0)
(201.12 0 0)
(213.742 0 0)
(225.898 0 0)
(240.842 0 0)
(252.459 0 0)
(260.119 0 0)
(270.281 0 0)
(285.684 0 0)
(291.744 0 0)
(284.424 0 0)
(277.444 0 0)
(278.792 0 0)
(288.238 0 0)
(287.947 0 0)
(281.013 0 0)
(277.097 0 0)
(279.106 0 0)
(287.22 0 0)
(287.014 0 0)
(285.983 0 0)
(279.694 0 0)
(278.79 0 0)
(280.161 0 0)
(281.004 0 0)
(283.2 0 0)
(284.59 0 0)
(280.991 0 0)
(277.1 0 0)
(277.318 0 0)
(277.688 0 0)
(279.956 0 0)
(284.77 0 0)
(285.337 0 0)
(282.887 0 0)
(280.285 0 0)
(283.578 0 0)
(288.381 0 0)
(259.887 0 0)
(92.3152 0 0)
(1.4548 0 0)
(0.00119056 0 0)
(1.66799e-07 0 0)
(1.66665e-11 0 0)
(-1.48975e-13 0 0)
(-1.99096e-13 0 0)
(-2.38467e-13 0 0)
(-2.0593e-13 0 0)
(-1.69757e-13 0 0)
(-2.89061e-13 0 0)
(-3.38241e-13 0 0)
(-3.59249e-13 0 0)
(-3.10899e-13 0 0)
(-3.01886e-13 0 0)
(-2.94934e-13 0 0)
(-2.32108e-13 0 0)
(-9.86772e-14 0 0)
(-4.9385e-14 0 0)
)
;

boundaryField
{
    sides
    {
        type            fixedValue;
        value           uniform (0 0 0);
    }
    empty
    {
        type            empty;
    }
}


// ************************************************************************* //
