/*--------------------------------*- C++ -*----------------------------------*\
| =========                 |                                                 |
| \\      /  F ield         | OpenFOAM: The Open Source CFD Toolbox           |
|  \\    /   O peration     | Version:  2412                                  |
|   \\  /    A nd           | Website:  www.openfoam.com                      |
|    \\/     M anipulation  |                                                 |
\*---------------------------------------------------------------------------*/
FoamFile
{
    version     2.0;
    format      ascii;
    arch        "LSB;label=32;scalar=64";
    class       volVectorField;
    location    "0.0311263";
    object      U;
}
// * * * * * * * * * * * * * * * * * * * * * * * * * * * * * * * * * * * * * //

dimensions      [0 1 -1 0 0 0 0];

internalField   nonuniform List<vector> 
100
(
(2.1815 0 0)
(6.61731 0 0)
(10.9815 0 0)
(15.4185 0 0)
(19.7399 0 0)
(24.2539 0 0)
(28.481 0 0)
(33.1324 0 0)
(37.2359 0 0)
(41.9854 0 0)
(46.0137 0 0)
(50.7212 0 0)
(54.9341 0 0)
(59.4508 0 0)
(63.9376 0 0)
(68.191 0 0)
(72.8345 0 0)
(76.97 0 0)
(81.695 0 0)
(85.8636 0 0)
(90.5748 0 0)
(94.8194 0 0)
(99.4557 0 0)
(103.78 0 0)
(108.344 0 0)
(112.725 0 0)
(117.237 0 0)
(121.647 0 0)
(126.124 0 0)
(130.555 0 0)
(135.011 0 0)
(139.443 0 0)
(143.874 0 0)
(148.291 0 0)
(152.703 0 0)
(157.102 0 0)
(161.503 0 0)
(165.894 0 0)
(170.286 0 0)
(174.516 0 0)
(178.779 0 0)
(183.068 0 0)
(187.118 0 0)
(191.052 0 0)
(194.814 0 0)
(198.132 0 0)
(200.852 0 0)
(202.84 0 0)
(204.361 0 0)
(206.443 0 0)
(208.343 0 0)
(210.172 0 0)
(212.582 0 0)
(191.054 0 0)
(5.96831 0 0)
(-75.1663 0 0)
(-72.4266 0 0)
(-62.7222 0 0)
(-56.6793 0 0)
(-52.3998 0 0)
(-47.7056 0 0)
(-42.4194 0 0)
(-43.7092 0 0)
(-36.9061 0 0)
(-34.765 0 0)
(-33.9464 0 0)
(-32.8714 0 0)
(-33.2856 0 0)
(-24.3947 0 0)
(-25.8785 0 0)
(-8.91157 0 0)
(3.15817 0 0)
(5.64583 0 0)
(6.50328 0 0)
(1.08241 0 0)
(2.61575 0 0)
(1.30737 0 0)
(3.8824 0 0)
(4.62099 0 0)
(2.89985 0 0)
(-0.143494 0 0)
(-3.41272 0 0)
(-3.2957 0 0)
(-2.16284 0 0)
(-0.133138 0 0)
(0.544607 0 0)
(0.29586 0 0)
(-0.208092 0 0)
(-1.13669 0 0)
(0.818605 0 0)
(2.13186 0 0)
(2.32144 0 0)
(-0.230052 0 0)
(-4.33665 0 0)
(-4.79869 0 0)
(-2.67869 0 0)
(1.65148 0 0)
(5.76953 0 0)
(6.77508 0 0)
(3.20603 0 0)
)
;

boundaryField
{
    sides
    {
        type            fixedValue;
        value           uniform (0 0 0);
    }
    empty
    {
        type            empty;
    }
}


// ************************************************************************* //
