/*--------------------------------*- C++ -*----------------------------------*\
| =========                 |                                                 |
| \\      /  F ield         | OpenFOAM: The Open Source CFD Toolbox           |
|  \\    /   O peration     | Version:  2412                                  |
|   \\  /    A nd           | Website:  www.openfoam.com                      |
|    \\/     M anipulation  |                                                 |
\*---------------------------------------------------------------------------*/
FoamFile
{
    version     2.0;
    format      ascii;
    arch        "LSB;label=32;scalar=64";
    class       volVectorField;
    location    "0.0389651";
    object      U;
}
// * * * * * * * * * * * * * * * * * * * * * * * * * * * * * * * * * * * * * //

dimensions      [0 1 -1 0 0 0 0];

internalField   nonuniform List<vector> 
100
(
(1.65979 0 0)
(4.89441 0 0)
(8.14959 0 0)
(11.4403 0 0)
(14.7804 0 0)
(18.1952 0 0)
(21.7149 0 0)
(25.2098 0 0)
(28.6873 0 0)
(32.1456 0 0)
(35.6421 0 0)
(39.103 0 0)
(42.5596 0 0)
(45.9757 0 0)
(49.3865 0 0)
(52.7798 0 0)
(56.1985 0 0)
(59.5999 0 0)
(62.9928 0 0)
(66.3829 0 0)
(69.7666 0 0)
(73.107 0 0)
(76.4055 0 0)
(79.6749 0 0)
(82.9553 0 0)
(86.4132 0 0)
(90.2301 0 0)
(90.0124 0 0)
(-36.5546 0 0)
(-168.433 0 0)
(-180.946 0 0)
(-174.719 0 0)
(-171.923 0 0)
(-171.091 0 0)
(-165.98 0 0)
(-156.492 0 0)
(-152.005 0 0)
(-150.669 0 0)
(-151.718 0 0)
(-156.449 0 0)
(-158.686 0 0)
(-157.784 0 0)
(-155.843 0 0)
(-150.203 0 0)
(-137.52 0 0)
(-128.366 0 0)
(-125.018 0 0)
(-124.761 0 0)
(-127.04 0 0)
(-129.489 0 0)
(-129.412 0 0)
(-128.285 0 0)
(-126.373 0 0)
(-121.685 0 0)
(-116.11 0 0)
(-113.45 0 0)
(-112.999 0 0)
(-112.8 0 0)
(-111.329 0 0)
(-107.04 0 0)
(-100.525 0 0)
(-96.2775 0 0)
(-95.6009 0 0)
(-95.6526 0 0)
(-96.3976 0 0)
(-92.8716 0 0)
(-89.318 0 0)
(-81.7682 0 0)
(-78.704 0 0)
(-78.7832 0 0)
(-81.212 0 0)
(-85.3055 0 0)
(-81.6613 0 0)
(-79.4352 0 0)
(-68.5399 0 0)
(-60.8191 0 0)
(-57.3489 0 0)
(-55.5997 0 0)
(-57.6808 0 0)
(-57.821 0 0)
(-57.7842 0 0)
(-54.9865 0 0)
(-52.5348 0 0)
(-50.3931 0 0)
(-48.596 0 0)
(-46.6461 0 0)
(-43.4126 0 0)
(-38.882 0 0)
(-35.1979 0 0)
(-33.8455 0 0)
(-33.7235 0 0)
(-32.4989 0 0)
(-31.2558 0 0)
(-29.8034 0 0)
(-26.3764 0 0)
(-24.1572 0 0)
(-24.6859 0 0)
(-21.4291 0 0)
(-13.045 0 0)
(-2.27653 0 0)
)
;

boundaryField
{
    sides
    {
        type            fixedValue;
        value           uniform (0 0 0);
    }
    empty
    {
        type            empty;
    }
}


// ************************************************************************* //
