/*--------------------------------*- C++ -*----------------------------------*\
| =========                 |                                                 |
| \\      /  F ield         | OpenFOAM: The Open Source CFD Toolbox           |
|  \\    /   O peration     | Version:  2412                                  |
|   \\  /    A nd           | Website:  www.openfoam.com                      |
|    \\/     M anipulation  |                                                 |
\*---------------------------------------------------------------------------*/
FoamFile
{
    version     2.0;
    format      ascii;
    arch        "LSB;label=32;scalar=64";
    class       volVectorField;
    location    "0.0323626";
    object      U;
}
// * * * * * * * * * * * * * * * * * * * * * * * * * * * * * * * * * * * * * //

dimensions      [0 1 -1 0 0 0 0];

internalField   nonuniform List<vector> 
100
(
(2.0796 0 0)
(6.31536 0 0)
(10.4729 0 0)
(14.7461 0 0)
(18.8398 0 0)
(23.1771 0 0)
(27.1436 0 0)
(31.62 0 0)
(35.4737 0 0)
(40.0402 0 0)
(43.9127 0 0)
(48.4059 0 0)
(52.5133 0 0)
(56.7588 0 0)
(61.1284 0 0)
(65.1613 0 0)
(69.657 0 0)
(73.5767 0 0)
(78.0903 0 0)
(82.0347 0 0)
(86.4775 0 0)
(90.5125 0 0)
(94.9033 0 0)
(99.0348 0 0)
(103.383 0 0)
(107.573 0 0)
(111.869 0 0)
(116.081 0 0)
(120.342 0 0)
(124.564 0 0)
(128.801 0 0)
(133.019 0 0)
(137.235 0 0)
(141.439 0 0)
(145.652 0 0)
(149.85 0 0)
(154.06 0 0)
(158.174 0 0)
(162.267 0 0)
(166.353 0 0)
(170.283 0 0)
(174.189 0 0)
(178.046 0 0)
(181.57 0 0)
(184.614 0 0)
(186.981 0 0)
(188.814 0 0)
(190.762 0 0)
(192.853 0 0)
(191.944 0 0)
(71.4721 0 0)
(-80.4049 0 0)
(-96.9433 0 0)
(-85.3654 0 0)
(-76.2422 0 0)
(-72.2647 0 0)
(-67.9445 0 0)
(-63.4138 0 0)
(-60.8233 0 0)
(-59.7389 0 0)
(-59.6715 0 0)
(-56.7974 0 0)
(-55.425 0 0)
(-48.4767 0 0)
(-47.167 0 0)
(-45.2136 0 0)
(-44.643 0 0)
(-43.1748 0 0)
(-36.489 0 0)
(-40.2049 0 0)
(-34.8752 0 0)
(-31.6242 0 0)
(-24.7214 0 0)
(-17.2157 0 0)
(-10.3384 0 0)
(3.23073 0 0)
(6.85221 0 0)
(8.3546 0 0)
(6.08017 0 0)
(3.20803 0 0)
(0.463421 0 0)
(-1.4173 0 0)
(-1.51028 0 0)
(-1.75001 0 0)
(-1.22815 0 0)
(0.540801 0 0)
(1.19409 0 0)
(1.1683 0 0)
(-1.46412 0 0)
(-2.26966 0 0)
(-0.545288 0 0)
(2.61179 0 0)
(3.2881 0 0)
(3.04652 0 0)
(1.97449 0 0)
(-2.17308 0 0)
(-4.55909 0 0)
(-6.33078 0 0)
(-5.16206 0 0)
(-3.5168 0 0)
)
;

boundaryField
{
    sides
    {
        type            fixedValue;
        value           uniform (0 0 0);
    }
    empty
    {
        type            empty;
    }
}


// ************************************************************************* //
