/*--------------------------------*- C++ -*----------------------------------*\
| =========                 |                                                 |
| \\      /  F ield         | OpenFOAM: The Open Source CFD Toolbox           |
|  \\    /   O peration     | Version:  2412                                  |
|   \\  /    A nd           | Website:  www.openfoam.com                      |
|    \\/     M anipulation  |                                                 |
\*---------------------------------------------------------------------------*/
FoamFile
{
    version     2.0;
    format      ascii;
    arch        "LSB;label=32;scalar=64";
    class       volVectorField;
    location    "0.0501563";
    object      U;
}
// * * * * * * * * * * * * * * * * * * * * * * * * * * * * * * * * * * * * * //

dimensions      [0 1 -1 0 0 0 0];

internalField   nonuniform List<vector> 
100
(
(15.1604 0 0)
(18.9571 0 0)
(8.78469 0 0)
(-12.4682 0 0)
(-30.3612 0 0)
(-27.4641 0 0)
(-14.7672 0 0)
(7.31139 0 0)
(25.3446 0 0)
(-13.0016 0 0)
(-159.994 0 0)
(-242.976 0 0)
(-237.849 0 0)
(-224.739 0 0)
(-219.75 0 0)
(-217.997 0 0)
(-220.824 0 0)
(-235.044 0 0)
(-240.861 0 0)
(-239.723 0 0)
(-237.155 0 0)
(-225.64 0 0)
(-205.829 0 0)
(-198.21 0 0)
(-196.058 0 0)
(-195.277 0 0)
(-196.303 0 0)
(-206.904 0 0)
(-213.378 0 0)
(-212.902 0 0)
(-210.696 0 0)
(-206.61 0 0)
(-201.627 0 0)
(-198.768 0 0)
(-196.707 0 0)
(-193.501 0 0)
(-188.619 0 0)
(-185.27 0 0)
(-183.808 0 0)
(-183.456 0 0)
(-185.711 0 0)
(-186.816 0 0)
(-185.725 0 0)
(-182.571 0 0)
(-175.531 0 0)
(-170.364 0 0)
(-168.466 0 0)
(-172.501 0 0)
(-190.365 0 0)
(-198.365 0 0)
(-197.79 0 0)
(-195.818 0 0)
(-190.269 0 0)
(-170.618 0 0)
(-147.832 0 0)
(-137.077 0 0)
(-132.672 0 0)
(-129.954 0 0)
(-127.408 0 0)
(-124.103 0 0)
(-120.49 0 0)
(-117.969 0 0)
(-116.932 0 0)
(-116.192 0 0)
(-115.72 0 0)
(-115.559 0 0)
(-115.014 0 0)
(-113.612 0 0)
(-110.041 0 0)
(-103.122 0 0)
(-95.9042 0 0)
(-90.0973 0 0)
(-86.3211 0 0)
(-82.7265 0 0)
(-81.2951 0 0)
(-80.2167 0 0)
(-79.3224 0 0)
(-78.0043 0 0)
(-74.7275 0 0)
(-71.2292 0 0)
(-65.1156 0 0)
(-61.8715 0 0)
(-57.9267 0 0)
(-54.9288 0 0)
(-51.7181 0 0)
(-48.2038 0 0)
(-45.2691 0 0)
(-40.943 0 0)
(-38.2022 0 0)
(-34.926 0 0)
(-31.7434 0 0)
(-27.6718 0 0)
(-24.4144 0 0)
(-21.0686 0 0)
(-17.9966 0 0)
(-14.9104 0 0)
(-11.3616 0 0)
(-8.31905 0 0)
(-4.71998 0 0)
(-1.96295 0 0)
)
;

boundaryField
{
    sides
    {
        type            fixedValue;
        value           uniform (0 0 0);
    }
    empty
    {
        type            empty;
    }
}


// ************************************************************************* //
