/*--------------------------------*- C++ -*----------------------------------*\
| =========                 |                                                 |
| \\      /  F ield         | OpenFOAM: The Open Source CFD Toolbox           |
|  \\    /   O peration     | Version:  2412                                  |
|   \\  /    A nd           | Website:  www.openfoam.com                      |
|    \\/     M anipulation  |                                                 |
\*---------------------------------------------------------------------------*/
FoamFile
{
    version     2.0;
    format      ascii;
    arch        "LSB;label=32;scalar=64";
    class       volVectorField;
    location    "0.00516853";
    object      U;
}
// * * * * * * * * * * * * * * * * * * * * * * * * * * * * * * * * * * * * * //

dimensions      [0 1 -1 0 0 0 0];

internalField   nonuniform List<vector> 
100
(
(-6.16912e-15 0 0)
(2.33432e-14 0 0)
(-2.6945e-14 0 0)
(-1.08409e-13 0 0)
(-1.0486e-13 0 0)
(-1.85535e-13 0 0)
(-2.52869e-13 0 0)
(-1.80938e-13 0 0)
(-1.39673e-13 0 0)
(-1.27076e-13 0 0)
(-1.03529e-13 0 0)
(-8.18001e-14 0 0)
(-7.28918e-14 0 0)
(-9.75173e-14 0 0)
(-3.99216e-14 0 0)
(-4.90429e-15 0 0)
(1.42736e-14 0 0)
(-8.33407e-15 0 0)
(2.33751e-14 0 0)
(1.068e-13 0 0)
(2.10279e-13 0 0)
(2.65173e-13 0 0)
(2.32361e-13 0 0)
(1.98949e-13 0 0)
(2.37079e-13 0 0)
(2.95129e-13 0 0)
(1.88625e-12 0 0)
(8.91754e-10 0 0)
(3.63084e-07 0 0)
(9.42319e-05 0 0)
(0.0115865 0 0)
(0.472411 0 0)
(5.1035 0 0)
(18.992 0 0)
(38.0683 0 0)
(56.6205 0 0)
(73.413 0 0)
(89.4042 0 0)
(104.589 0 0)
(120.772 0 0)
(135.067 0 0)
(152.478 0 0)
(166.223 0 0)
(180.654 0 0)
(198.14 0 0)
(210.872 0 0)
(224.697 0 0)
(241.337 0 0)
(260.035 0 0)
(272.216 0 0)
(275.867 0 0)
(280.387 0 0)
(288.353 0 0)
(288.302 0 0)
(283.101 0 0)
(278.024 0 0)
(279.655 0 0)
(288.327 0 0)
(287.677 0 0)
(284.429 0 0)
(278.188 0 0)
(277.513 0 0)
(281.062 0 0)
(281.099 0 0)
(276.598 0 0)
(279.03 0 0)
(281.918 0 0)
(285.829 0 0)
(286.453 0 0)
(282.754 0 0)
(275.231 0 0)
(274.975 0 0)
(284.467 0 0)
(291.591 0 0)
(253.882 0 0)
(71.5509 0 0)
(0.762559 0 0)
(0.000468464 0 0)
(5.4745e-08 0 0)
(5.8626e-12 0 0)
(-1.25049e-13 0 0)
(-2.23795e-13 0 0)
(-1.16448e-13 0 0)
(-1.25446e-13 0 0)
(-1.62142e-13 0 0)
(-2.17966e-13 0 0)
(-1.06636e-13 0 0)
(-2.76592e-14 0 0)
(-2.30797e-13 0 0)
(-3.1315e-13 0 0)
(-2.49072e-13 0 0)
(-2.10905e-13 0 0)
(-1.80662e-13 0 0)
(-2.37223e-13 0 0)
(-2.96391e-13 0 0)
(-3.52052e-13 0 0)
(-3.02407e-13 0 0)
(-1.96941e-13 0 0)
(-1.4889e-13 0 0)
(-1.20798e-13 0 0)
)
;

boundaryField
{
    sides
    {
        type            fixedValue;
        value           uniform (0 0 0);
    }
    empty
    {
        type            empty;
    }
}


// ************************************************************************* //
