/*--------------------------------*- C++ -*----------------------------------*\
| =========                 |                                                 |
| \\      /  F ield         | OpenFOAM: The Open Source CFD Toolbox           |
|  \\    /   O peration     | Version:  2412                                  |
|   \\  /    A nd           | Website:  www.openfoam.com                      |
|    \\/     M anipulation  |                                                 |
\*---------------------------------------------------------------------------*/
FoamFile
{
    version     2.0;
    format      ascii;
    arch        "LSB;label=32;scalar=64";
    class       volVectorField;
    location    "0.00504364";
    object      U;
}
// * * * * * * * * * * * * * * * * * * * * * * * * * * * * * * * * * * * * * //

dimensions      [0 1 -1 0 0 0 0];

internalField   nonuniform List<vector> 
100
(
(-3.04484e-14 0 0)
(-9.24083e-16 0 0)
(-4.31272e-14 0 0)
(-7.60449e-14 0 0)
(-5.63132e-14 0 0)
(-1.69352e-13 0 0)
(-2.60966e-13 0 0)
(-1.97132e-13 0 0)
(-1.15382e-13 0 0)
(-1.27076e-13 0 0)
(-1.03529e-13 0 0)
(-8.18001e-14 0 0)
(-7.28918e-14 0 0)
(-9.75173e-14 0 0)
(-5.61038e-14 0 0)
(2.74482e-14 0 0)
(2.23825e-14 0 0)
(-1.64311e-14 0 0)
(-9.00118e-15 0 0)
(1.068e-13 0 0)
(2.10291e-13 0 0)
(2.48991e-13 0 0)
(2.16179e-13 0 0)
(2.15119e-13 0 0)
(2.7754e-13 0 0)
(2.38482e-13 0 0)
(3.22569e-13 0 0)
(7.627e-11 0 0)
(3.51357e-08 0 0)
(1.12447e-05 0 0)
(0.00193784 0 0)
(0.128291 0 0)
(2.33838 0 0)
(12.5951 0 0)
(30.766 0 0)
(50.2028 0 0)
(67.9558 0 0)
(84.5591 0 0)
(100.221 0 0)
(116.662 0 0)
(131.389 0 0)
(149.188 0 0)
(163.199 0 0)
(178.29 0 0)
(196.063 0 0)
(208.382 0 0)
(223.318 0 0)
(240.683 0 0)
(259.772 0 0)
(269.628 0 0)
(275.183 0 0)
(282.564 0 0)
(289.548 0 0)
(288.707 0 0)
(280.359 0 0)
(278.038 0 0)
(282.192 0 0)
(288.385 0 0)
(287.638 0 0)
(281.721 0 0)
(277.183 0 0)
(278.64 0 0)
(281.595 0 0)
(278.101 0 0)
(277.753 0 0)
(281.153 0 0)
(284.882 0 0)
(286.563 0 0)
(284.77 0 0)
(276.416 0 0)
(274.412 0 0)
(278.641 0 0)
(292.277 0 0)
(281.53 0 0)
(155.644 0 0)
(6.58363 0 0)
(0.0106687 0 0)
(2.20053e-06 0 0)
(1.79638e-10 0 0)
(1.61445e-14 0 0)
(-1.0401e-13 0 0)
(-1.67128e-13 0 0)
(-1.02281e-13 0 0)
(-1.18368e-13 0 0)
(-1.6922e-13 0 0)
(-2.10878e-13 0 0)
(-1.34959e-13 0 0)
(-4.89036e-14 0 0)
(-2.02464e-13 0 0)
(-2.99015e-13 0 0)
(-2.27817e-13 0 0)
(-2.10895e-13 0 0)
(-1.80673e-13 0 0)
(-2.514e-13 0 0)
(-2.89292e-13 0 0)
(-3.44984e-13 0 0)
(-2.66985e-13 0 0)
(-1.68576e-13 0 0)
(-1.48911e-13 0 0)
(-1.13742e-13 0 0)
)
;

boundaryField
{
    sides
    {
        type            fixedValue;
        value           uniform (0 0 0);
    }
    empty
    {
        type            empty;
    }
}


// ************************************************************************* //
