/*--------------------------------*- C++ -*----------------------------------*\
| =========                 |                                                 |
| \\      /  F ield         | OpenFOAM: The Open Source CFD Toolbox           |
|  \\    /   O peration     | Version:  2412                                  |
|   \\  /    A nd           | Website:  www.openfoam.com                      |
|    \\/     M anipulation  |                                                 |
\*---------------------------------------------------------------------------*/
FoamFile
{
    version     2.0;
    format      ascii;
    arch        "LSB;label=32;scalar=64";
    class       volVectorField;
    location    "0.0165638";
    object      U;
}
// * * * * * * * * * * * * * * * * * * * * * * * * * * * * * * * * * * * * * //

dimensions      [0 1 -1 0 0 0 0];

internalField   nonuniform List<vector> 
100
(
(8.18205 0 0)
(20.1371 0 0)
(34.0885 0 0)
(47.412 0 0)
(57.5789 0 0)
(65.6636 0 0)
(71.0569 0 0)
(75.5105 0 0)
(80.1224 0 0)
(85.0604 0 0)
(90.1604 0 0)
(95.2827 0 0)
(100.385 0 0)
(105.48 0 0)
(110.577 0 0)
(115.69 0 0)
(120.794 0 0)
(125.936 0 0)
(131.007 0 0)
(136.204 0 0)
(141.149 0 0)
(146.462 0 0)
(151.178 0 0)
(156.65 0 0)
(161.238 0 0)
(166.691 0 0)
(171.526 0 0)
(176.588 0 0)
(181.8 0 0)
(186.529 0 0)
(191.857 0 0)
(196.516 0 0)
(201.922 0 0)
(206.608 0 0)
(211.929 0 0)
(216.793 0 0)
(222.099 0 0)
(227.048 0 0)
(232.207 0 0)
(237.241 0 0)
(242.428 0 0)
(247.52 0 0)
(252.469 0 0)
(257.361 0 0)
(262.431 0 0)
(267.361 0 0)
(271.554 0 0)
(276.18 0 0)
(280.325 0 0)
(283.039 0 0)
(284.114 0 0)
(283.831 0 0)
(282.647 0 0)
(284.193 0 0)
(285.483 0 0)
(282.687 0 0)
(279.308 0 0)
(280.374 0 0)
(287.856 0 0)
(289.547 0 0)
(279.61 0 0)
(275.532 0 0)
(280.043 0 0)
(290.795 0 0)
(291.691 0 0)
(277.526 0 0)
(273.788 0 0)
(278.786 0 0)
(290.849 0 0)
(291.187 0 0)
(280.252 0 0)
(274.202 0 0)
(276.634 0 0)
(289.252 0 0)
(288.999 0 0)
(285.144 0 0)
(275.402 0 0)
(275.317 0 0)
(279.447 0 0)
(288.547 0 0)
(287.341 0 0)
(283.963 0 0)
(275.03 0 0)
(277.724 0 0)
(274.872 0 0)
(118.239 0 0)
(11.8164 0 0)
(12.9077 0 0)
(15.4541 0 0)
(19.1452 0 0)
(18.9826 0 0)
(24.7051 0 0)
(26.8632 0 0)
(24.3998 0 0)
(17.6781 0 0)
(11.868 0 0)
(6.42665 0 0)
(3.09268 0 0)
(3.63945 0 0)
(-1.10002 0 0)
)
;

boundaryField
{
    sides
    {
        type            fixedValue;
        value           uniform (0 0 0);
    }
    empty
    {
        type            empty;
    }
}


// ************************************************************************* //
