/*--------------------------------*- C++ -*----------------------------------*\
| =========                 |                                                 |
| \\      /  F ield         | OpenFOAM: The Open Source CFD Toolbox           |
|  \\    /   O peration     | Version:  2412                                  |
|   \\  /    A nd           | Website:  www.openfoam.com                      |
|    \\/     M anipulation  |                                                 |
\*---------------------------------------------------------------------------*/
FoamFile
{
    version     2.0;
    format      ascii;
    arch        "LSB;label=32;scalar=64";
    class       volVectorField;
    location    "0.0047927";
    object      U;
}
// * * * * * * * * * * * * * * * * * * * * * * * * * * * * * * * * * * * * * //

dimensions      [0 1 -1 0 0 0 0];

internalField   nonuniform List<vector> 
100
(
(-7.10195e-14 0 0)
(-3.34623e-14 0 0)
(-4.32528e-14 0 0)
(-5.95935e-14 0 0)
(-7.5985e-15 0 0)
(-1.20638e-13 0 0)
(-2.3647e-13 0 0)
(-1.15966e-13 0 0)
(-1.23577e-13 0 0)
(-1.59402e-13 0 0)
(-1.27975e-13 0 0)
(-7.36682e-14 0 0)
(-5.65777e-14 0 0)
(-5.71227e-14 0 0)
(-3.17091e-14 0 0)
(3.35556e-15 0 0)
(-1.03083e-14 0 0)
(-8.2367e-15 0 0)
(-9.00124e-15 0 0)
(9.8606e-14 0 0)
(1.37205e-13 0 0)
(1.83962e-13 0 0)
(2.40625e-13 0 0)
(2.47571e-13 0 0)
(2.77591e-13 0 0)
(2.13973e-13 0 0)
(1.67212e-13 0 0)
(6.70693e-13 0 0)
(2.73954e-10 0 0)
(1.19895e-07 0 0)
(3.48115e-05 0 0)
(0.00509154 0 0)
(0.265077 0 0)
(3.68381 0 0)
(16.2866 0 0)
(35.7904 0 0)
(55.6222 0 0)
(73.8732 0 0)
(90.7285 0 0)
(107.834 0 0)
(123.493 0 0)
(141.944 0 0)
(156.644 0 0)
(173.377 0 0)
(191.262 0 0)
(203.363 0 0)
(220.714 0 0)
(239.078 0 0)
(257.786 0 0)
(264.43 0 0)
(275.109 0 0)
(288.689 0 0)
(290.718 0 0)
(285.456 0 0)
(278.285 0 0)
(278.357 0 0)
(287.302 0 0)
(287.708 0 0)
(284.592 0 0)
(278.131 0 0)
(277.494 0 0)
(280.15 0 0)
(278.185 0 0)
(278.38 0 0)
(282.904 0 0)
(286.255 0 0)
(286.607 0 0)
(280.772 0 0)
(274.378 0 0)
(274.421 0 0)
(282.786 0 0)
(293.412 0 0)
(269.889 0 0)
(107.513 0 0)
(1.97226 0 0)
(0.00176076 0 0)
(2.58341e-07 0 0)
(2.48228e-11 0 0)
(-9.65345e-14 0 0)
(-1.41815e-13 0 0)
(-6.85262e-14 0 0)
(-4.60502e-14 0 0)
(-2.559e-15 0 0)
(-1.8957e-13 0 0)
(-2.11922e-13 0 0)
(-1.61243e-13 0 0)
(-1.77551e-13 0 0)
(-1.27213e-13 0 0)
(-1.81007e-13 0 0)
(-1.71138e-13 0 0)
(-1.78016e-13 0 0)
(-2.60575e-13 0 0)
(-1.94854e-13 0 0)
(-2.37184e-13 0 0)
(-2.53828e-13 0 0)
(-3.02128e-13 0 0)
(-2.52637e-13 0 0)
(-1.47494e-13 0 0)
(-9.19054e-14 0 0)
(-1.13798e-13 0 0)
)
;

boundaryField
{
    sides
    {
        type            fixedValue;
        value           uniform (0 0 0);
    }
    empty
    {
        type            empty;
    }
}


// ************************************************************************* //
