/*--------------------------------*- C++ -*----------------------------------*\
| =========                 |                                                 |
| \\      /  F ield         | OpenFOAM: The Open Source CFD Toolbox           |
|  \\    /   O peration     | Version:  2412                                  |
|   \\  /    A nd           | Website:  www.openfoam.com                      |
|    \\/     M anipulation  |                                                 |
\*---------------------------------------------------------------------------*/
FoamFile
{
    version     2.0;
    format      ascii;
    arch        "LSB;label=32;scalar=64";
    class       volVectorField;
    location    "0.055359";
    object      U;
}
// * * * * * * * * * * * * * * * * * * * * * * * * * * * * * * * * * * * * * //

dimensions      [0 1 -1 0 0 0 0];

internalField   nonuniform List<vector> 
100
(
(4.48349 0 0)
(22.1482 0 0)
(24.1634 0 0)
(15.3862 0 0)
(9.3999 0 0)
(-1.22132 0 0)
(-7.69647 0 0)
(-7.43267 0 0)
(-6.81618 0 0)
(-8.94476 0 0)
(-5.1327 0 0)
(0.0807848 0 0)
(4.83483 0 0)
(4.43713 0 0)
(2.34603 0 0)
(-1.57072 0 0)
(-9.01447 0 0)
(-7.6856 0 0)
(-2.04277 0 0)
(14.0085 0 0)
(15.4654 0 0)
(-45.0496 0 0)
(-171.235 0 0)
(-258.873 0 0)
(-260.365 0 0)
(-255.417 0 0)
(-239.97 0 0)
(-206.505 0 0)
(-190.14 0 0)
(-186.324 0 0)
(-185.399 0 0)
(-185.41 0 0)
(-185.057 0 0)
(-184.066 0 0)
(-181.267 0 0)
(-176.003 0 0)
(-171.732 0 0)
(-170.098 0 0)
(-168.925 0 0)
(-168.322 0 0)
(-168.652 0 0)
(-170.249 0 0)
(-170.721 0 0)
(-170.125 0 0)
(-169.027 0 0)
(-167.256 0 0)
(-160.922 0 0)
(-147.92 0 0)
(-139.377 0 0)
(-136.072 0 0)
(-134.932 0 0)
(-134.219 0 0)
(-133.617 0 0)
(-133.503 0 0)
(-133.682 0 0)
(-133.288 0 0)
(-132.155 0 0)
(-128.986 0 0)
(-122.477 0 0)
(-116.349 0 0)
(-112.694 0 0)
(-110.15 0 0)
(-108.147 0 0)
(-105.91 0 0)
(-103.151 0 0)
(-100.081 0 0)
(-96.8725 0 0)
(-93.7776 0 0)
(-90.8161 0 0)
(-87.862 0 0)
(-84.9184 0 0)
(-82.0339 0 0)
(-79.4655 0 0)
(-76.7622 0 0)
(-74.3805 0 0)
(-71.591 0 0)
(-68.664 0 0)
(-65.2561 0 0)
(-61.9564 0 0)
(-58.7241 0 0)
(-55.7334 0 0)
(-53.4271 0 0)
(-50.3678 0 0)
(-48.4315 0 0)
(-45.3638 0 0)
(-42.4557 0 0)
(-39.7714 0 0)
(-36.737 0 0)
(-34.0577 0 0)
(-30.3935 0 0)
(-27.5373 0 0)
(-23.9672 0 0)
(-21.1995 0 0)
(-18.1717 0 0)
(-15.5991 0 0)
(-13.1488 0 0)
(-10.4583 0 0)
(-7.97919 0 0)
(-4.76598 0 0)
(-1.9623 0 0)
)
;

boundaryField
{
    sides
    {
        type            fixedValue;
        value           uniform (0 0 0);
    }
    empty
    {
        type            empty;
    }
}


// ************************************************************************* //
