/*--------------------------------*- C++ -*----------------------------------*\
| =========                 |                                                 |
| \\      /  F ield         | OpenFOAM: The Open Source CFD Toolbox           |
|  \\    /   O peration     | Version:  2412                                  |
|   \\  /    A nd           | Website:  www.openfoam.com                      |
|    \\/     M anipulation  |                                                 |
\*---------------------------------------------------------------------------*/
FoamFile
{
    version     2.0;
    format      ascii;
    arch        "LSB;label=32;scalar=64";
    class       volVectorField;
    location    "0.0338983";
    object      U;
}
// * * * * * * * * * * * * * * * * * * * * * * * * * * * * * * * * * * * * * //

dimensions      [0 1 -1 0 0 0 0];

internalField   nonuniform List<vector> 
100
(
(1.95832 0 0)
(5.9899 0 0)
(9.89779 0 0)
(13.9603 0 0)
(17.793 0 0)
(21.9703 0 0)
(25.6923 0 0)
(30.0179 0 0)
(33.6424 0 0)
(37.9686 0 0)
(41.6462 0 0)
(45.8291 0 0)
(49.7753 0 0)
(53.7185 0 0)
(57.9191 0 0)
(61.6698 0 0)
(65.9669 0 0)
(69.6715 0 0)
(73.9681 0 0)
(77.7327 0 0)
(81.961 0 0)
(85.8032 0 0)
(89.954 0 0)
(93.8517 0 0)
(97.9159 0 0)
(101.837 0 0)
(105.836 0 0)
(109.782 0 0)
(113.776 0 0)
(117.757 0 0)
(121.759 0 0)
(125.749 0 0)
(129.748 0 0)
(133.718 0 0)
(137.693 0 0)
(141.586 0 0)
(145.461 0 0)
(149.311 0 0)
(153.078 0 0)
(156.862 0 0)
(160.506 0 0)
(163.945 0 0)
(167.003 0 0)
(169.887 0 0)
(172.267 0 0)
(108.11 0 0)
(-80.1942 0 0)
(-119.8 0 0)
(-109.801 0 0)
(-96.7051 0 0)
(-91.6616 0 0)
(-89.7713 0 0)
(-88.2487 0 0)
(-88.2346 0 0)
(-88.4234 0 0)
(-88.2636 0 0)
(-84.3534 0 0)
(-78.5905 0 0)
(-73.5964 0 0)
(-71.8674 0 0)
(-71.3315 0 0)
(-69.905 0 0)
(-70.8261 0 0)
(-67.6764 0 0)
(-66.1722 0 0)
(-58.9388 0 0)
(-50.9349 0 0)
(-45.6215 0 0)
(-41.0199 0 0)
(-45.9963 0 0)
(-44.8978 0 0)
(-45.5299 0 0)
(-40.535 0 0)
(-35.357 0 0)
(-35.2309 0 0)
(-31.5955 0 0)
(-31.3149 0 0)
(-27.4616 0 0)
(-27.1641 0 0)
(-15.8193 0 0)
(0.365714 0 0)
(9.96392 0 0)
(11.6406 0 0)
(8.81145 0 0)
(4.87543 0 0)
(1.79064 0 0)
(1.82099 0 0)
(2.11879 0 0)
(1.03035 0 0)
(-3.76469 0 0)
(-6.98102 0 0)
(-7.21768 0 0)
(-4.61189 0 0)
(-0.0872439 0 0)
(3.53842 0 0)
(5.42162 0 0)
(5.1921 0 0)
(2.05846 0 0)
(-0.255419 0 0)
(0.0255843 0 0)
)
;

boundaryField
{
    sides
    {
        type            fixedValue;
        value           uniform (0 0 0);
    }
    empty
    {
        type            empty;
    }
}


// ************************************************************************* //
