/*--------------------------------*- C++ -*----------------------------------*\
| =========                 |                                                 |
| \\      /  F ield         | OpenFOAM: The Open Source CFD Toolbox           |
|  \\    /   O peration     | Version:  2412                                  |
|   \\  /    A nd           | Website:  www.openfoam.com                      |
|    \\/     M anipulation  |                                                 |
\*---------------------------------------------------------------------------*/
FoamFile
{
    version     2.0;
    format      ascii;
    arch        "LSB;label=32;scalar=64";
    class       volVectorField;
    location    "0.00956423";
    object      U;
}
// * * * * * * * * * * * * * * * * * * * * * * * * * * * * * * * * * * * * * //

dimensions      [0 1 -1 0 0 0 0];

internalField   nonuniform List<vector> 
100
(
(2.73585e-15 0 0)
(-9.05249e-16 0 0)
(3.0489e-14 0 0)
(-9.13642e-15 0 0)
(-2.33283e-14 0 0)
(-1.32927e-14 0 0)
(9.55938e-14 0 0)
(1.58754e-13 0 0)
(1.28393e-13 0 0)
(8.29394e-14 0 0)
(7.42462e-14 0 0)
(3.15445e-14 0 0)
(8.55667e-13 0 0)
(4.31842e-10 0 0)
(1.7773e-07 0 0)
(4.77585e-05 0 0)
(0.0062717 0 0)
(0.28257 0 0)
(3.37399 0 0)
(13.2896 0 0)
(26.941 0 0)
(39.4483 0 0)
(49.9272 0 0)
(59.2047 0 0)
(67.988 0 0)
(76.6197 0 0)
(85.2187 0 0)
(93.8378 0 0)
(102.448 0 0)
(111.157 0 0)
(119.718 0 0)
(128.641 0 0)
(136.882 0 0)
(146.206 0 0)
(153.951 0 0)
(163.372 0 0)
(171.44 0 0)
(179.665 0 0)
(188.898 0 0)
(196.454 0 0)
(205.531 0 0)
(213.516 0 0)
(222.701 0 0)
(230.959 0 0)
(240.14 0 0)
(247.554 0 0)
(256.153 0 0)
(265.439 0 0)
(273.637 0 0)
(278.652 0 0)
(280.359 0 0)
(281.828 0 0)
(287.56 0 0)
(288.001 0 0)
(282.521 0 0)
(276.763 0 0)
(278.312 0 0)
(289.32 0 0)
(289.778 0 0)
(282.408 0 0)
(276.632 0 0)
(277.947 0 0)
(287.573 0 0)
(287.487 0 0)
(283.975 0 0)
(277.718 0 0)
(277.788 0 0)
(282.872 0 0)
(288.526 0 0)
(286.601 0 0)
(285.861 0 0)
(279.485 0 0)
(278.276 0 0)
(279.465 0 0)
(281.853 0 0)
(281.353 0 0)
(277.594 0 0)
(279.649 0 0)
(282.132 0 0)
(283.745 0 0)
(283.378 0 0)
(280.415 0 0)
(279.59 0 0)
(279.58 0 0)
(280.938 0 0)
(283.412 0 0)
(283.617 0 0)
(283.016 0 0)
(279.452 0 0)
(276.814 0 0)
(276.54 0 0)
(276.533 0 0)
(277.391 0 0)
(287.136 0 0)
(298.134 0 0)
(279.044 0 0)
(126.553 0 0)
(3.12579 0 0)
(0.00355152 0 0)
(6.26934e-07 0 0)
)
;

boundaryField
{
    sides
    {
        type            fixedValue;
        value           uniform (0 0 0);
    }
    empty
    {
        type            empty;
    }
}


// ************************************************************************* //
