/*--------------------------------*- C++ -*----------------------------------*\
| =========                 |                                                 |
| \\      /  F ield         | OpenFOAM: The Open Source CFD Toolbox           |
|  \\    /   O peration     | Version:  2412                                  |
|   \\  /    A nd           | Website:  www.openfoam.com                      |
|    \\/     M anipulation  |                                                 |
\*---------------------------------------------------------------------------*/
FoamFile
{
    version     2.0;
    format      ascii;
    arch        "LSB;label=32;scalar=64";
    class       volVectorField;
    location    "0.0391974";
    object      U;
}
// * * * * * * * * * * * * * * * * * * * * * * * * * * * * * * * * * * * * * //

dimensions      [0 1 -1 0 0 0 0];

internalField   nonuniform List<vector> 
100
(
(1.62545 0 0)
(4.79969 0 0)
(8.0339 0 0)
(11.3287 0 0)
(14.675 0 0)
(18.1391 0 0)
(21.6483 0 0)
(25.1503 0 0)
(28.62 0 0)
(32.0162 0 0)
(35.4127 0 0)
(38.8009 0 0)
(42.1859 0 0)
(45.561 0 0)
(48.9523 0 0)
(52.3293 0 0)
(55.7236 0 0)
(59.1254 0 0)
(62.5037 0 0)
(65.8814 0 0)
(69.2582 0 0)
(72.611 0 0)
(75.9142 0 0)
(79.1564 0 0)
(82.5085 0 0)
(86.2371 0 0)
(88.1937 0 0)
(-10.3823 0 0)
(-163.781 0 0)
(-184.941 0 0)
(-179.187 0 0)
(-175.362 0 0)
(-173.763 0 0)
(-168.489 0 0)
(-159.13 0 0)
(-154.945 0 0)
(-153.765 0 0)
(-155.358 0 0)
(-160.527 0 0)
(-162.378 0 0)
(-161.279 0 0)
(-159.194 0 0)
(-153.081 0 0)
(-139.845 0 0)
(-131.302 0 0)
(-128.203 0 0)
(-128.053 0 0)
(-130.594 0 0)
(-133.156 0 0)
(-133.147 0 0)
(-131.958 0 0)
(-130.028 0 0)
(-124.977 0 0)
(-119.478 0 0)
(-116.869 0 0)
(-116.579 0 0)
(-116.423 0 0)
(-115.236 0 0)
(-110.45 0 0)
(-104.039 0 0)
(-99.7016 0 0)
(-98.981 0 0)
(-99.5605 0 0)
(-99.3163 0 0)
(-98.1461 0 0)
(-91.8045 0 0)
(-86.3423 0 0)
(-81.5564 0 0)
(-82.5362 0 0)
(-85.549 0 0)
(-87.0696 0 0)
(-88.4251 0 0)
(-80.911 0 0)
(-74.0148 0 0)
(-64.5605 0 0)
(-60.6598 0 0)
(-60.46 0 0)
(-60.8885 0 0)
(-62.4295 0 0)
(-60.5568 0 0)
(-59.8937 0 0)
(-56.4817 0 0)
(-53.481 0 0)
(-51.2333 0 0)
(-49.3985 0 0)
(-47.0503 0 0)
(-44.1712 0 0)
(-40.7447 0 0)
(-38.5983 0 0)
(-37.0101 0 0)
(-35.3946 0 0)
(-33.109 0 0)
(-30.1572 0 0)
(-28.1695 0 0)
(-27.8614 0 0)
(-32.2383 0 0)
(-36.1492 0 0)
(-34.334 0 0)
(-25.5689 0 0)
(-7.86573 0 0)
)
;

boundaryField
{
    sides
    {
        type            fixedValue;
        value           uniform (0 0 0);
    }
    empty
    {
        type            empty;
    }
}


// ************************************************************************* //
