/*--------------------------------*- C++ -*----------------------------------*\
| =========                 |                                                 |
| \\      /  F ield         | OpenFOAM: The Open Source CFD Toolbox           |
|  \\    /   O peration     | Version:  2412                                  |
|   \\  /    A nd           | Website:  www.openfoam.com                      |
|    \\/     M anipulation  |                                                 |
\*---------------------------------------------------------------------------*/
FoamFile
{
    version     2.0;
    format      ascii;
    arch        "LSB;label=32;scalar=64";
    class       volVectorField;
    location    "0.00598654";
    object      U;
}
// * * * * * * * * * * * * * * * * * * * * * * * * * * * * * * * * * * * * * //

dimensions      [0 1 -1 0 0 0 0];

internalField   nonuniform List<vector> 
100
(
(2.63805e-14 0 0)
(-5.85448e-14 0 0)
(-5.96375e-14 0 0)
(-1.64916e-13 0 0)
(-2.27436e-13 0 0)
(-1.5297e-13 0 0)
(-1.46802e-13 0 0)
(-1.72958e-13 0 0)
(-1.88269e-13 0 0)
(-1.92394e-13 0 0)
(-8.7263e-14 0 0)
(-8.15571e-14 0 0)
(-1.05681e-13 0 0)
(-5.70293e-14 0 0)
(-4.81685e-14 0 0)
(-6.99063e-14 0 0)
(7.16741e-14 0 0)
(1.058e-13 0 0)
(1.69926e-13 0 0)
(1.47339e-13 0 0)
(8.79339e-14 0 0)
(1.10674e-13 0 0)
(2.0786e-13 0 0)
(4.02553e-13 0 0)
(6.6838e-11 0 0)
(3.05468e-08 0 0)
(9.78231e-06 0 0)
(0.0016981 0 0)
(0.113826 0 0)
(2.10452 0 0)
(11.4318 0 0)
(27.9315 0 0)
(45.325 0 0)
(60.9629 0 0)
(75.2025 0 0)
(88.9312 0 0)
(102.243 0 0)
(116.115 0 0)
(128.88 0 0)
(143.735 0 0)
(155.69 0 0)
(169.852 0 0)
(183.565 0 0)
(194.505 0 0)
(208.587 0 0)
(221.832 0 0)
(237.124 0 0)
(245.915 0 0)
(258.684 0 0)
(275.669 0 0)
(286.797 0 0)
(286.195 0 0)
(278.82 0 0)
(278.327 0 0)
(287.577 0 0)
(287.55 0 0)
(280.962 0 0)
(277.325 0 0)
(279.905 0 0)
(287.847 0 0)
(287.758 0 0)
(285.271 0 0)
(279.25 0 0)
(278.303 0 0)
(279.86 0 0)
(282.613 0 0)
(284.051 0 0)
(279.692 0 0)
(276.955 0 0)
(277.656 0 0)
(278.878 0 0)
(283.138 0 0)
(285.859 0 0)
(285.221 0 0)
(280.16 0 0)
(278.214 0 0)
(283.884 0 0)
(288.255 0 0)
(248.284 0 0)
(65.4667 0 0)
(0.645366 0 0)
(0.000383184 0 0)
(4.46406e-08 0 0)
(4.65415e-12 0 0)
(-1.62248e-13 0 0)
(-6.77114e-14 0 0)
(-3.50691e-14 0 0)
(-1.06103e-13 0 0)
(-2.59684e-13 0 0)
(-2.84753e-13 0 0)
(-3.06116e-13 0 0)
(-2.67445e-13 0 0)
(-2.23512e-13 0 0)
(-2.73229e-13 0 0)
(-2.7527e-13 0 0)
(-3.73541e-13 0 0)
(-3.80888e-13 0 0)
(-3.1807e-13 0 0)
(-1.91824e-13 0 0)
(-3.5083e-14 0 0)
)
;

boundaryField
{
    sides
    {
        type            fixedValue;
        value           uniform (0 0 0);
    }
    empty
    {
        type            empty;
    }
}


// ************************************************************************* //
