/*--------------------------------*- C++ -*----------------------------------*\
| =========                 |                                                 |
| \\      /  F ield         | OpenFOAM: The Open Source CFD Toolbox           |
|  \\    /   O peration     | Version:  2412                                  |
|   \\  /    A nd           | Website:  www.openfoam.com                      |
|    \\/     M anipulation  |                                                 |
\*---------------------------------------------------------------------------*/
FoamFile
{
    version     2.0;
    format      ascii;
    arch        "LSB;label=32;scalar=64";
    class       volVectorField;
    location    "0.0348133";
    object      U;
}
// * * * * * * * * * * * * * * * * * * * * * * * * * * * * * * * * * * * * * //

dimensions      [0 1 -1 0 0 0 0];

internalField   nonuniform List<vector> 
100
(
(1.89013 0 0)
(5.8141 0 0)
(9.59169 0 0)
(13.5623 0 0)
(17.2622 0 0)
(21.353 0 0)
(24.9251 0 0)
(29.1367 0 0)
(32.6132 0 0)
(36.8255 0 0)
(40.4263 0 0)
(44.4477 0 0)
(48.319 0 0)
(52.103 0 0)
(56.1952 0 0)
(59.7868 0 0)
(63.952 0 0)
(67.5265 0 0)
(71.6807 0 0)
(75.329 0 0)
(79.4248 0 0)
(83.1568 0 0)
(87.1683 0 0)
(90.9599 0 0)
(94.9064 0 0)
(98.7318 0 0)
(102.626 0 0)
(106.451 0 0)
(110.291 0 0)
(114.097 0 0)
(117.923 0 0)
(121.748 0 0)
(125.607 0 0)
(129.425 0 0)
(133.236 0 0)
(136.968 0 0)
(140.665 0 0)
(144.39 0 0)
(147.963 0 0)
(151.475 0 0)
(155.087 0 0)
(158.479 0 0)
(104.466 0 0)
(-86.6418 0 0)
(-130.769 0 0)
(-120.554 0 0)
(-107.42 0 0)
(-104.239 0 0)
(-104.493 0 0)
(-104.435 0 0)
(-105.326 0 0)
(-105.104 0 0)
(-102.461 0 0)
(-96.2188 0 0)
(-89.9087 0 0)
(-88.1639 0 0)
(-87.1181 0 0)
(-86.7818 0 0)
(-86.4764 0 0)
(-85.8586 0 0)
(-84.1826 0 0)
(-78.8386 0 0)
(-71.9474 0 0)
(-63.4018 0 0)
(-61.7467 0 0)
(-59.4862 0 0)
(-59.8258 0 0)
(-60.3862 0 0)
(-56.3635 0 0)
(-56.7129 0 0)
(-50.1205 0 0)
(-49.8601 0 0)
(-46.8447 0 0)
(-45.6052 0 0)
(-44.0614 0 0)
(-38.4158 0 0)
(-35.5935 0 0)
(-29.9278 0 0)
(-28.0637 0 0)
(-28.2366 0 0)
(-29.0937 0 0)
(-26.1652 0 0)
(-16.0398 0 0)
(-0.736645 0 0)
(11.1736 0 0)
(12.4177 0 0)
(7.28007 0 0)
(0.252921 0 0)
(-2.66264 0 0)
(-2.71439 0 0)
(0.330629 0 0)
(3.04981 0 0)
(4.13342 0 0)
(2.39411 0 0)
(-1.02078 0 0)
(-3.71676 0 0)
(-3.70459 0 0)
(-2.31242 0 0)
(-0.0544669 0 0)
(-0.488512 0 0)
)
;

boundaryField
{
    sides
    {
        type            fixedValue;
        value           uniform (0 0 0);
    }
    empty
    {
        type            empty;
    }
}


// ************************************************************************* //
