/*--------------------------------*- C++ -*----------------------------------*\
| =========                 |                                                 |
| \\      /  F ield         | OpenFOAM: The Open Source CFD Toolbox           |
|  \\    /   O peration     | Version:  2412                                  |
|   \\  /    A nd           | Website:  www.openfoam.com                      |
|    \\/     M anipulation  |                                                 |
\*---------------------------------------------------------------------------*/
FoamFile
{
    version     2.0;
    format      ascii;
    arch        "LSB;label=32;scalar=64";
    class       volVectorField;
    location    "0.0303097";
    object      U;
}
// * * * * * * * * * * * * * * * * * * * * * * * * * * * * * * * * * * * * * //

dimensions      [0 1 -1 0 0 0 0];

internalField   nonuniform List<vector> 
100
(
(2.24864 0 0)
(6.80405 0 0)
(11.3248 0 0)
(15.9208 0 0)
(20.4209 0 0)
(25.0681 0 0)
(29.4625 0 0)
(34.2156 0 0)
(38.4894 0 0)
(43.3633 0 0)
(47.5273 0 0)
(52.3607 0 0)
(56.6393 0 0)
(61.311 0 0)
(65.8975 0 0)
(70.3753 0 0)
(75.1739 0 0)
(79.4883 0 0)
(84.362 0 0)
(88.6655 0 0)
(93.5259 0 0)
(97.8989 0 0)
(102.695 0 0)
(107.153 0 0)
(111.872 0 0)
(116.384 0 0)
(121.051 0 0)
(125.603 0 0)
(130.237 0 0)
(134.813 0 0)
(139.418 0 0)
(143.992 0 0)
(148.574 0 0)
(153.142 0 0)
(157.698 0 0)
(162.247 0 0)
(166.802 0 0)
(171.34 0 0)
(175.835 0 0)
(180.301 0 0)
(184.819 0 0)
(189.15 0 0)
(193.458 0 0)
(197.751 0 0)
(201.898 0 0)
(205.611 0 0)
(208.594 0 0)
(210.936 0 0)
(213.139 0 0)
(214.857 0 0)
(216.097 0 0)
(217.968 0 0)
(220.564 0 0)
(223.291 0 0)
(226.163 0 0)
(220.404 0 0)
(67.0851 0 0)
(-53.9479 0 0)
(-60.1941 0 0)
(-53.0216 0 0)
(-50.9077 0 0)
(-42.3711 0 0)
(-36.6352 0 0)
(-29.257 0 0)
(-29.1164 0 0)
(-25.6299 0 0)
(-21.0602 0 0)
(-15.8072 0 0)
(0.336711 0 0)
(4.12178 0 0)
(11.9173 0 0)
(8.49379 0 0)
(5.1716 0 0)
(4.68776 0 0)
(-2.09263 0 0)
(-1.81387 0 0)
(-6.26063 0 0)
(-4.58328 0 0)
(-2.63579 0 0)
(1.3508 0 0)
(4.28364 0 0)
(3.84804 0 0)
(3.25543 0 0)
(0.567752 0 0)
(-1.29636 0 0)
(-0.755797 0 0)
(0.664155 0 0)
(1.38094 0 0)
(-0.044438 0 0)
(-3.46474 0 0)
(-5.60378 0 0)
(-4.69231 0 0)
(-2.32858 0 0)
(2.14537 0 0)
(5.4225 0 0)
(5.30936 0 0)
(3.28968 0 0)
(0.13344 0 0)
(-0.837861 0 0)
(-2.1989 0 0)
)
;

boundaryField
{
    sides
    {
        type            fixedValue;
        value           uniform (0 0 0);
    }
    empty
    {
        type            empty;
    }
}


// ************************************************************************* //
