/*--------------------------------*- C++ -*----------------------------------*\
| =========                 |                                                 |
| \\      /  F ield         | OpenFOAM: The Open Source CFD Toolbox           |
|  \\    /   O peration     | Version:  2412                                  |
|   \\  /    A nd           | Website:  www.openfoam.com                      |
|    \\/     M anipulation  |                                                 |
\*---------------------------------------------------------------------------*/
FoamFile
{
    version     2.0;
    format      ascii;
    arch        "LSB;label=32;scalar=64";
    class       volVectorField;
    location    "0.000459563";
    object      U;
}
// * * * * * * * * * * * * * * * * * * * * * * * * * * * * * * * * * * * * * //

dimensions      [0 1 -1 0 0 0 0];

internalField   nonuniform List<vector> 
100
(
(1.68417e-14 0 0)
(7.17502e-14 0 0)
(-3.53363e-14 0 0)
(-5.32556e-14 0 0)
(-1.28374e-20 0 0)
(1.68417e-14 0 0)
(7.17502e-14 0 0)
(-3.53363e-14 0 0)
(-3.63855e-14 0 0)
(1.76539e-14 0 0)
(-3.74001e-21 0 0)
(-3.45241e-14 0 0)
(-1.01213e-20 0 0)
(-2.93701e-28 0 0)
(8.71668e-21 0 0)
(2.63893e-14 0 0)
(-2.63893e-14 0 0)
(-8.21094e-21 0 0)
(9.61554e-21 0 0)
(3.45241e-14 0 0)
(3.29146e-30 0 0)
(-3.45241e-14 0 0)
(-8.29138e-21 0 0)
(8.13477e-15 0 0)
(4.40432e-14 0 0)
(-4.40432e-14 0 0)
(-8.13477e-15 0 0)
(-9.1005e-22 0 0)
(1.85263e-20 0 0)
(5.32556e-14 0 0)
(4.46439e-14 0 0)
(1.62695e-14 0 0)
(-1.68417e-14 0 0)
(-7.17502e-14 0 0)
(1.95438e-14 0 0)
(5.84514e-14 0 0)
(1.05968e-14 0 0)
(-1.68701e-14 0 0)
(-7.17218e-14 0 0)
(-2.55771e-14 0 0)
(2.59152e-21 0 0)
(3.45241e-14 0 0)
(3.99214e-19 0 0)
(1.76668e-13 0 0)
(2.243e-08 0 0)
(0.000326845 0 0)
(0.142692 0 0)
(7.98877 0 0)
(54.1924 0 0)
(156.99 0 0)
(247.684 0 0)
(261.619 0 0)
(96.6412 0 0)
(1.80555 0 0)
(0.00130135 0 0)
(7.53203e-08 0 0)
(3.21917e-12 0 0)
(9.41948e-17 0 0)
(2.23915e-14 0 0)
(9.18875e-21 0 0)
(-1.52698e-14 0 0)
(3.05149e-14 0 0)
(1.42433e-14 0 0)
(-7.12154e-15 0 0)
(2.36536e-15 0 0)
(-3.23545e-14 0 0)
(2.28674e-14 0 0)
(1.42432e-14 0 0)
(-7.12159e-15 0 0)
(2.48379e-17 0 0)
(-2.23915e-14 0 0)
(-1.4769e-14 0 0)
(-2.23915e-14 0 0)
(2.18906e-14 0 0)
(1.52699e-14 0 0)
(3.17485e-20 0 0)
(3.14399e-21 0 0)
(2.44722e-20 0 0)
(7.83261e-15 0 0)
(-7.83261e-15 0 0)
(1.33273e-20 0 0)
(9.27688e-15 0 0)
(-9.27686e-15 0 0)
(7.83258e-15 0 0)
(-7.83261e-15 0 0)
(1.33272e-20 0 0)
(9.27688e-15 0 0)
(-9.27686e-15 0 0)
(7.83254e-15 0 0)
(-3.02241e-14 0 0)
(-1.4769e-14 0 0)
(1.4769e-14 0 0)
(7.62252e-15 0 0)
(-1.70314e-20 0 0)
(-2.23915e-14 0 0)
(1.47689e-14 0 0)
(3.53026e-20 0 0)
(7.6225e-15 0 0)
(-1.64978e-20 0 0)
(-2.23914e-14 0 0)
)
;

boundaryField
{
    sides
    {
        type            fixedValue;
        value           uniform (0 0 0);
    }
    empty
    {
        type            empty;
    }
}


// ************************************************************************* //
