/*--------------------------------*- C++ -*----------------------------------*\
| =========                 |                                                 |
| \\      /  F ield         | OpenFOAM: The Open Source CFD Toolbox           |
|  \\    /   O peration     | Version:  2412                                  |
|   \\  /    A nd           | Website:  www.openfoam.com                      |
|    \\/     M anipulation  |                                                 |
\*---------------------------------------------------------------------------*/
FoamFile
{
    version     2.0;
    format      ascii;
    arch        "LSB;label=32;scalar=64";
    class       volVectorField;
    location    "0.00649239";
    object      U;
}
// * * * * * * * * * * * * * * * * * * * * * * * * * * * * * * * * * * * * * //

dimensions      [0 1 -1 0 0 0 0];

internalField   nonuniform List<vector> 
100
(
(-1.04496e-13 0 0)
(-2.38759e-13 0 0)
(-1.744e-13 0 0)
(-5.01119e-14 0 0)
(-1.04688e-13 0 0)
(-1.28263e-13 0 0)
(-2.12411e-13 0 0)
(-1.6474e-13 0 0)
(-9.81253e-14 0 0)
(-1.59768e-13 0 0)
(-1.77325e-13 0 0)
(-1.38932e-13 0 0)
(-1.21893e-13 0 0)
(-5.70576e-14 0 0)
(-3.99438e-14 0 0)
(7.74509e-14 0 0)
(1.20859e-13 0 0)
(1.13997e-13 0 0)
(1.61687e-13 0 0)
(1.30848e-13 0 0)
(1.28959e-13 0 0)
(1.43593e-13 0 0)
(5.39027e-12 0 0)
(2.60115e-09 0 0)
(9.86058e-07 0 0)
(0.000227906 0 0)
(0.0234287 0 0)
(0.744949 0 0)
(6.33819 0 0)
(20.1237 0 0)
(36.9596 0 0)
(52.4241 0 0)
(66.1751 0 0)
(79.0649 0 0)
(91.5517 0 0)
(104.166 0 0)
(116.34 0 0)
(129.53 0 0)
(141.019 0 0)
(154.928 0 0)
(166.115 0 0)
(178.243 0 0)
(191.753 0 0)
(202.039 0 0)
(214.502 0 0)
(226.448 0 0)
(241.186 0 0)
(253.292 0 0)
(260.577 0 0)
(269.893 0 0)
(285.195 0 0)
(291.192 0 0)
(286.045 0 0)
(277.837 0 0)
(277.618 0 0)
(287.88 0 0)
(288.041 0 0)
(282.515 0 0)
(277.266 0 0)
(277.911 0 0)
(286.74 0 0)
(287.118 0 0)
(286.508 0 0)
(280.264 0 0)
(278.653 0 0)
(280.16 0 0)
(280.869 0 0)
(282.409 0 0)
(284.574 0 0)
(282.749 0 0)
(277.789 0 0)
(277.195 0 0)
(277.448 0 0)
(278.513 0 0)
(283.334 0 0)
(285.403 0 0)
(284.191 0 0)
(280.786 0 0)
(281.696 0 0)
(288.545 0 0)
(278.01 0 0)
(157.504 0 0)
(7.35196 0 0)
(0.0133778 0 0)
(3.02572e-06 0 0)
(2.48306e-10 0 0)
(-1.37715e-13 0 0)
(-2.13541e-13 0 0)
(-2.31243e-13 0 0)
(-1.91483e-13 0 0)
(-1.69757e-13 0 0)
(-2.81838e-13 0 0)
(-3.59911e-13 0 0)
(-3.73696e-13 0 0)
(-3.10899e-13 0 0)
(-2.80216e-13 0 0)
(-2.87711e-13 0 0)
(-1.95992e-13 0 0)
(-6.25607e-14 0 0)
(-4.93849e-14 0 0)
)
;

boundaryField
{
    sides
    {
        type            fixedValue;
        value           uniform (0 0 0);
    }
    empty
    {
        type            empty;
    }
}


// ************************************************************************* //
