/*--------------------------------*- C++ -*----------------------------------*\
| =========                 |                                                 |
| \\      /  F ield         | OpenFOAM: The Open Source CFD Toolbox           |
|  \\    /   O peration     | Version:  2412                                  |
|   \\  /    A nd           | Website:  www.openfoam.com                      |
|    \\/     M anipulation  |                                                 |
\*---------------------------------------------------------------------------*/
FoamFile
{
    version     2.0;
    format      ascii;
    arch        "LSB;label=32;scalar=64";
    class       volVectorField;
    location    "0.0177871";
    object      U;
}
// * * * * * * * * * * * * * * * * * * * * * * * * * * * * * * * * * * * * * //

dimensions      [0 1 -1 0 0 0 0];

internalField   nonuniform List<vector> 
100
(
(3.96562 0 0)
(12.6002 0 0)
(21.3704 0 0)
(30.2381 0 0)
(40.2739 0 0)
(51.4491 0 0)
(63.9692 0 0)
(76.8713 0 0)
(88.5634 0 0)
(98.0781 0 0)
(105.802 0 0)
(110.777 0 0)
(114.5 0 0)
(118.334 0 0)
(122.722 0 0)
(127.581 0 0)
(132.473 0 0)
(137.398 0 0)
(142.021 0 0)
(146.948 0 0)
(151.354 0 0)
(156.438 0 0)
(160.727 0 0)
(165.83 0 0)
(170.302 0 0)
(175.104 0 0)
(179.915 0 0)
(184.384 0 0)
(189.338 0 0)
(193.699 0 0)
(198.73 0 0)
(203.082 0 0)
(208.07 0 0)
(212.578 0 0)
(217.53 0 0)
(222.108 0 0)
(226.958 0 0)
(231.663 0 0)
(236.508 0 0)
(241.237 0 0)
(245.942 0 0)
(250.597 0 0)
(255.357 0 0)
(260.095 0 0)
(264.541 0 0)
(268.762 0 0)
(273.404 0 0)
(277.46 0 0)
(280.395 0 0)
(283.041 0 0)
(284.515 0 0)
(284.479 0 0)
(284.254 0 0)
(282.784 0 0)
(281.419 0 0)
(282.034 0 0)
(285.971 0 0)
(287.139 0 0)
(279.802 0 0)
(277.39 0 0)
(282.561 0 0)
(289.96 0 0)
(289.384 0 0)
(276.078 0 0)
(274.222 0 0)
(283.705 0 0)
(292.239 0 0)
(289.894 0 0)
(274.378 0 0)
(274.006 0 0)
(281.287 0 0)
(291.731 0 0)
(290.931 0 0)
(277.059 0 0)
(273.753 0 0)
(276.847 0 0)
(289.395 0 0)
(288.81 0 0)
(284.374 0 0)
(274.764 0 0)
(276.459 0 0)
(278.794 0 0)
(224.952 0 0)
(59.8567 0 0)
(2.06794 0 0)
(18.4147 0 0)
(33.9043 0 0)
(17.3279 0 0)
(7.09824 0 0)
(5.40159 0 0)
(3.13724 0 0)
(10.2007 0 0)
(16.4519 0 0)
(19.0228 0 0)
(19.6054 0 0)
(20.8729 0 0)
(22.7212 0 0)
(22.1885 0 0)
(19.6799 0 0)
(6.42419 0 0)
)
;

boundaryField
{
    sides
    {
        type            fixedValue;
        value           uniform (0 0 0);
    }
    empty
    {
        type            empty;
    }
}


// ************************************************************************* //
