/*--------------------------------*- C++ -*----------------------------------*\
| =========                 |                                                 |
| \\      /  F ield         | OpenFOAM: The Open Source CFD Toolbox           |
|  \\    /   O peration     | Version:  2412                                  |
|   \\  /    A nd           | Website:  www.openfoam.com                      |
|    \\/     M anipulation  |                                                 |
\*---------------------------------------------------------------------------*/
FoamFile
{
    version     2.0;
    format      ascii;
    arch        "LSB;label=32;scalar=64";
    class       volVectorField;
    location    "0.0452787";
    object      U;
}
// * * * * * * * * * * * * * * * * * * * * * * * * * * * * * * * * * * * * * //

dimensions      [0 1 -1 0 0 0 0];

internalField   nonuniform List<vector> 
100
(
(1.8713 0 0)
(4.27184 0 0)
(-51.999 0 0)
(-211.095 0 0)
(-244.977 0 0)
(-240.151 0 0)
(-235.996 0 0)
(-241.817 0 0)
(-248.767 0 0)
(-247.8 0 0)
(-245.882 0 0)
(-242.32 0 0)
(-228.98 0 0)
(-211.854 0 0)
(-205.794 0 0)
(-204.06 0 0)
(-203.042 0 0)
(-208.53 0 0)
(-219.291 0 0)
(-221.618 0 0)
(-220.079 0 0)
(-217.919 0 0)
(-211.073 0 0)
(-203.13 0 0)
(-199.815 0 0)
(-198.667 0 0)
(-200.121 0 0)
(-202.077 0 0)
(-200.997 0 0)
(-197.95 0 0)
(-190.062 0 0)
(-183.143 0 0)
(-180.64 0 0)
(-180.907 0 0)
(-185.158 0 0)
(-186.644 0 0)
(-185.08 0 0)
(-180.06 0 0)
(-170.455 0 0)
(-164.973 0 0)
(-163.137 0 0)
(-165.952 0 0)
(-175.318 0 0)
(-178.448 0 0)
(-177.042 0 0)
(-172.42 0 0)
(-159.499 0 0)
(-147.401 0 0)
(-142.863 0 0)
(-141.431 0 0)
(-142.321 0 0)
(-147.759 0 0)
(-151.423 0 0)
(-151.073 0 0)
(-149.496 0 0)
(-146.233 0 0)
(-142.229 0 0)
(-139.641 0 0)
(-137.75 0 0)
(-134.435 0 0)
(-129.951 0 0)
(-126.879 0 0)
(-125.807 0 0)
(-125.978 0 0)
(-126.251 0 0)
(-125.227 0 0)
(-121.974 0 0)
(-115.995 0 0)
(-111.963 0 0)
(-110.242 0 0)
(-115.604 0 0)
(-127.107 0 0)
(-131.673 0 0)
(-130.946 0 0)
(-126.423 0 0)
(-116.66 0 0)
(-97.102 0 0)
(-82.9743 0 0)
(-73.2319 0 0)
(-69.4319 0 0)
(-65.8665 0 0)
(-62.0345 0 0)
(-60.3119 0 0)
(-57.9256 0 0)
(-57.7949 0 0)
(-56.1406 0 0)
(-54.273 0 0)
(-50.6939 0 0)
(-46.3088 0 0)
(-40.3532 0 0)
(-34.7562 0 0)
(-29.8908 0 0)
(-26.0664 0 0)
(-22.1967 0 0)
(-20.0954 0 0)
(-18.0464 0 0)
(-14.9647 0 0)
(-11.4487 0 0)
(-7.03443 0 0)
(-2.7026 0 0)
)
;

boundaryField
{
    sides
    {
        type            fixedValue;
        value           uniform (0 0 0);
    }
    empty
    {
        type            empty;
    }
}


// ************************************************************************* //
