/*--------------------------------*- C++ -*----------------------------------*\
| =========                 |                                                 |
| \\      /  F ield         | OpenFOAM: The Open Source CFD Toolbox           |
|  \\    /   O peration     | Version:  2412                                  |
|   \\  /    A nd           | Website:  www.openfoam.com                      |
|    \\/     M anipulation  |                                                 |
\*---------------------------------------------------------------------------*/
FoamFile
{
    version     2.0;
    format      ascii;
    arch        "LSB;label=32;scalar=64";
    class       volVectorField;
    location    "0.0476003";
    object      U;
}
// * * * * * * * * * * * * * * * * * * * * * * * * * * * * * * * * * * * * * //

dimensions      [0 1 -1 0 0 0 0];

internalField   nonuniform List<vector> 
100
(
(42.2473 0 0)
(62.7821 0 0)
(43.2165 0 0)
(-74.9257 0 0)
(-225.001 0 0)
(-241.735 0 0)
(-250.826 0 0)
(-249.717 0 0)
(-247.851 0 0)
(-243.285 0 0)
(-233.926 0 0)
(-227.687 0 0)
(-225.862 0 0)
(-225.302 0 0)
(-228.919 0 0)
(-230.914 0 0)
(-229.761 0 0)
(-227.196 0 0)
(-218.5 0 0)
(-211.17 0 0)
(-208.617 0 0)
(-208.515 0 0)
(-213.199 0 0)
(-216.372 0 0)
(-215.091 0 0)
(-211.973 0 0)
(-202.169 0 0)
(-193.965 0 0)
(-191.039 0 0)
(-190.955 0 0)
(-199.806 0 0)
(-208.323 0 0)
(-208.173 0 0)
(-205.947 0 0)
(-197.817 0 0)
(-180.703 0 0)
(-171.523 0 0)
(-168.522 0 0)
(-167.555 0 0)
(-169.245 0 0)
(-177.461 0 0)
(-181.586 0 0)
(-180.78 0 0)
(-178.868 0 0)
(-175.135 0 0)
(-171.12 0 0)
(-168.603 0 0)
(-166.665 0 0)
(-163.108 0 0)
(-158.508 0 0)
(-155.658 0 0)
(-154.531 0 0)
(-154.916 0 0)
(-156.201 0 0)
(-155.707 0 0)
(-153.464 0 0)
(-147.986 0 0)
(-142.168 0 0)
(-139.642 0 0)
(-140.862 0 0)
(-153.38 0 0)
(-163.727 0 0)
(-164.301 0 0)
(-162.562 0 0)
(-157.345 0 0)
(-140.837 0 0)
(-120.301 0 0)
(-108.314 0 0)
(-102.76 0 0)
(-98.5507 0 0)
(-95.8547 0 0)
(-92.1104 0 0)
(-89.4244 0 0)
(-87.517 0 0)
(-86.92 0 0)
(-86.0573 0 0)
(-84.5864 0 0)
(-83.9618 0 0)
(-79.9246 0 0)
(-75.9301 0 0)
(-68.7244 0 0)
(-63.7124 0 0)
(-59.0771 0 0)
(-54.9371 0 0)
(-52.7872 0 0)
(-50.6704 0 0)
(-50.1017 0 0)
(-47.4043 0 0)
(-43.8629 0 0)
(-39.3694 0 0)
(-35.4821 0 0)
(-31.3676 0 0)
(-27.4952 0 0)
(-23.2346 0 0)
(-19.6089 0 0)
(-16.1092 0 0)
(-12.2513 0 0)
(-8.96406 0 0)
(-5.0865 0 0)
(-1.97951 0 0)
)
;

boundaryField
{
    sides
    {
        type            fixedValue;
        value           uniform (0 0 0);
    }
    empty
    {
        type            empty;
    }
}


// ************************************************************************* //
