/*--------------------------------*- C++ -*----------------------------------*\
| =========                 |                                                 |
| \\      /  F ield         | OpenFOAM: The Open Source CFD Toolbox           |
|  \\    /   O peration     | Version:  2412                                  |
|   \\  /    A nd           | Website:  www.openfoam.com                      |
|    \\/     M anipulation  |                                                 |
\*---------------------------------------------------------------------------*/
FoamFile
{
    version     2.0;
    format      ascii;
    arch        "LSB;label=32;scalar=64";
    class       volVectorField;
    location    "0.0359797";
    object      U;
}
// * * * * * * * * * * * * * * * * * * * * * * * * * * * * * * * * * * * * * //

dimensions      [0 1 -1 0 0 0 0];

internalField   nonuniform List<vector> 
100
(
(1.81918 0 0)
(5.63529 0 0)
(9.25742 0 0)
(13.1182 0 0)
(16.6409 0 0)
(20.6145 0 0)
(24.018 0 0)
(28.0896 0 0)
(31.4332 0 0)
(35.4727 0 0)
(38.967 0 0)
(42.7904 0 0)
(46.5753 0 0)
(50.167 0 0)
(54.1431 0 0)
(57.5733 0 0)
(61.5932 0 0)
(65.0136 0 0)
(69.001 0 0)
(72.5001 0 0)
(76.4087 0 0)
(79.9916 0 0)
(83.8276 0 0)
(87.4733 0 0)
(91.2532 0 0)
(94.9276 0 0)
(98.6627 0 0)
(102.352 0 0)
(106.075 0 0)
(109.778 0 0)
(113.495 0 0)
(117.153 0 0)
(120.789 0 0)
(124.334 0 0)
(127.846 0 0)
(131.372 0 0)
(135.113 0 0)
(138.9 0 0)
(104.921 0 0)
(-85.1779 0 0)
(-141.533 0 0)
(-136.087 0 0)
(-123.738 0 0)
(-121.262 0 0)
(-125.048 0 0)
(-126.849 0 0)
(-125.964 0 0)
(-122.619 0 0)
(-115.722 0 0)
(-109.475 0 0)
(-107.055 0 0)
(-106.676 0 0)
(-106.859 0 0)
(-107.27 0 0)
(-107.265 0 0)
(-106.282 0 0)
(-101.172 0 0)
(-93.02 0 0)
(-84.3582 0 0)
(-80.1788 0 0)
(-79.6757 0 0)
(-79.8291 0 0)
(-80.5344 0 0)
(-78.321 0 0)
(-78.7695 0 0)
(-74.3766 0 0)
(-71.4275 0 0)
(-68.4985 0 0)
(-64.8794 0 0)
(-64.4916 0 0)
(-59.7588 0 0)
(-59.0344 0 0)
(-52.5101 0 0)
(-48.1222 0 0)
(-46.5358 0 0)
(-46.4989 0 0)
(-48.7958 0 0)
(-44.6187 0 0)
(-38.8538 0 0)
(-32.3094 0 0)
(-29.7239 0 0)
(-30.8502 0 0)
(-34.1158 0 0)
(-36.6228 0 0)
(-32.6848 0 0)
(-24.4087 0 0)
(-12.0507 0 0)
(4.66501 0 0)
(12.1724 0 0)
(12.2435 0 0)
(9.42962 0 0)
(6.28579 0 0)
(0.733284 0 0)
(-3.10888 0 0)
(-3.68708 0 0)
(-2.48388 0 0)
(-0.301483 0 0)
(-0.0411729 0 0)
(0.665254 0 0)
(-0.820944 0 0)
)
;

boundaryField
{
    sides
    {
        type            fixedValue;
        value           uniform (0 0 0);
    }
    empty
    {
        type            empty;
    }
}


// ************************************************************************* //
