/*--------------------------------*- C++ -*----------------------------------*\
| =========                 |                                                 |
| \\      /  F ield         | OpenFOAM: The Open Source CFD Toolbox           |
|  \\    /   O peration     | Version:  2412                                  |
|   \\  /    A nd           | Website:  www.openfoam.com                      |
|    \\/     M anipulation  |                                                 |
\*---------------------------------------------------------------------------*/
FoamFile
{
    version     2.0;
    format      ascii;
    arch        "LSB;label=32;scalar=64";
    class       volVectorField;
    location    "0.0523227";
    object      U;
}
// * * * * * * * * * * * * * * * * * * * * * * * * * * * * * * * * * * * * * //

dimensions      [0 1 -1 0 0 0 0];

internalField   nonuniform List<vector> 
100
(
(9.57516 0 0)
(0.995994 0 0)
(-1.54849 0 0)
(-6.17194 0 0)
(-3.24618 0 0)
(2.61207 0 0)
(9.92578 0 0)
(6.54364 0 0)
(-1.78186 0 0)
(-12.4941 0 0)
(-20.7265 0 0)
(-19.582 0 0)
(-6.11176 0 0)
(13.6105 0 0)
(7.33161 0 0)
(-96.8238 0 0)
(-229.421 0 0)
(-239.9 0 0)
(-237.386 0 0)
(-233.929 0 0)
(-228.375 0 0)
(-223.874 0 0)
(-221.918 0 0)
(-220.091 0 0)
(-216.362 0 0)
(-211.333 0 0)
(-208.629 0 0)
(-207.433 0 0)
(-207.058 0 0)
(-210.605 0 0)
(-211.922 0 0)
(-210.746 0 0)
(-207.622 0 0)
(-200.262 0 0)
(-194.13 0 0)
(-192.188 0 0)
(-195.392 0 0)
(-216.006 0 0)
(-225.603 0 0)
(-224.954 0 0)
(-223.019 0 0)
(-219.191 0 0)
(-202.53 0 0)
(-174.415 0 0)
(-160.437 0 0)
(-156.152 0 0)
(-154.551 0 0)
(-153.364 0 0)
(-151.112 0 0)
(-147.27 0 0)
(-143.072 0 0)
(-140.721 0 0)
(-139.737 0 0)
(-138.909 0 0)
(-138.692 0 0)
(-139.151 0 0)
(-139.272 0 0)
(-138.622 0 0)
(-137.258 0 0)
(-133.496 0 0)
(-124.925 0 0)
(-116.198 0 0)
(-110.662 0 0)
(-107.144 0 0)
(-105.025 0 0)
(-104.203 0 0)
(-103.595 0 0)
(-103.195 0 0)
(-102.56 0 0)
(-100.431 0 0)
(-96.3514 0 0)
(-90.7231 0 0)
(-86.2542 0 0)
(-82.1948 0 0)
(-79.6374 0 0)
(-76.6402 0 0)
(-73.8603 0 0)
(-70.6848 0 0)
(-67.4108 0 0)
(-64.4807 0 0)
(-60.2757 0 0)
(-57.7046 0 0)
(-54.1742 0 0)
(-51.7501 0 0)
(-48.586 0 0)
(-45.5307 0 0)
(-42.8647 0 0)
(-39.1094 0 0)
(-36.5229 0 0)
(-32.7314 0 0)
(-29.5179 0 0)
(-25.6736 0 0)
(-22.6025 0 0)
(-19.5102 0 0)
(-16.8584 0 0)
(-14.3208 0 0)
(-11.458 0 0)
(-8.68364 0 0)
(-5.03384 0 0)
(-1.82868 0 0)
)
;

boundaryField
{
    sides
    {
        type            fixedValue;
        value           uniform (0 0 0);
    }
    empty
    {
        type            empty;
    }
}


// ************************************************************************* //
