/*--------------------------------*- C++ -*----------------------------------*\
| =========                 |                                                 |
| \\      /  F ield         | OpenFOAM: The Open Source CFD Toolbox           |
|  \\    /   O peration     | Version:  2412                                  |
|   \\  /    A nd           | Website:  www.openfoam.com                      |
|    \\/     M anipulation  |                                                 |
\*---------------------------------------------------------------------------*/
FoamFile
{
    version     2.0;
    format      ascii;
    arch        "LSB;label=32;scalar=64";
    class       volVectorField;
    location    "0.0459686";
    object      U;
}
// * * * * * * * * * * * * * * * * * * * * * * * * * * * * * * * * * * * * * //

dimensions      [0 1 -1 0 0 0 0];

internalField   nonuniform List<vector> 
100
(
(-177.464 0 0)
(-260.224 0 0)
(-252.076 0 0)
(-249.14 0 0)
(-255.475 0 0)
(-257.122 0 0)
(-255.686 0 0)
(-252.708 0 0)
(-242.382 0 0)
(-222.376 0 0)
(-214.121 0 0)
(-211.64 0 0)
(-210.484 0 0)
(-212.518 0 0)
(-224.413 0 0)
(-230.433 0 0)
(-229.364 0 0)
(-227.669 0 0)
(-222.651 0 0)
(-213.816 0 0)
(-209.047 0 0)
(-207.546 0 0)
(-207.778 0 0)
(-210.841 0 0)
(-210.888 0 0)
(-209.086 0 0)
(-203.53 0 0)
(-194.469 0 0)
(-190.048 0 0)
(-188.605 0 0)
(-190.977 0 0)
(-195.07 0 0)
(-194.73 0 0)
(-192.381 0 0)
(-184.994 0 0)
(-175.925 0 0)
(-172.317 0 0)
(-171.573 0 0)
(-177.896 0 0)
(-186.557 0 0)
(-187.252 0 0)
(-185.104 0 0)
(-178.105 0 0)
(-162.82 0 0)
(-153.502 0 0)
(-150.17 0 0)
(-149.349 0 0)
(-151.485 0 0)
(-158.041 0 0)
(-160.725 0 0)
(-159.917 0 0)
(-157.978 0 0)
(-154.177 0 0)
(-150.377 0 0)
(-148.168 0 0)
(-146.102 0 0)
(-142.288 0 0)
(-137.903 0 0)
(-135.381 0 0)
(-134.623 0 0)
(-135.058 0 0)
(-135.438 0 0)
(-134.203 0 0)
(-130.448 0 0)
(-124.479 0 0)
(-120.468 0 0)
(-119.446 0 0)
(-125.202 0 0)
(-137.825 0 0)
(-141.566 0 0)
(-141.14 0 0)
(-136.534 0 0)
(-125.845 0 0)
(-105.718 0 0)
(-91.0526 0 0)
(-83.6817 0 0)
(-77.3368 0 0)
(-75.8003 0 0)
(-72.0439 0 0)
(-69.3462 0 0)
(-66.8855 0 0)
(-65.828 0 0)
(-65.6048 0 0)
(-63.8372 0 0)
(-61.5247 0 0)
(-56.2924 0 0)
(-51.7446 0 0)
(-45.939 0 0)
(-40.7293 0 0)
(-35.9826 0 0)
(-33.0583 0 0)
(-30.4079 0 0)
(-28.2882 0 0)
(-26.229 0 0)
(-23.1459 0 0)
(-19.1323 0 0)
(-14.4172 0 0)
(-10.419 0 0)
(-5.80478 0 0)
(-2.08058 0 0)
)
;

boundaryField
{
    sides
    {
        type            fixedValue;
        value           uniform (0 0 0);
    }
    empty
    {
        type            empty;
    }
}


// ************************************************************************* //
