/*--------------------------------*- C++ -*----------------------------------*\
| =========                 |                                                 |
| \\      /  F ield         | OpenFOAM: The Open Source CFD Toolbox           |
|  \\    /   O peration     | Version:  2412                                  |
|   \\  /    A nd           | Website:  www.openfoam.com                      |
|    \\/     M anipulation  |                                                 |
\*---------------------------------------------------------------------------*/
FoamFile
{
    version     2.0;
    format      ascii;
    arch        "LSB;label=32;scalar=64";
    class       volVectorField;
    location    "0.00237836";
    object      U;
}
// * * * * * * * * * * * * * * * * * * * * * * * * * * * * * * * * * * * * * //

dimensions      [0 1 -1 0 0 0 0];

internalField   nonuniform List<vector> 
100
(
(-6.59716e-15 0 0)
(-9.50586e-15 0 0)
(1.20779e-14 0 0)
(3.6418e-14 0 0)
(6.42446e-14 0 0)
(2.52926e-14 0 0)
(6.06348e-15 0 0)
(-4.27672e-14 0 0)
(-3.75036e-15 0 0)
(4.11352e-14 0 0)
(4.52244e-17 0 0)
(-4.17215e-14 0 0)
(-1.64252e-14 0 0)
(-9.01077e-15 0 0)
(3.21461e-14 0 0)
(9.84725e-14 0 0)
(-3.39744e-14 0 0)
(-3.15426e-14 0 0)
(-2.44639e-14 0 0)
(1.75647e-14 0 0)
(-3.96933e-14 0 0)
(-8.85809e-14 0 0)
(-1.58626e-14 0 0)
(6.29588e-14 0 0)
(1.32077e-13 0 0)
(8.46309e-14 0 0)
(1.03348e-13 0 0)
(8.68937e-14 0 0)
(3.96561e-14 0 0)
(2.95001e-14 0 0)
(7.83392e-14 0 0)
(9.63248e-14 0 0)
(9.51337e-14 0 0)
(4.94933e-14 0 0)
(-1.26435e-14 0 0)
(9.24469e-13 0 0)
(8.21273e-10 0 0)
(4.54854e-07 0 0)
(0.00014457 0 0)
(0.0199369 0 0)
(0.84285 0 0)
(8.92178 0 0)
(32.236 0 0)
(64.6042 0 0)
(95.211 0 0)
(130.33 0 0)
(156.997 0 0)
(187.431 0 0)
(226.218 0 0)
(242.985 0 0)
(273.271 0 0)
(294.247 0 0)
(291.034 0 0)
(278.166 0 0)
(274.93 0 0)
(273.617 0 0)
(274.871 0 0)
(281.431 0 0)
(291.29 0 0)
(302.426 0 0)
(284.914 0 0)
(135.098 0 0)
(3.67736 0 0)
(0.00435549 0 0)
(7.72913e-07 0 0)
(6.87918e-11 0 0)
(-9.34612e-14 0 0)
(-1.40856e-14 0 0)
(2.77132e-14 0 0)
(8.36278e-14 0 0)
(4.09264e-14 0 0)
(-2.25753e-14 0 0)
(-1.12193e-13 0 0)
(-1.91022e-14 0 0)
(7.72175e-14 0 0)
(4.87481e-14 0 0)
(-6.97461e-14 0 0)
(-3.49014e-14 0 0)
(7.65241e-16 0 0)
(3.35737e-14 0 0)
(4.94573e-14 0 0)
(-8.06497e-14 0 0)
(-5.07981e-14 0 0)
(-7.39928e-15 0 0)
(5.45583e-14 0 0)
(6.31263e-14 0 0)
(-1.43256e-13 0 0)
(-8.63389e-14 0 0)
(-2.06197e-14 0 0)
(-1.22073e-13 0 0)
(-2.53429e-13 0 0)
(-2.1609e-13 0 0)
(5.74462e-14 0 0)
(1.88569e-13 0 0)
(1.20691e-14 0 0)
(-8.33892e-14 0 0)
(-8.32351e-14 0 0)
(4.25321e-14 0 0)
(1.39171e-14 0 0)
(-5.75457e-14 0 0)
)
;

boundaryField
{
    sides
    {
        type            fixedValue;
        value           uniform (0 0 0);
    }
    empty
    {
        type            empty;
    }
}


// ************************************************************************* //
