/*--------------------------------*- C++ -*----------------------------------*\
| =========                 |                                                 |
| \\      /  F ield         | OpenFOAM: The Open Source CFD Toolbox           |
|  \\    /   O peration     | Version:  2412                                  |
|   \\  /    A nd           | Website:  www.openfoam.com                      |
|    \\/     M anipulation  |                                                 |
\*---------------------------------------------------------------------------*/
FoamFile
{
    version     2.0;
    format      ascii;
    arch        "LSB;label=32;scalar=64";
    class       volVectorField;
    location    "0.0324416";
    object      U;
}
// * * * * * * * * * * * * * * * * * * * * * * * * * * * * * * * * * * * * * //

dimensions      [0 1 -1 0 0 0 0];

internalField   nonuniform List<vector> 
100
(
(2.07227 0 0)
(6.29605 0 0)
(10.4407 0 0)
(14.7036 0 0)
(18.7844 0 0)
(23.1129 0 0)
(27.0643 0 0)
(31.5304 0 0)
(35.3708 0 0)
(39.9249 0 0)
(43.7876 0 0)
(48.2647 0 0)
(52.3636 0 0)
(56.5932 0 0)
(60.9552 0 0)
(64.9728 0 0)
(69.4586 0 0)
(73.3682 0 0)
(77.8729 0 0)
(81.8071 0 0)
(86.2375 0 0)
(90.2577 0 0)
(94.6287 0 0)
(98.7451 0 0)
(103.079 0 0)
(107.258 0 0)
(111.542 0 0)
(115.742 0 0)
(119.99 0 0)
(124.197 0 0)
(128.421 0 0)
(132.626 0 0)
(136.83 0 0)
(141.022 0 0)
(145.223 0 0)
(149.406 0 0)
(153.603 0 0)
(157.696 0 0)
(161.77 0 0)
(165.855 0 0)
(169.762 0 0)
(173.644 0 0)
(177.477 0 0)
(180.962 0 0)
(183.958 0 0)
(186.283 0 0)
(188.05 0 0)
(190.067 0 0)
(192.285 0 0)
(184.11 0 0)
(19.917 0 0)
(-92.3584 0 0)
(-96.5447 0 0)
(-83.6272 0 0)
(-75.9746 0 0)
(-72.4469 0 0)
(-67.6466 0 0)
(-63.616 0 0)
(-62.1362 0 0)
(-61.3303 0 0)
(-61.14 0 0)
(-57.6881 0 0)
(-55.6116 0 0)
(-48.5121 0 0)
(-47.5111 0 0)
(-45.809 0 0)
(-45.3909 0 0)
(-44.8317 0 0)
(-38.5767 0 0)
(-40.8496 0 0)
(-34.4201 0 0)
(-30.83 0 0)
(-24.397 0 0)
(-18.3982 0 0)
(-14.3229 0 0)
(-1.22557 0 0)
(4.94233 0 0)
(8.36059 0 0)
(7.12147 0 0)
(4.72765 0 0)
(1.16868 0 0)
(-1.52824 0 0)
(-1.80704 0 0)
(-1.68149 0 0)
(-0.609232 0 0)
(1.13982 0 0)
(1.14051 0 0)
(0.695231 0 0)
(-2.12859 0 0)
(-2.42522 0 0)
(-0.207612 0 0)
(3.22653 0 0)
(3.39171 0 0)
(2.40766 0 0)
(0.932104 0 0)
(-2.77978 0 0)
(-4.27257 0 0)
(-4.93052 0 0)
(-3.70774 0 0)
(-3.18092 0 0)
)
;

boundaryField
{
    sides
    {
        type            fixedValue;
        value           uniform (0 0 0);
    }
    empty
    {
        type            empty;
    }
}


// ************************************************************************* //
