/*--------------------------------*- C++ -*----------------------------------*\
| =========                 |                                                 |
| \\      /  F ield         | OpenFOAM: The Open Source CFD Toolbox           |
|  \\    /   O peration     | Version:  2412                                  |
|   \\  /    A nd           | Website:  www.openfoam.com                      |
|    \\/     M anipulation  |                                                 |
\*---------------------------------------------------------------------------*/
FoamFile
{
    version     2.0;
    format      ascii;
    arch        "LSB;label=32;scalar=64";
    class       volVectorField;
    location    "0.0396575";
    object      U;
}
// * * * * * * * * * * * * * * * * * * * * * * * * * * * * * * * * * * * * * //

dimensions      [0 1 -1 0 0 0 0];

internalField   nonuniform List<vector> 
100
(
(1.5562 0 0)
(4.66204 0 0)
(7.87082 0 0)
(11.1625 0 0)
(14.5686 0 0)
(18.0425 0 0)
(21.5271 0 0)
(24.9968 0 0)
(28.42 0 0)
(31.7571 0 0)
(35.0064 0 0)
(38.2257 0 0)
(41.4947 0 0)
(44.775 0 0)
(48.099 0 0)
(51.4513 0 0)
(54.812 0 0)
(58.175 0 0)
(61.5392 0 0)
(64.8945 0 0)
(68.2416 0 0)
(71.5597 0 0)
(74.9024 0 0)
(78.6243 0 0)
(81.7887 0 0)
(35.5574 0 0)
(-145.294 0 0)
(-191.615 0 0)
(-188.933 0 0)
(-182.194 0 0)
(-178.762 0 0)
(-172.986 0 0)
(-164.27 0 0)
(-160.702 0 0)
(-159.811 0 0)
(-162.684 0 0)
(-168.527 0 0)
(-169.611 0 0)
(-168.193 0 0)
(-165.609 0 0)
(-158.344 0 0)
(-144.345 0 0)
(-136.924 0 0)
(-134.388 0 0)
(-134.55 0 0)
(-137.723 0 0)
(-140.487 0 0)
(-140.343 0 0)
(-139.067 0 0)
(-136.87 0 0)
(-131.541 0 0)
(-126.047 0 0)
(-123.727 0 0)
(-123.595 0 0)
(-123.571 0 0)
(-122.272 0 0)
(-117.679 0 0)
(-110.951 0 0)
(-106.535 0 0)
(-105.799 0 0)
(-106.483 0 0)
(-106.817 0 0)
(-105.169 0 0)
(-99.5792 0 0)
(-93.3378 0 0)
(-88.7996 0 0)
(-89.6801 0 0)
(-91.9277 0 0)
(-95.1993 0 0)
(-95.0057 0 0)
(-89.501 0 0)
(-82.2459 0 0)
(-71.6737 0 0)
(-68.9384 0 0)
(-65.9121 0 0)
(-68.2998 0 0)
(-70.0307 0 0)
(-68.8729 0 0)
(-68.8057 0 0)
(-64.5061 0 0)
(-61.6481 0 0)
(-58.4987 0 0)
(-56.7664 0 0)
(-53.2432 0 0)
(-49.3734 0 0)
(-47.1156 0 0)
(-46.7091 0 0)
(-46.1592 0 0)
(-45.7169 0 0)
(-42.6145 0 0)
(-37.13 0 0)
(-32.4401 0 0)
(-31.0017 0 0)
(-33.0078 0 0)
(-40.1496 0 0)
(-46.1643 0 0)
(-48.8106 0 0)
(-42.8061 0 0)
(-30.2051 0 0)
(-13.5521 0 0)
)
;

boundaryField
{
    sides
    {
        type            fixedValue;
        value           uniform (0 0 0);
    }
    empty
    {
        type            empty;
    }
}


// ************************************************************************* //
