/*--------------------------------*- C++ -*----------------------------------*\
| =========                 |                                                 |
| \\      /  F ield         | OpenFOAM: The Open Source CFD Toolbox           |
|  \\    /   O peration     | Version:  2412                                  |
|   \\  /    A nd           | Website:  www.openfoam.com                      |
|    \\/     M anipulation  |                                                 |
\*---------------------------------------------------------------------------*/
FoamFile
{
    version     2.0;
    format      ascii;
    arch        "LSB;label=32;scalar=64";
    class       volVectorField;
    location    "0.0456936";
    object      U;
}
// * * * * * * * * * * * * * * * * * * * * * * * * * * * * * * * * * * * * * //

dimensions      [0 1 -1 0 0 0 0];

internalField   nonuniform List<vector> 
100
(
(-24.8165 0 0)
(-192.69 0 0)
(-248.238 0 0)
(-247.857 0 0)
(-244.275 0 0)
(-248.483 0 0)
(-254.091 0 0)
(-252.617 0 0)
(-250.864 0 0)
(-245.622 0 0)
(-228.555 0 0)
(-213.871 0 0)
(-209.743 0 0)
(-208.218 0 0)
(-207.712 0 0)
(-215.401 0 0)
(-225.603 0 0)
(-226.738 0 0)
(-224.931 0 0)
(-222.415 0 0)
(-214.477 0 0)
(-207.398 0 0)
(-204.711 0 0)
(-203.958 0 0)
(-206.07 0 0)
(-207.637 0 0)
(-206.258 0 0)
(-202.925 0 0)
(-194.318 0 0)
(-187.849 0 0)
(-185.519 0 0)
(-186.044 0 0)
(-190.541 0 0)
(-191.786 0 0)
(-190.197 0 0)
(-185.074 0 0)
(-175.263 0 0)
(-169.917 0 0)
(-168.121 0 0)
(-171.137 0 0)
(-180.839 0 0)
(-183.923 0 0)
(-182.493 0 0)
(-177.886 0 0)
(-164.707 0 0)
(-152.383 0 0)
(-147.76 0 0)
(-146.286 0 0)
(-147.041 0 0)
(-152.677 0 0)
(-156.868 0 0)
(-156.666 0 0)
(-155.12 0 0)
(-151.882 0 0)
(-147.852 0 0)
(-145.183 0 0)
(-143.319 0 0)
(-140.053 0 0)
(-135.588 0 0)
(-132.35 0 0)
(-131.199 0 0)
(-131.332 0 0)
(-131.848 0 0)
(-131.05 0 0)
(-127.979 0 0)
(-122.4 0 0)
(-117.664 0 0)
(-115.73 0 0)
(-119.391 0 0)
(-131.431 0 0)
(-137.768 0 0)
(-136.829 0 0)
(-134.323 0 0)
(-124.984 0 0)
(-106.336 0 0)
(-90.0358 0 0)
(-80.0267 0 0)
(-76.9624 0 0)
(-71.5678 0 0)
(-68.7831 0 0)
(-66.0005 0 0)
(-63.6753 0 0)
(-62.948 0 0)
(-61.4261 0 0)
(-61.0977 0 0)
(-57.7973 0 0)
(-53.9522 0 0)
(-48.0854 0 0)
(-42.5157 0 0)
(-37.1014 0 0)
(-32.9545 0 0)
(-29.4175 0 0)
(-26.7836 0 0)
(-24.8443 0 0)
(-22.4792 0 0)
(-19.3921 0 0)
(-15.1359 0 0)
(-10.9309 0 0)
(-6.1289 0 0)
(-2.2816 0 0)
)
;

boundaryField
{
    sides
    {
        type            fixedValue;
        value           uniform (0 0 0);
    }
    empty
    {
        type            empty;
    }
}


// ************************************************************************* //
