/*--------------------------------*- C++ -*----------------------------------*\
| =========                 |                                                 |
| \\      /  F ield         | OpenFOAM: The Open Source CFD Toolbox           |
|  \\    /   O peration     | Version:  2412                                  |
|   \\  /    A nd           | Website:  www.openfoam.com                      |
|    \\/     M anipulation  |                                                 |
\*---------------------------------------------------------------------------*/
FoamFile
{
    version     2.0;
    format      ascii;
    arch        "LSB;label=32;scalar=64";
    class       volVectorField;
    location    "0.0438022";
    object      U;
}
// * * * * * * * * * * * * * * * * * * * * * * * * * * * * * * * * * * * * * //

dimensions      [0 1 -1 0 0 0 0];

internalField   nonuniform List<vector> 
100
(
(1.53713 0 0)
(4.51335 0 0)
(7.54712 0 0)
(10.5894 0 0)
(13.6134 0 0)
(16.689 0 0)
(20.0839 0 0)
(23.1291 0 0)
(4.10948 0 0)
(-164.019 0 0)
(-232.783 0 0)
(-230.69 0 0)
(-215.233 0 0)
(-212.019 0 0)
(-216.345 0 0)
(-228.78 0 0)
(-230.328 0 0)
(-228.619 0 0)
(-226.529 0 0)
(-222.622 0 0)
(-207.077 0 0)
(-192.631 0 0)
(-188.222 0 0)
(-186.754 0 0)
(-186.79 0 0)
(-194.152 0 0)
(-200.818 0 0)
(-200.673 0 0)
(-198.939 0 0)
(-195.61 0 0)
(-188.376 0 0)
(-182.655 0 0)
(-180.42 0 0)
(-180.348 0 0)
(-182.403 0 0)
(-182.328 0 0)
(-180.18 0 0)
(-174.291 0 0)
(-166.344 0 0)
(-162.897 0 0)
(-162.249 0 0)
(-165.291 0 0)
(-167.323 0 0)
(-166.11 0 0)
(-161.724 0 0)
(-153.092 0 0)
(-147.275 0 0)
(-145.224 0 0)
(-147.494 0 0)
(-155.273 0 0)
(-158.105 0 0)
(-156.838 0 0)
(-152.039 0 0)
(-139.548 0 0)
(-128.861 0 0)
(-124.57 0 0)
(-123.438 0 0)
(-124.983 0 0)
(-129.345 0 0)
(-131.143 0 0)
(-130.325 0 0)
(-128.68 0 0)
(-125.103 0 0)
(-121.51 0 0)
(-119.256 0 0)
(-117.064 0 0)
(-113.629 0 0)
(-109.095 0 0)
(-106.906 0 0)
(-105.601 0 0)
(-106.216 0 0)
(-105.528 0 0)
(-103.309 0 0)
(-99.3105 0 0)
(-93.4003 0 0)
(-91.9012 0 0)
(-91.8042 0 0)
(-101.943 0 0)
(-109.136 0 0)
(-108.997 0 0)
(-106.63 0 0)
(-98.3473 0 0)
(-81.9983 0 0)
(-64.2032 0 0)
(-55.5477 0 0)
(-49.5994 0 0)
(-46.259 0 0)
(-42.8918 0 0)
(-40.4862 0 0)
(-38.4018 0 0)
(-36.5444 0 0)
(-34.4756 0 0)
(-31.4622 0 0)
(-27.1652 0 0)
(-22.233 0 0)
(-16.7017 0 0)
(-10.2952 0 0)
(-5.35631 0 0)
(-1.65104 0 0)
(-0.885688 0 0)
)
;

boundaryField
{
    sides
    {
        type            fixedValue;
        value           uniform (0 0 0);
    }
    empty
    {
        type            empty;
    }
}


// ************************************************************************* //
