/*--------------------------------*- C++ -*----------------------------------*\
| =========                 |                                                 |
| \\      /  F ield         | OpenFOAM: The Open Source CFD Toolbox           |
|  \\    /   O peration     | Version:  2412                                  |
|   \\  /    A nd           | Website:  www.openfoam.com                      |
|    \\/     M anipulation  |                                                 |
\*---------------------------------------------------------------------------*/
FoamFile
{
    version     2.0;
    format      ascii;
    arch        "LSB;label=32;scalar=64";
    class       volVectorField;
    location    "0.00336414";
    object      U;
}
// * * * * * * * * * * * * * * * * * * * * * * * * * * * * * * * * * * * * * //

dimensions      [0 1 -1 0 0 0 0];

internalField   nonuniform List<vector> 
100
(
(9.3784e-15 0 0)
(-1.51505e-15 0 0)
(-2.80165e-14 0 0)
(-5.96124e-14 0 0)
(-1.54022e-14 0 0)
(2.53931e-14 0 0)
(1.41671e-14 0 0)
(3.68287e-14 0 0)
(-1.97339e-14 0 0)
(-3.0799e-14 0 0)
(-7.96233e-14 0 0)
(-1.76358e-14 0 0)
(-4.84728e-14 0 0)
(-3.3044e-14 0 0)
(8.12428e-15 0 0)
(-2.10481e-14 0 0)
(-2.62031e-14 0 0)
(4.04335e-14 0 0)
(1.53491e-14 0 0)
(9.62063e-15 0 0)
(8.17021e-15 0 0)
(7.13582e-14 0 0)
(1.039e-13 0 0)
(5.49899e-14 0 0)
(7.61145e-14 0 0)
(6.0717e-14 0 0)
(1.66858e-13 0 0)
(1.74789e-13 0 0)
(1.51386e-13 0 0)
(1.33319e-13 0 0)
(7.84113e-14 0 0)
(1.63799e-14 0 0)
(6.72688e-12 0 0)
(3.89216e-09 0 0)
(1.60347e-06 0 0)
(0.000383792 0 0)
(0.0391617 0 0)
(1.19373 0 0)
(9.69455 0 0)
(30.1609 0 0)
(55.6182 0 0)
(80.8528 0 0)
(103.243 0 0)
(128.299 0 0)
(148.575 0 0)
(172.685 0 0)
(197.394 0 0)
(212.198 0 0)
(239.616 0 0)
(264.72 0 0)
(280.57 0 0)
(280.929 0 0)
(280.554 0 0)
(287.408 0 0)
(286.287 0 0)
(280.208 0 0)
(276.657 0 0)
(280.282 0 0)
(284.888 0 0)
(280.512 0 0)
(273.949 0 0)
(274.904 0 0)
(276.755 0 0)
(289.142 0 0)
(300.323 0 0)
(274.052 0 0)
(104.052 0 0)
(1.73963 0 0)
(0.00143154 0 0)
(2.00946e-07 0 0)
(1.99164e-11 0 0)
(-4.30464e-14 0 0)
(2.09869e-14 0 0)
(1.61725e-14 0 0)
(2.77477e-14 0 0)
(9.79593e-14 0 0)
(-5.59078e-14 0 0)
(7.24188e-15 0 0)
(-1.29239e-14 0 0)
(-1.13584e-13 0 0)
(-1.18577e-13 0 0)
(-1.08129e-13 0 0)
(-2.28875e-14 0 0)
(1.36409e-14 0 0)
(-1.77005e-15 0 0)
(-6.97616e-14 0 0)
(-2.97002e-13 0 0)
(-2.8177e-13 0 0)
(-1.18365e-13 0 0)
(-8.01051e-14 0 0)
(-1.13449e-13 0 0)
(-3.44938e-14 0 0)
(-5.46238e-14 0 0)
(-2.5178e-13 0 0)
(-1.69679e-13 0 0)
(-4.85335e-14 0 0)
(-4.79577e-14 0 0)
(-1.34851e-14 0 0)
(-3.5299e-14 0 0)
(-9.25404e-14 0 0)
)
;

boundaryField
{
    sides
    {
        type            fixedValue;
        value           uniform (0 0 0);
    }
    empty
    {
        type            empty;
    }
}


// ************************************************************************* //
