/*--------------------------------*- C++ -*----------------------------------*\
| =========                 |                                                 |
| \\      /  F ield         | OpenFOAM: The Open Source CFD Toolbox           |
|  \\    /   O peration     | Version:  2412                                  |
|   \\  /    A nd           | Website:  www.openfoam.com                      |
|    \\/     M anipulation  |                                                 |
\*---------------------------------------------------------------------------*/
FoamFile
{
    version     2.0;
    format      ascii;
    arch        "LSB;label=32;scalar=64";
    class       volVectorField;
    location    "0.024533";
    object      U;
}
// * * * * * * * * * * * * * * * * * * * * * * * * * * * * * * * * * * * * * //

dimensions      [0 1 -1 0 0 0 0];

internalField   nonuniform List<vector> 
100
(
(2.95526 0 0)
(8.91626 0 0)
(14.8332 0 0)
(20.7628 0 0)
(26.6842 0 0)
(32.5552 0 0)
(38.4311 0 0)
(44.3404 0 0)
(50.1934 0 0)
(56.1993 0 0)
(61.9584 0 0)
(68.0747 0 0)
(73.6834 0 0)
(79.9038 0 0)
(85.4334 0 0)
(91.6012 0 0)
(97.2875 0 0)
(103.308 0 0)
(109.264 0 0)
(114.965 0 0)
(121.036 0 0)
(126.636 0 0)
(132.782 0 0)
(138.462 0 0)
(144.738 0 0)
(150.527 0 0)
(156.672 0 0)
(162.332 0 0)
(168.083 0 0)
(173.542 0 0)
(179.085 0 0)
(184.599 0 0)
(190.341 0 0)
(196.491 0 0)
(203.232 0 0)
(210.079 0 0)
(216.326 0 0)
(221.636 0 0)
(227.852 0 0)
(239.427 0 0)
(258.535 0 0)
(268.098 0 0)
(271.805 0 0)
(275.391 0 0)
(278.029 0 0)
(280.491 0 0)
(281.039 0 0)
(281.112 0 0)
(281.594 0 0)
(281.953 0 0)
(282.48 0 0)
(282.549 0 0)
(283.004 0 0)
(283.553 0 0)
(283.698 0 0)
(282.863 0 0)
(282.452 0 0)
(283.985 0 0)
(284.606 0 0)
(281.778 0 0)
(280.637 0 0)
(285.052 0 0)
(287.873 0 0)
(283.55 0 0)
(277.624 0 0)
(278.212 0 0)
(289.437 0 0)
(293.963 0 0)
(237.047 0 0)
(71.9357 0 0)
(14.0454 0 0)
(-3.04991 0 0)
(9.18072 0 0)
(21.6317 0 0)
(9.57461 0 0)
(17.0697 0 0)
(0.76758 0 0)
(-6.51819 0 0)
(-7.58718 0 0)
(-14.1899 0 0)
(-5.67607 0 0)
(-4.39905 0 0)
(0.530293 0 0)
(4.71544 0 0)
(3.32568 0 0)
(7.26452 0 0)
(7.36507 0 0)
(2.39508 0 0)
(-4.86779 0 0)
(-7.24752 0 0)
(-3.31959 0 0)
(3.84136 0 0)
(5.80856 0 0)
(7.76937 0 0)
(4.32504 0 0)
(-3.04345 0 0)
(-7.10655 0 0)
(-9.13035 0 0)
(-7.14881 0 0)
(-5.01021 0 0)
)
;

boundaryField
{
    sides
    {
        type            fixedValue;
        value           uniform (0 0 0);
    }
    empty
    {
        type            empty;
    }
}


// ************************************************************************* //
