/*--------------------------------*- C++ -*----------------------------------*\
| =========                 |                                                 |
| \\      /  F ield         | OpenFOAM: The Open Source CFD Toolbox           |
|  \\    /   O peration     | Version:  2412                                  |
|   \\  /    A nd           | Website:  www.openfoam.com                      |
|    \\/     M anipulation  |                                                 |
\*---------------------------------------------------------------------------*/
FoamFile
{
    version     2.0;
    format      ascii;
    arch        "LSB;label=32;scalar=64";
    class       volVectorField;
    location    "0.0361462";
    object      U;
}
// * * * * * * * * * * * * * * * * * * * * * * * * * * * * * * * * * * * * * //

dimensions      [0 1 -1 0 0 0 0];

internalField   nonuniform List<vector> 
100
(
(1.80978 0 0)
(5.61148 0 0)
(9.21155 0 0)
(13.0564 0 0)
(16.5545 0 0)
(20.5129 0 0)
(23.8946 0 0)
(27.9481 0 0)
(31.2746 0 0)
(35.2897 0 0)
(38.77 0 0)
(42.5647 0 0)
(46.3355 0 0)
(49.9002 0 0)
(53.8594 0 0)
(57.2675 0 0)
(61.2686 0 0)
(64.6711 0 0)
(68.6376 0 0)
(72.1175 0 0)
(76.0029 0 0)
(79.5634 0 0)
(83.3709 0 0)
(86.9931 0 0)
(90.7485 0 0)
(94.4035 0 0)
(98.12 0 0)
(101.79 0 0)
(105.493 0 0)
(109.173 0 0)
(112.866 0 0)
(116.501 0 0)
(120.116 0 0)
(123.64 0 0)
(127.129 0 0)
(130.709 0 0)
(134.548 0 0)
(133.071 0 0)
(-8.3588 0 0)
(-135.176 0 0)
(-143.551 0 0)
(-129.096 0 0)
(-124.099 0 0)
(-126.361 0 0)
(-129.613 0 0)
(-129.319 0 0)
(-126.77 0 0)
(-120.615 0 0)
(-113.355 0 0)
(-110.137 0 0)
(-109.387 0 0)
(-109.415 0 0)
(-110.109 0 0)
(-110.332 0 0)
(-109.498 0 0)
(-106.434 0 0)
(-98.6299 0 0)
(-89.1296 0 0)
(-83.5773 0 0)
(-82.1697 0 0)
(-82.6752 0 0)
(-82.9036 0 0)
(-83.025 0 0)
(-80.2386 0 0)
(-79.8825 0 0)
(-74.9954 0 0)
(-71.9145 0 0)
(-69.0616 0 0)
(-66.5312 0 0)
(-66.6646 0 0)
(-60.9757 0 0)
(-58.8593 0 0)
(-51.8734 0 0)
(-49.5506 0 0)
(-49.1048 0 0)
(-48.7745 0 0)
(-49.6879 0 0)
(-44.3118 0 0)
(-39.1337 0 0)
(-33.4836 0 0)
(-32.2212 0 0)
(-34.5257 0 0)
(-37.0212 0 0)
(-37.4003 0 0)
(-31.6551 0 0)
(-23.6714 0 0)
(-15.6884 0 0)
(-3.5107 0 0)
(7.64527 0 0)
(8.68949 0 0)
(8.87187 0 0)
(8.92129 0 0)
(4.92571 0 0)
(-0.956884 0 0)
(-3.7149 0 0)
(-2.87811 0 0)
(-0.657326 0 0)
(0.669123 0 0)
(1.7851 0 0)
(0.0666268 0 0)
)
;

boundaryField
{
    sides
    {
        type            fixedValue;
        value           uniform (0 0 0);
    }
    empty
    {
        type            empty;
    }
}


// ************************************************************************* //
