/*--------------------------------*- C++ -*----------------------------------*\
| =========                 |                                                 |
| \\      /  F ield         | OpenFOAM: The Open Source CFD Toolbox           |
|  \\    /   O peration     | Version:  2412                                  |
|   \\  /    A nd           | Website:  www.openfoam.com                      |
|    \\/     M anipulation  |                                                 |
\*---------------------------------------------------------------------------*/
FoamFile
{
    version     2.0;
    format      ascii;
    arch        "LSB;label=32;scalar=64";
    class       volVectorField;
    location    "0.0297273";
    object      U;
}
// * * * * * * * * * * * * * * * * * * * * * * * * * * * * * * * * * * * * * //

dimensions      [0 1 -1 0 0 0 0];

internalField   nonuniform List<vector> 
100
(
(2.31719 0 0)
(6.98789 0 0)
(11.6165 0 0)
(16.309 0 0)
(20.9258 0 0)
(25.6732 0 0)
(30.1941 0 0)
(35.0209 0 0)
(39.4206 0 0)
(44.3678 0 0)
(48.6291 0 0)
(53.5776 0 0)
(57.9481 0 0)
(62.7789 0 0)
(67.443 0 0)
(72.0693 0 0)
(76.9547 0 0)
(81.3926 0 0)
(86.3669 0 0)
(90.7738 0 0)
(95.7492 0 0)
(100.219 0 0)
(105.129 0 0)
(109.683 0 0)
(114.52 0 0)
(119.136 0 0)
(123.922 0 0)
(128.579 0 0)
(133.321 0 0)
(137.996 0 0)
(142.71 0 0)
(147.397 0 0)
(152.099 0 0)
(156.781 0 0)
(161.447 0 0)
(166.103 0 0)
(170.757 0 0)
(175.393 0 0)
(180.032 0 0)
(184.681 0 0)
(189.333 0 0)
(193.758 0 0)
(198.254 0 0)
(202.732 0 0)
(206.887 0 0)
(210.657 0 0)
(213.996 0 0)
(216.976 0 0)
(219.328 0 0)
(221.067 0 0)
(222.865 0 0)
(225.523 0 0)
(227.804 0 0)
(229.566 0 0)
(231.479 0 0)
(234.04 0 0)
(237.969 0 0)
(182.016 0 0)
(-5.71925 0 0)
(-56.4155 0 0)
(-42.7189 0 0)
(-33.4995 0 0)
(-39.0251 0 0)
(-34.1982 0 0)
(-29.4766 0 0)
(-15.7251 0 0)
(3.33349 0 0)
(11.021 0 0)
(17.9496 0 0)
(7.45407 0 0)
(4.14694 0 0)
(-2.72601 0 0)
(-2.31791 0 0)
(2.05028 0 0)
(0.617763 0 0)
(5.42478 0 0)
(-1.17127 0 0)
(-4.56918 0 0)
(-6.36355 0 0)
(-6.75345 0 0)
(-0.215865 0 0)
(4.38234 0 0)
(6.17813 0 0)
(6.1163 0 0)
(3.16536 0 0)
(0.177881 0 0)
(-0.822674 0 0)
(-2.76836 0 0)
(-3.34622 0 0)
(-3.79715 0 0)
(-4.32718 0 0)
(-1.56088 0 0)
(1.02877 0 0)
(3.49285 0 0)
(4.16515 0 0)
(2.90868 0 0)
(0.720343 0 0)
(-1.84756 0 0)
(-2.46927 0 0)
(-0.481477 0 0)
)
;

boundaryField
{
    sides
    {
        type            fixedValue;
        value           uniform (0 0 0);
    }
    empty
    {
        type            empty;
    }
}


// ************************************************************************* //
