/*--------------------------------*- C++ -*----------------------------------*\
| =========                 |                                                 |
| \\      /  F ield         | OpenFOAM: The Open Source CFD Toolbox           |
|  \\    /   O peration     | Version:  2412                                  |
|   \\  /    A nd           | Website:  www.openfoam.com                      |
|    \\/     M anipulation  |                                                 |
\*---------------------------------------------------------------------------*/
FoamFile
{
    version     2.0;
    format      ascii;
    arch        "LSB;label=32;scalar=64";
    class       volVectorField;
    location    "0.00188554";
    object      U;
}
// * * * * * * * * * * * * * * * * * * * * * * * * * * * * * * * * * * * * * //

dimensions      [0 1 -1 0 0 0 0];

internalField   nonuniform List<vector> 
100
(
(-6.39369e-15 0 0)
(-7.34647e-14 0 0)
(4.09053e-15 0 0)
(1.08191e-13 0 0)
(6.42143e-14 0 0)
(4.13005e-14 0 0)
(-2.58788e-14 0 0)
(-5.07772e-14 0 0)
(2.0194e-14 0 0)
(9.30946e-15 0 0)
(6.4497e-17 0 0)
(5.39235e-14 0 0)
(-1.64812e-14 0 0)
(-5.67106e-14 0 0)
(-3.1832e-14 0 0)
(5.06921e-14 0 0)
(6.97031e-14 0 0)
(1.62414e-14 0 0)
(-4.03973e-14 0 0)
(-5.41665e-14 0 0)
(-7.79033e-15 0 0)
(1.5245e-14 0 0)
(1.59954e-14 0 0)
(-8.68055e-16 0 0)
(3.62775e-14 0 0)
(4.47818e-14 0 0)
(4.74022e-14 0 0)
(5.51141e-14 0 0)
(3.1628e-14 0 0)
(-2.41577e-15 0 0)
(3.83455e-14 0 0)
(8.03168e-14 0 0)
(1.67043e-13 0 0)
(1.05223e-13 0 0)
(1.14749e-14 0 0)
(-6.23617e-14 0 0)
(-1.5714e-13 0 0)
(6.92357e-12 0 0)
(6.78206e-09 0 0)
(3.82553e-06 0 0)
(0.00105927 0 0)
(0.107355 0 0)
(2.81132 0 0)
(18.9945 0 0)
(51.622 0 0)
(91.8642 0 0)
(124.718 0 0)
(167.183 0 0)
(205.536 0 0)
(235.274 0 0)
(283.991 0 0)
(290.373 0 0)
(275.218 0 0)
(273.152 0 0)
(276.297 0 0)
(286.458 0 0)
(298.28 0 0)
(300.57 0 0)
(244.114 0 0)
(46.3747 0 0)
(0.295318 0 0)
(0.000127986 0 0)
(1.33624e-08 0 0)
(1.64505e-12 0 0)
(8.7558e-14 0 0)
(1.08546e-13 0 0)
(8.28753e-15 0 0)
(-3.51163e-14 0 0)
(-2.13393e-14 0 0)
(-6.30758e-14 0 0)
(-7.83574e-15 0 0)
(6.1338e-14 0 0)
(6.27644e-15 0 0)
(-9.59181e-14 0 0)
(-1.35141e-14 0 0)
(5.57719e-14 0 0)
(3.49839e-14 0 0)
(-1.4004e-14 0 0)
(-8.9849e-14 0 0)
(5.59294e-15 0 0)
(7.74084e-14 0 0)
(5.92169e-14 0 0)
(4.8076e-15 0 0)
(-4.91159e-14 0 0)
(-5.02856e-14 0 0)
(2.82817e-14 0 0)
(5.22024e-14 0 0)
(1.16268e-14 0 0)
(-1.11494e-13 0 0)
(-1.98963e-13 0 0)
(-1.1379e-13 0 0)
(-4.13516e-14 0 0)
(6.43287e-14 0 0)
(5.58947e-14 0 0)
(-4.35785e-14 0 0)
(-6.60217e-15 0 0)
(-6.7088e-15 0 0)
(4.97227e-14 0 0)
(1.40103e-14 0 0)
(-6.46073e-14 0 0)
)
;

boundaryField
{
    sides
    {
        type            fixedValue;
        value           uniform (0 0 0);
    }
    empty
    {
        type            empty;
    }
}


// ************************************************************************* //
