/*--------------------------------*- C++ -*----------------------------------*\
| =========                 |                                                 |
| \\      /  F ield         | OpenFOAM: The Open Source CFD Toolbox           |
|  \\    /   O peration     | Version:  2412                                  |
|   \\  /    A nd           | Website:  www.openfoam.com                      |
|    \\/     M anipulation  |                                                 |
\*---------------------------------------------------------------------------*/
FoamFile
{
    version     2.0;
    format      ascii;
    arch        "LSB;label=32;scalar=64";
    class       volVectorField;
    location    "0.0528085";
    object      U;
}
// * * * * * * * * * * * * * * * * * * * * * * * * * * * * * * * * * * * * * //

dimensions      [0 1 -1 0 0 0 0];

internalField   nonuniform List<vector> 
100
(
(-5.08636 0 0)
(-15.3463 0 0)
(-6.7721 0 0)
(8.03702 0 0)
(15.0301 0 0)
(8.30831 0 0)
(-11.3515 0 0)
(-23.6878 0 0)
(-19.5108 0 0)
(-2.97196 0 0)
(20.1371 0 0)
(27.7242 0 0)
(10.8516 0 0)
(-6.28284 0 0)
(-14.0274 0 0)
(-29.0157 0 0)
(-99.8711 0 0)
(-221.361 0 0)
(-231.609 0 0)
(-227.372 0 0)
(-226.025 0 0)
(-223.251 0 0)
(-218.325 0 0)
(-214.404 0 0)
(-212.76 0 0)
(-211.759 0 0)
(-213.722 0 0)
(-217.218 0 0)
(-216.818 0 0)
(-215.142 0 0)
(-209.74 0 0)
(-201.81 0 0)
(-198.185 0 0)
(-197.682 0 0)
(-210.759 0 0)
(-229.509 0 0)
(-231.61 0 0)
(-230.099 0 0)
(-227.608 0 0)
(-219.63 0 0)
(-193.362 0 0)
(-170.26 0 0)
(-162.378 0 0)
(-160.1 0 0)
(-159.229 0 0)
(-158.12 0 0)
(-155.541 0 0)
(-151.064 0 0)
(-147.166 0 0)
(-145.343 0 0)
(-144.422 0 0)
(-143.633 0 0)
(-143.639 0 0)
(-144.314 0 0)
(-144.352 0 0)
(-143.601 0 0)
(-142.122 0 0)
(-138.096 0 0)
(-128.751 0 0)
(-119.922 0 0)
(-114.667 0 0)
(-111.408 0 0)
(-109.784 0 0)
(-109.025 0 0)
(-108.511 0 0)
(-108.244 0 0)
(-107.634 0 0)
(-105.702 0 0)
(-101.595 0 0)
(-95.8015 0 0)
(-91.2116 0 0)
(-87.3154 0 0)
(-84.6616 0 0)
(-81.8705 0 0)
(-79.1858 0 0)
(-75.6845 0 0)
(-72.8905 0 0)
(-69.3553 0 0)
(-66.303 0 0)
(-63.3908 0 0)
(-59.4723 0 0)
(-57.1926 0 0)
(-53.6655 0 0)
(-51.4049 0 0)
(-48.5213 0 0)
(-45.2714 0 0)
(-41.9496 0 0)
(-38.0152 0 0)
(-35.5182 0 0)
(-32.0135 0 0)
(-29.1967 0 0)
(-25.7709 0 0)
(-22.9189 0 0)
(-19.6689 0 0)
(-16.6466 0 0)
(-13.8961 0 0)
(-11.0353 0 0)
(-8.56206 0 0)
(-5.21476 0 0)
(-2.08581 0 0)
)
;

boundaryField
{
    sides
    {
        type            fixedValue;
        value           uniform (0 0 0);
    }
    empty
    {
        type            empty;
    }
}


// ************************************************************************* //
