/*--------------------------------*- C++ -*----------------------------------*\
| =========                 |                                                 |
| \\      /  F ield         | OpenFOAM: The Open Source CFD Toolbox           |
|  \\    /   O peration     | Version:  2412                                  |
|   \\  /    A nd           | Website:  www.openfoam.com                      |
|    \\/     M anipulation  |                                                 |
\*---------------------------------------------------------------------------*/
FoamFile
{
    version     2.0;
    format      ascii;
    arch        "LSB;label=32;scalar=64";
    class       volVectorField;
    location    "0.0179162";
    object      U;
}
// * * * * * * * * * * * * * * * * * * * * * * * * * * * * * * * * * * * * * //

dimensions      [0 1 -1 0 0 0 0];

internalField   nonuniform List<vector> 
100
(
(4.02511 0 0)
(12.6758 0 0)
(21.1548 0 0)
(29.724 0 0)
(39.2093 0 0)
(49.6068 0 0)
(61.3759 0 0)
(74.1752 0 0)
(86.6221 0 0)
(97.1654 0 0)
(105.986 0 0)
(112.376 0 0)
(116.48 0 0)
(120.078 0 0)
(124.058 0 0)
(128.666 0 0)
(133.514 0 0)
(138.482 0 0)
(143.097 0 0)
(148.008 0 0)
(152.355 0 0)
(157.408 0 0)
(161.669 0 0)
(166.722 0 0)
(171.195 0 0)
(175.929 0 0)
(180.726 0 0)
(185.151 0 0)
(190.076 0 0)
(194.4 0 0)
(199.399 0 0)
(203.733 0 0)
(208.677 0 0)
(213.158 0 0)
(218.074 0 0)
(222.635 0 0)
(227.442 0 0)
(232.109 0 0)
(236.917 0 0)
(241.625 0 0)
(246.307 0 0)
(250.911 0 0)
(255.602 0 0)
(260.339 0 0)
(264.818 0 0)
(268.908 0 0)
(273.495 0 0)
(277.647 0 0)
(280.49 0 0)
(283.027 0 0)
(284.423 0 0)
(284.395 0 0)
(284.095 0 0)
(283.409 0 0)
(281.634 0 0)
(281.019 0 0)
(285.584 0 0)
(287.189 0 0)
(282.251 0 0)
(277.506 0 0)
(279.365 0 0)
(289.38 0 0)
(291.158 0 0)
(279.141 0 0)
(274.036 0 0)
(278.881 0 0)
(291.515 0 0)
(292.26 0 0)
(278.138 0 0)
(273.037 0 0)
(277.143 0 0)
(291.353 0 0)
(290.816 0 0)
(282.278 0 0)
(273.415 0 0)
(274.429 0 0)
(286.746 0 0)
(289.923 0 0)
(287.312 0 0)
(275.314 0 0)
(276.967 0 0)
(275.872 0 0)
(167.255 0 0)
(36.8749 0 0)
(-3.68613 0 0)
(17.7232 0 0)
(35.41 0 0)
(20.6983 0 0)
(9.77198 0 0)
(6.09362 0 0)
(2.0374 0 0)
(6.60522 0 0)
(14.5616 0 0)
(18.5808 0 0)
(18.871 0 0)
(19.5809 0 0)
(21.0895 0 0)
(21.0478 0 0)
(19.1376 0 0)
(7.1309 0 0)
)
;

boundaryField
{
    sides
    {
        type            fixedValue;
        value           uniform (0 0 0);
    }
    empty
    {
        type            empty;
    }
}


// ************************************************************************* //
