/*--------------------------------*- C++ -*----------------------------------*\
| =========                 |                                                 |
| \\      /  F ield         | OpenFOAM: The Open Source CFD Toolbox           |
|  \\    /   O peration     | Version:  2412                                  |
|   \\  /    A nd           | Website:  www.openfoam.com                      |
|    \\/     M anipulation  |                                                 |
\*---------------------------------------------------------------------------*/
FoamFile
{
    version     2.0;
    format      ascii;
    arch        "LSB;label=32;scalar=64";
    class       volVectorField;
    location    "0.0400366";
    object      U;
}
// * * * * * * * * * * * * * * * * * * * * * * * * * * * * * * * * * * * * * //

dimensions      [0 1 -1 0 0 0 0];

internalField   nonuniform List<vector> 
100
(
(1.52422 0 0)
(4.62592 0 0)
(7.82174 0 0)
(11.1286 0 0)
(14.5358 0 0)
(17.9806 0 0)
(21.4195 0 0)
(24.8293 0 0)
(28.1872 0 0)
(31.4722 0 0)
(34.6749 0 0)
(37.823 0 0)
(40.9811 0 0)
(44.1888 0 0)
(47.4426 0 0)
(50.7436 0 0)
(54.0717 0 0)
(57.4087 0 0)
(60.7498 0 0)
(64.0767 0 0)
(67.3791 0 0)
(70.8263 0 0)
(74.6301 0 0)
(74.0461 0 0)
(-56.5573 0 0)
(-186.454 0 0)
(-198.662 0 0)
(-190.663 0 0)
(-184.391 0 0)
(-178.646 0 0)
(-170.661 0 0)
(-166.172 0 0)
(-164.638 0 0)
(-166.768 0 0)
(-173.492 0 0)
(-175.545 0 0)
(-174.292 0 0)
(-172.252 0 0)
(-166.211 0 0)
(-152.273 0 0)
(-143.012 0 0)
(-139.738 0 0)
(-139.267 0 0)
(-141.945 0 0)
(-145.968 0 0)
(-146.547 0 0)
(-145.379 0 0)
(-143.502 0 0)
(-138.786 0 0)
(-132.799 0 0)
(-129.664 0 0)
(-129.178 0 0)
(-129.531 0 0)
(-128.796 0 0)
(-125.296 0 0)
(-118.776 0 0)
(-113.217 0 0)
(-111.315 0 0)
(-111.877 0 0)
(-112.903 0 0)
(-111.87 0 0)
(-107.93 0 0)
(-101.19 0 0)
(-95.7003 0 0)
(-94.4079 0 0)
(-95.8944 0 0)
(-101.072 0 0)
(-100.989 0 0)
(-98.9422 0 0)
(-91.981 0 0)
(-81.2904 0 0)
(-75.6582 0 0)
(-70.801 0 0)
(-73.8409 0 0)
(-74.6992 0 0)
(-75.4453 0 0)
(-74.9775 0 0)
(-72.5047 0 0)
(-70.2202 0 0)
(-65.9928 0 0)
(-64.7238 0 0)
(-60.8067 0 0)
(-57.347 0 0)
(-53.6768 0 0)
(-51.3728 0 0)
(-49.9224 0 0)
(-50.0812 0 0)
(-50.2047 0 0)
(-47.2974 0 0)
(-42.6404 0 0)
(-40.0929 0 0)
(-39.1977 0 0)
(-40.4464 0 0)
(-46.6839 0 0)
(-49.5833 0 0)
(-48.259 0 0)
(-43.797 0 0)
(-31.6585 0 0)
(-18.8222 0 0)
(-10.724 0 0)
)
;

boundaryField
{
    sides
    {
        type            fixedValue;
        value           uniform (0 0 0);
    }
    empty
    {
        type            empty;
    }
}


// ************************************************************************* //
