/*--------------------------------*- C++ -*----------------------------------*\
| =========                 |                                                 |
| \\      /  F ield         | OpenFOAM: The Open Source CFD Toolbox           |
|  \\    /   O peration     | Version:  2412                                  |
|   \\  /    A nd           | Website:  www.openfoam.com                      |
|    \\/     M anipulation  |                                                 |
\*---------------------------------------------------------------------------*/
FoamFile
{
    version     2.0;
    format      ascii;
    arch        "LSB;label=32;scalar=64";
    class       volVectorField;
    location    "0.0123741";
    object      U;
}
// * * * * * * * * * * * * * * * * * * * * * * * * * * * * * * * * * * * * * //

dimensions      [0 1 -1 0 0 0 0];

internalField   nonuniform List<vector> 
100
(
(-1.99108e-14 0 0)
(-1.04988e-14 0 0)
(1.02969e-13 0 0)
(5.31301e-13 0 0)
(2.0054e-10 0 0)
(8.61615e-08 0 0)
(2.4784e-05 0 0)
(0.00360298 0 0)
(0.186252 0 0)
(2.55167 0 0)
(10.974 0 0)
(23.0905 0 0)
(34.0571 0 0)
(42.8552 0 0)
(50.3245 0 0)
(57.2265 0 0)
(63.9473 0 0)
(70.6359 0 0)
(77.3334 0 0)
(84.0456 0 0)
(90.7693 0 0)
(97.5085 0 0)
(104.253 0 0)
(111.032 0 0)
(117.778 0 0)
(124.634 0 0)
(131.278 0 0)
(138.295 0 0)
(144.634 0 0)
(151.916 0 0)
(157.959 0 0)
(165.244 0 0)
(171.616 0 0)
(178.16 0 0)
(185.223 0 0)
(191.296 0 0)
(198.38 0 0)
(204.581 0 0)
(211.792 0 0)
(218.047 0 0)
(225.02 0 0)
(231.615 0 0)
(238.606 0 0)
(245.139 0 0)
(251.882 0 0)
(258.703 0 0)
(264.259 0 0)
(270.196 0 0)
(276.938 0 0)
(282.209 0 0)
(285.226 0 0)
(282.942 0 0)
(280.369 0 0)
(283.838 0 0)
(287.353 0 0)
(285.855 0 0)
(277.779 0 0)
(276.08 0 0)
(286.259 0 0)
(290.082 0 0)
(286.134 0 0)
(276.526 0 0)
(276.006 0 0)
(285.921 0 0)
(289.979 0 0)
(286.879 0 0)
(276.806 0 0)
(276.974 0 0)
(281.276 0 0)
(288.249 0 0)
(287.95 0 0)
(281.732 0 0)
(276.922 0 0)
(278.678 0 0)
(282.44 0 0)
(288.473 0 0)
(286.01 0 0)
(283.956 0 0)
(279.94 0 0)
(277.679 0 0)
(278.469 0 0)
(280.17 0 0)
(282.216 0 0)
(283.881 0 0)
(281.204 0 0)
(279.386 0 0)
(280.884 0 0)
(282.804 0 0)
(284.279 0 0)
(284.17 0 0)
(280.955 0 0)
(278.632 0 0)
(277.373 0 0)
(280.457 0 0)
(236.16 0 0)
(41.1132 0 0)
(-34.2031 0 0)
(-13.7566 0 0)
(5.53743 0 0)
(-26.4453 0 0)
)
;

boundaryField
{
    sides
    {
        type            fixedValue;
        value           uniform (0 0 0);
    }
    empty
    {
        type            empty;
    }
}


// ************************************************************************* //
