/*--------------------------------*- C++ -*----------------------------------*\
| =========                 |                                                 |
| \\      /  F ield         | OpenFOAM: The Open Source CFD Toolbox           |
|  \\    /   O peration     | Version:  2412                                  |
|   \\  /    A nd           | Website:  www.openfoam.com                      |
|    \\/     M anipulation  |                                                 |
\*---------------------------------------------------------------------------*/
FoamFile
{
    version     2.0;
    format      ascii;
    arch        "LSB;label=32;scalar=64";
    class       volVectorField;
    location    "0.00207035";
    object      U;
}
// * * * * * * * * * * * * * * * * * * * * * * * * * * * * * * * * * * * * * //

dimensions      [0 1 -1 0 0 0 0];

internalField   nonuniform List<vector> 
100
(
(-1.44636e-14 0 0)
(-6.54536e-14 0 0)
(1.21016e-14 0 0)
(8.42449e-14 0 0)
(8.02081e-14 0 0)
(2.52926e-14 0 0)
(-9.92959e-15 0 0)
(-5.87011e-14 0 0)
(2.81766e-14 0 0)
(2.52587e-14 0 0)
(7.87352e-17 0 0)
(6.00284e-15 0 0)
(-8.3971e-15 0 0)
(-4.88454e-14 0 0)
(-7.79873e-15 0 0)
(8.25033e-14 0 0)
(3.78046e-14 0 0)
(-7.57291e-15 0 0)
(-4.84671e-14 0 0)
(-2.21951e-14 0 0)
(-2.37395e-14 0 0)
(-3.27202e-14 0 0)
(1.59954e-14 0 0)
(3.10891e-14 0 0)
(4.42602e-14 0 0)
(9.26294e-14 0 0)
(5.5399e-14 0 0)
(6.30522e-14 0 0)
(3.1628e-14 0 0)
(5.59535e-15 0 0)
(5.42947e-14 0 0)
(9.63248e-14 0 0)
(1.43083e-13 0 0)
(1.05268e-13 0 0)
(3.43346e-15 0 0)
(-9.43171e-14 0 0)
(4.56492e-13 0 0)
(6.05314e-10 0 0)
(3.82842e-07 0 0)
(0.000134465 0 0)
(0.0199103 0 0)
(0.888813 0 0)
(9.65526 0 0)
(35.3934 0 0)
(69.8002 0 0)
(108.293 0 0)
(138.32 0 0)
(175.505 0 0)
(213.666 0 0)
(237.892 0 0)
(281.922 0 0)
(294.749 0 0)
(280.335 0 0)
(272.823 0 0)
(273.197 0 0)
(277.911 0 0)
(286.686 0 0)
(299.548 0 0)
(299.937 0 0)
(230.745 0 0)
(33.6554 0 0)
(0.161932 0 0)
(6.00209e-05 0 0)
(5.45887e-09 0 0)
(8.23502e-13 0 0)
(7.36041e-14 0 0)
(-2.65749e-14 0 0)
(-4.20781e-14 0 0)
(-7.428e-15 0 0)
(-2.10968e-14 0 0)
(2.00649e-14 0 0)
(4.73234e-14 0 0)
(-3.55621e-14 0 0)
(-8.89806e-14 0 0)
(7.43704e-15 0 0)
(7.67353e-14 0 0)
(-6.89199e-15 0 0)
(-2.79544e-14 0 0)
(-8.29116e-14 0 0)
(1.25549e-14 0 0)
(1.05437e-13 0 0)
(3.82018e-14 0 0)
(4.8714e-15 0 0)
(-9.1004e-14 0 0)
(-8.422e-15 0 0)
(6.31565e-14 0 0)
(-1.76257e-14 0 0)
(-4.43149e-14 0 0)
(-7.64647e-14 0 0)
(-1.7105e-13 0 0)
(-1.69616e-13 0 0)
(-1.11243e-13 0 0)
(5.72636e-14 0 0)
(1.11811e-13 0 0)
(-8.65166e-15 0 0)
(-2.75019e-14 0 0)
(-2.0659e-14 0 0)
(2.86435e-14 0 0)
(2.09596e-14 0 0)
(-5.75934e-14 0 0)
)
;

boundaryField
{
    sides
    {
        type            fixedValue;
        value           uniform (0 0 0);
    }
    empty
    {
        type            empty;
    }
}


// ************************************************************************* //
