/*--------------------------------*- C++ -*----------------------------------*\
| =========                 |                                                 |
| \\      /  F ield         | OpenFOAM: The Open Source CFD Toolbox           |
|  \\    /   O peration     | Version:  2412                                  |
|   \\  /    A nd           | Website:  www.openfoam.com                      |
|    \\/     M anipulation  |                                                 |
\*---------------------------------------------------------------------------*/
FoamFile
{
    version     2.0;
    format      ascii;
    arch        "LSB;label=32;scalar=64";
    class       volVectorField;
    location    "0.00182421";
    object      U;
}
// * * * * * * * * * * * * * * * * * * * * * * * * * * * * * * * * * * * * * //

dimensions      [0 1 -1 0 0 0 0];

internalField   nonuniform List<vector> 
100
(
(1.55285e-15 0 0)
(-8.14113e-14 0 0)
(1.20371e-14 0 0)
(1.08191e-13 0 0)
(5.62678e-14 0 0)
(4.13006e-14 0 0)
(-1.79323e-14 0 0)
(-5.87238e-14 0 0)
(2.0194e-14 0 0)
(9.30946e-15 0 0)
(1.59575e-14 0 0)
(4.5977e-14 0 0)
(-1.64812e-14 0 0)
(-5.67106e-14 0 0)
(-2.38855e-14 0 0)
(3.47991e-14 0 0)
(6.97031e-14 0 0)
(1.62414e-14 0 0)
(-3.24508e-14 0 0)
(-6.2113e-14 0 0)
(1.56205e-16 0 0)
(3.11381e-14 0 0)
(1.59954e-14 0 0)
(-8.81459e-15 0 0)
(2.03845e-14 0 0)
(4.47818e-14 0 0)
(3.94556e-14 0 0)
(5.51141e-14 0 0)
(3.95745e-14 0 0)
(-1.03623e-14 0 0)
(3.83455e-14 0 0)
(7.23703e-14 0 0)
(1.59097e-13 0 0)
(9.72766e-14 0 0)
(2.73679e-14 0 0)
(-4.64686e-14 0 0)
(-1.65102e-13 0 0)
(1.31092e-12 0 0)
(1.62149e-09 0 0)
(1.06962e-06 0 0)
(0.00035941 0 0)
(0.0467582 0 0)
(1.66412 0 0)
(14.4446 0 0)
(45.2688 0 0)
(85.8076 0 0)
(119.851 0 0)
(164.154 0 0)
(202.583 0 0)
(234.231 0 0)
(283.647 0 0)
(288.531 0 0)
(274.553 0 0)
(273.766 0 0)
(278.708 0 0)
(289.484 0 0)
(300.877 0 0)
(295.991 0 0)
(193.059 0 0)
(13.9464 0 0)
(0.034689 0 0)
(9.46505e-06 0 0)
(8.15519e-10 0 0)
(1.04999e-13 0 0)
(7.35911e-14 0 0)
(1.2246e-13 0 0)
(8.28748e-15 0 0)
(-2.12027e-14 0 0)
(-1.43824e-14 0 0)
(-8.39463e-14 0 0)
(-1.47926e-14 0 0)
(5.43812e-14 0 0)
(6.27648e-15 0 0)
(-8.20046e-14 0 0)
(-1.35141e-14 0 0)
(4.88152e-14 0 0)
(2.80271e-14 0 0)
(-7.04718e-15 0 0)
(-7.59355e-14 0 0)
(-8.32069e-15 0 0)
(7.74085e-14 0 0)
(7.31306e-14 0 0)
(4.8076e-15 0 0)
(-6.30296e-14 0 0)
(-5.72425e-14 0 0)
(3.52386e-14 0 0)
(6.61161e-14 0 0)
(4.67006e-15 0 0)
(-1.11494e-13 0 0)
(-1.92007e-13 0 0)
(-1.06833e-13 0 0)
(-1.35244e-14 0 0)
(5.7372e-14 0 0)
(3.50243e-14 0 0)
(-4.35786e-14 0 0)
(-6.60214e-15 0 0)
(2.47983e-16 0 0)
(4.2766e-14 0 0)
(7.05355e-15 0 0)
(-6.46075e-14 0 0)
)
;

boundaryField
{
    sides
    {
        type            fixedValue;
        value           uniform (0 0 0);
    }
    empty
    {
        type            empty;
    }
}


// ************************************************************************* //
