/*--------------------------------*- C++ -*----------------------------------*\
| =========                 |                                                 |
| \\      /  F ield         | OpenFOAM: The Open Source CFD Toolbox           |
|  \\    /   O peration     | Version:  2412                                  |
|   \\  /    A nd           | Website:  www.openfoam.com                      |
|    \\/     M anipulation  |                                                 |
\*---------------------------------------------------------------------------*/
FoamFile
{
    version     2.0;
    format      ascii;
    arch        "LSB;label=32;scalar=64";
    class       volVectorField;
    location    "0.00737604";
    object      U;
}
// * * * * * * * * * * * * * * * * * * * * * * * * * * * * * * * * * * * * * //

dimensions      [0 1 -1 0 0 0 0];

internalField   nonuniform List<vector> 
100
(
(-6.03344e-15 0 0)
(1.47175e-14 0 0)
(-6.78955e-14 0 0)
(-2.58514e-14 0 0)
(-8.85961e-14 0 0)
(-9.52784e-14 0 0)
(-4.8805e-14 0 0)
(-1.07608e-13 0 0)
(-1.71697e-13 0 0)
(-2.17159e-13 0 0)
(-2.59142e-13 0 0)
(-2.28975e-13 0 0)
(-8.08477e-14 0 0)
(9.01269e-14 0 0)
(1.07309e-13 0 0)
(8.57241e-14 0 0)
(1.37203e-13 0 0)
(1.46734e-13 0 0)
(1.12426e-13 0 0)
(1.405e-12 0 0)
(6.96169e-10 0 0)
(2.84381e-07 0 0)
(7.46328e-05 0 0)
(0.00933086 0 0)
(0.388371 0 0)
(4.2616 0 0)
(15.8897 0 0)
(31.518 0 0)
(46.0888 0 0)
(58.7767 0 0)
(70.3793 0 0)
(81.5707 0 0)
(92.5942 0 0)
(103.727 0 0)
(114.615 0 0)
(126.129 0 0)
(136.527 0 0)
(148.714 0 0)
(158.54 0 0)
(170.156 0 0)
(181.265 0 0)
(190.691 0 0)
(202.667 0 0)
(212.775 0 0)
(224.87 0 0)
(234.355 0 0)
(244.958 0 0)
(257.383 0 0)
(268.971 0 0)
(276.462 0 0)
(278.284 0 0)
(280.731 0 0)
(288.115 0 0)
(288.396 0 0)
(282.956 0 0)
(276.903 0 0)
(278.28 0 0)
(288.722 0 0)
(288.899 0 0)
(283.471 0 0)
(277.91 0 0)
(278.015 0 0)
(285.695 0 0)
(287.254 0 0)
(285.555 0 0)
(280.977 0 0)
(277.746 0 0)
(279.341 0 0)
(282.44 0 0)
(283.204 0 0)
(279.725 0 0)
(281.01 0 0)
(283.327 0 0)
(284.383 0 0)
(283.063 0 0)
(278.274 0 0)
(276.95 0 0)
(276.817 0 0)
(277.865 0 0)
(282.296 0 0)
(283.82 0 0)
(283.603 0 0)
(284.05 0 0)
(289.656 0 0)
(286.302 0 0)
(204.956 0 0)
(22.4298 0 0)
(0.0851414 0 0)
(2.98594e-05 0 0)
(2.68798e-09 0 0)
(1.05833e-13 0 0)
(-2.74413e-13 0 0)
(-2.30797e-13 0 0)
(-2.37565e-13 0 0)
(-2.32196e-13 0 0)
(-2.59211e-13 0 0)
(-1.51276e-13 0 0)
(1.89028e-14 0 0)
(8.03787e-14 0 0)
(4.37628e-14 0 0)
)
;

boundaryField
{
    sides
    {
        type            fixedValue;
        value           uniform (0 0 0);
    }
    empty
    {
        type            empty;
    }
}


// ************************************************************************* //
