/*--------------------------------*- C++ -*----------------------------------*\
| =========                 |                                                 |
| \\      /  F ield         | OpenFOAM: The Open Source CFD Toolbox           |
|  \\    /   O peration     | Version:  2412                                  |
|   \\  /    A nd           | Website:  www.openfoam.com                      |
|    \\/     M anipulation  |                                                 |
\*---------------------------------------------------------------------------*/
FoamFile
{
    version     2.0;
    format      ascii;
    arch        "LSB;label=32;scalar=64";
    class       volVectorField;
    location    "0.0185625";
    object      U;
}
// * * * * * * * * * * * * * * * * * * * * * * * * * * * * * * * * * * * * * //

dimensions      [0 1 -1 0 0 0 0];

internalField   nonuniform List<vector> 
100
(
(4.19217 0 0)
(12.6166 0 0)
(20.704 0 0)
(28.7966 0 0)
(36.8228 0 0)
(45.0283 0 0)
(53.7178 0 0)
(62.999 0 0)
(73.4637 0 0)
(85.229 0 0)
(97.5794 0 0)
(109.244 0 0)
(119.183 0 0)
(127.495 0 0)
(132.996 0 0)
(136.527 0 0)
(139.674 0 0)
(143.499 0 0)
(147.677 0 0)
(152.744 0 0)
(157.124 0 0)
(162.12 0 0)
(166.27 0 0)
(171.006 0 0)
(175.467 0 0)
(179.893 0 0)
(184.6 0 0)
(188.83 0 0)
(193.621 0 0)
(197.779 0 0)
(202.6 0 0)
(206.855 0 0)
(211.611 0 0)
(215.952 0 0)
(220.672 0 0)
(225.147 0 0)
(229.784 0 0)
(234.277 0 0)
(238.871 0 0)
(243.442 0 0)
(248.017 0 0)
(252.522 0 0)
(256.88 0 0)
(261.332 0 0)
(265.884 0 0)
(270.077 0 0)
(273.793 0 0)
(278.054 0 0)
(281.407 0 0)
(283.162 0 0)
(284.305 0 0)
(283.966 0 0)
(283.179 0 0)
(283.761 0 0)
(284.485 0 0)
(281.806 0 0)
(280.299 0 0)
(283.426 0 0)
(287.396 0 0)
(286.257 0 0)
(278.034 0 0)
(276.009 0 0)
(286.866 0 0)
(291.243 0 0)
(286.069 0 0)
(274.47 0 0)
(272.808 0 0)
(288.468 0 0)
(291.977 0 0)
(286.373 0 0)
(273.89 0 0)
(273.03 0 0)
(285.611 0 0)
(292.238 0 0)
(288.66 0 0)
(274.511 0 0)
(274.262 0 0)
(278.12 0 0)
(290.036 0 0)
(290.225 0 0)
(271.463 0 0)
(109.158 0 0)
(6.58947 0 0)
(22.7803 0 0)
(8.25644 0 0)
(3.00534 0 0)
(15.055 0 0)
(24.7136 0 0)
(15.8287 0 0)
(20.1209 0 0)
(14.629 0 0)
(7.68958 0 0)
(3.33893 0 0)
(5.61134 0 0)
(9.43689 0 0)
(12.656 0 0)
(10.5825 0 0)
(3.60929 0 0)
(-0.656289 0 0)
(-0.484644 0 0)
)
;

boundaryField
{
    sides
    {
        type            fixedValue;
        value           uniform (0 0 0);
    }
    empty
    {
        type            empty;
    }
}


// ************************************************************************* //
