/*--------------------------------*- C++ -*----------------------------------*\
| =========                 |                                                 |
| \\      /  F ield         | OpenFOAM: The Open Source CFD Toolbox           |
|  \\    /   O peration     | Version:  2412                                  |
|   \\  /    A nd           | Website:  www.openfoam.com                      |
|    \\/     M anipulation  |                                                 |
\*---------------------------------------------------------------------------*/
FoamFile
{
    version     2.0;
    format      ascii;
    arch        "LSB;label=32;scalar=64";
    class       volVectorField;
    location    "0.0091919";
    object      U;
}
// * * * * * * * * * * * * * * * * * * * * * * * * * * * * * * * * * * * * * //

dimensions      [0 1 -1 0 0 0 0];

internalField   nonuniform List<vector> 
100
(
(3.48556e-14 0 0)
(-8.96803e-15 0 0)
(3.04962e-14 0 0)
(-8.14443e-14 0 0)
(-4.7688e-14 0 0)
(5.10336e-14 0 0)
(1.35905e-13 0 0)
(7.03563e-14 0 0)
(7.20934e-14 0 0)
(3.47014e-14 0 0)
(5.01268e-14 0 0)
(3.95694e-14 0 0)
(8.07204e-15 0 0)
(3.80225e-13 0 0)
(1.41056e-10 0 0)
(6.17362e-08 0 0)
(1.83198e-05 0 0)
(0.00281598 0 0)
(0.158751 0 0)
(2.40787 0 0)
(11.2258 0 0)
(24.9213 0 0)
(38.1037 0 0)
(49.216 0 0)
(58.9727 0 0)
(68.1448 0 0)
(77.1238 0 0)
(86.0676 0 0)
(95.0014 0 0)
(104.001 0 0)
(112.922 0 0)
(122.1 0 0)
(130.8 0 0)
(140.353 0 0)
(148.521 0 0)
(158.408 0 0)
(166.528 0 0)
(175.48 0 0)
(184.866 0 0)
(192.609 0 0)
(202.15 0 0)
(210.455 0 0)
(219.937 0 0)
(228.406 0 0)
(237.553 0 0)
(245.818 0 0)
(255.493 0 0)
(264.537 0 0)
(271.87 0 0)
(275.875 0 0)
(280.063 0 0)
(287.6 0 0)
(288.837 0 0)
(284.529 0 0)
(277.543 0 0)
(277.123 0 0)
(288.368 0 0)
(289.604 0 0)
(283.961 0 0)
(276.7 0 0)
(276.7 0 0)
(286.448 0 0)
(287.802 0 0)
(285.03 0 0)
(278.161 0 0)
(278.188 0 0)
(282.368 0 0)
(288.711 0 0)
(287.162 0 0)
(285.766 0 0)
(279.275 0 0)
(277.99 0 0)
(279.347 0 0)
(281.046 0 0)
(279.674 0 0)
(279.433 0 0)
(282.478 0 0)
(284.156 0 0)
(282.77 0 0)
(279.835 0 0)
(279.581 0 0)
(279.815 0 0)
(281.548 0 0)
(283.518 0 0)
(283.64 0 0)
(282.435 0 0)
(278.212 0 0)
(276.732 0 0)
(276.652 0 0)
(276.781 0 0)
(278.253 0 0)
(286.29 0 0)
(297.867 0 0)
(287.334 0 0)
(165.786 0 0)
(8.10359 0 0)
(0.0154809 0 0)
(3.69927e-06 0 0)
(3.07285e-10 0 0)
(1.08714e-13 0 0)
)
;

boundaryField
{
    sides
    {
        type            fixedValue;
        value           uniform (0 0 0);
    }
    empty
    {
        type            empty;
    }
}


// ************************************************************************* //
