/*--------------------------------*- C++ -*----------------------------------*\
| =========                 |                                                 |
| \\      /  F ield         | OpenFOAM: The Open Source CFD Toolbox           |
|  \\    /   O peration     | Version:  2412                                  |
|   \\  /    A nd           | Website:  www.openfoam.com                      |
|    \\/     M anipulation  |                                                 |
\*---------------------------------------------------------------------------*/
FoamFile
{
    version     2.0;
    format      ascii;
    arch        "LSB;label=32;scalar=64";
    class       volVectorField;
    location    "0.045348";
    object      U;
}
// * * * * * * * * * * * * * * * * * * * * * * * * * * * * * * * * * * * * * //

dimensions      [0 1 -1 0 0 0 0];

internalField   nonuniform List<vector> 
100
(
(1.95971 0 0)
(2.05576 0 0)
(-107.574 0 0)
(-232.145 0 0)
(-245.949 0 0)
(-238.99 0 0)
(-237.633 0 0)
(-246.538 0 0)
(-249.579 0 0)
(-248.008 0 0)
(-245.853 0 0)
(-239.895 0 0)
(-222.246 0 0)
(-209.406 0 0)
(-205.657 0 0)
(-204.414 0 0)
(-204.384 0 0)
(-213.753 0 0)
(-221.918 0 0)
(-222.106 0 0)
(-220.289 0 0)
(-217.104 0 0)
(-208.569 0 0)
(-202.436 0 0)
(-200.097 0 0)
(-199.68 0 0)
(-202.071 0 0)
(-202.85 0 0)
(-201.205 0 0)
(-196.649 0 0)
(-187.85 0 0)
(-182.799 0 0)
(-181.118 0 0)
(-182.959 0 0)
(-187.142 0 0)
(-187.148 0 0)
(-184.888 0 0)
(-177.879 0 0)
(-168.769 0 0)
(-164.913 0 0)
(-164.046 0 0)
(-169.804 0 0)
(-178.236 0 0)
(-179.11 0 0)
(-176.948 0 0)
(-170.143 0 0)
(-155.304 0 0)
(-146.209 0 0)
(-142.932 0 0)
(-142.197 0 0)
(-144.491 0 0)
(-150.418 0 0)
(-152.518 0 0)
(-151.568 0 0)
(-149.604 0 0)
(-145.797 0 0)
(-142.104 0 0)
(-139.999 0 0)
(-137.788 0 0)
(-133.928 0 0)
(-129.558 0 0)
(-127.33 0 0)
(-126.615 0 0)
(-127.095 0 0)
(-127.005 0 0)
(-125.414 0 0)
(-121.29 0 0)
(-115.249 0 0)
(-112.134 0 0)
(-111.603 0 0)
(-120.072 0 0)
(-130.549 0 0)
(-132.701 0 0)
(-131.112 0 0)
(-125.501 0 0)
(-112.051 0 0)
(-92.6297 0 0)
(-81.0716 0 0)
(-72.4933 0 0)
(-69.1201 0 0)
(-65.932 0 0)
(-62.1649 0 0)
(-60.5235 0 0)
(-58.4496 0 0)
(-58.4308 0 0)
(-56.7173 0 0)
(-54.4919 0 0)
(-50.3944 0 0)
(-45.7299 0 0)
(-39.7615 0 0)
(-34.295 0 0)
(-29.6386 0 0)
(-26.0528 0 0)
(-22.5319 0 0)
(-20.507 0 0)
(-18.4371 0 0)
(-15.1681 0 0)
(-11.4007 0 0)
(-6.90209 0 0)
(-2.64676 0 0)
)
;

boundaryField
{
    sides
    {
        type            fixedValue;
        value           uniform (0 0 0);
    }
    empty
    {
        type            empty;
    }
}


// ************************************************************************* //
