/*--------------------------------*- C++ -*----------------------------------*\
| =========                 |                                                 |
| \\      /  F ield         | OpenFOAM: The Open Source CFD Toolbox           |
|  \\    /   O peration     | Version:  2412                                  |
|   \\  /    A nd           | Website:  www.openfoam.com                      |
|    \\/     M anipulation  |                                                 |
\*---------------------------------------------------------------------------*/
FoamFile
{
    version     2.0;
    format      ascii;
    arch        "LSB;label=32;scalar=64";
    class       volVectorField;
    location    "0.0513989";
    object      U;
}
// * * * * * * * * * * * * * * * * * * * * * * * * * * * * * * * * * * * * * //

dimensions      [0 1 -1 0 0 0 0];

internalField   nonuniform List<vector> 
100
(
(-3.3803 0 0)
(-7.02455 0 0)
(0.07891 0 0)
(10.0308 0 0)
(9.29896 0 0)
(4.99689 0 0)
(-4.59444 0 0)
(-7.27108 0 0)
(-9.56089 0 0)
(-10.8106 0 0)
(-12.4352 0 0)
(-3.94274 0 0)
(-39.0342 0 0)
(-161.072 0 0)
(-244.306 0 0)
(-225.46 0 0)
(-211.862 0 0)
(-208.646 0 0)
(-207.691 0 0)
(-206.931 0 0)
(-213.513 0 0)
(-225.785 0 0)
(-227.993 0 0)
(-226.57 0 0)
(-223.558 0 0)
(-218.227 0 0)
(-214.147 0 0)
(-212.152 0 0)
(-209.859 0 0)
(-205.844 0 0)
(-200.94 0 0)
(-198.59 0 0)
(-197.154 0 0)
(-197.589 0 0)
(-200.505 0 0)
(-200.891 0 0)
(-199.304 0 0)
(-195.392 0 0)
(-187.668 0 0)
(-183.348 0 0)
(-182.055 0 0)
(-189.702 0 0)
(-209.284 0 0)
(-214.394 0 0)
(-213.089 0 0)
(-210.853 0 0)
(-204.334 0 0)
(-181.794 0 0)
(-158.727 0 0)
(-149.328 0 0)
(-145.801 0 0)
(-143.918 0 0)
(-141.952 0 0)
(-138.747 0 0)
(-134.753 0 0)
(-131.722 0 0)
(-130.507 0 0)
(-129.654 0 0)
(-129.201 0 0)
(-129.29 0 0)
(-129.298 0 0)
(-128.683 0 0)
(-127.028 0 0)
(-123.022 0 0)
(-114.907 0 0)
(-107.161 0 0)
(-101.83 0 0)
(-98.0925 0 0)
(-95.5488 0 0)
(-94.4919 0 0)
(-93.8372 0 0)
(-93.0798 0 0)
(-92.2883 0 0)
(-89.1075 0 0)
(-84.9104 0 0)
(-79.6426 0 0)
(-75.5097 0 0)
(-71.9667 0 0)
(-68.8617 0 0)
(-66.3189 0 0)
(-62.378 0 0)
(-59.6082 0 0)
(-55.6379 0 0)
(-52.7739 0 0)
(-49.6602 0 0)
(-46.5931 0 0)
(-43.7882 0 0)
(-39.548 0 0)
(-36.9083 0 0)
(-33.303 0 0)
(-30.3166 0 0)
(-27.1585 0 0)
(-24.3011 0 0)
(-20.8148 0 0)
(-17.5419 0 0)
(-14.0654 0 0)
(-10.4326 0 0)
(-7.56217 0 0)
(-4.25046 0 0)
(-1.62828 0 0)
)
;

boundaryField
{
    sides
    {
        type            fixedValue;
        value           uniform (0 0 0);
    }
    empty
    {
        type            empty;
    }
}


// ************************************************************************* //
