/*--------------------------------*- C++ -*----------------------------------*\
| =========                 |                                                 |
| \\      /  F ield         | OpenFOAM: The Open Source CFD Toolbox           |
|  \\    /   O peration     | Version:  2412                                  |
|   \\  /    A nd           | Website:  www.openfoam.com                      |
|    \\/     M anipulation  |                                                 |
\*---------------------------------------------------------------------------*/
FoamFile
{
    version     2.0;
    format      ascii;
    arch        "LSB;label=32;scalar=64";
    class       volVectorField;
    location    "0.0164991";
    object      U;
}
// * * * * * * * * * * * * * * * * * * * * * * * * * * * * * * * * * * * * * //

dimensions      [0 1 -1 0 0 0 0];

internalField   nonuniform List<vector> 
100
(
(8.60805 0 0)
(21.2105 0 0)
(35.2715 0 0)
(47.9825 0 0)
(57.7078 0 0)
(65.0221 0 0)
(70.0282 0 0)
(74.5112 0 0)
(79.2493 0 0)
(84.2671 0 0)
(89.3959 0 0)
(94.5281 0 0)
(99.6425 0 0)
(104.754 0 0)
(109.871 0 0)
(115.002 0 0)
(120.126 0 0)
(125.285 0 0)
(130.379 0 0)
(135.592 0 0)
(140.566 0 0)
(145.891 0 0)
(150.637 0 0)
(156.124 0 0)
(160.727 0 0)
(166.211 0 0)
(171.046 0 0)
(176.147 0 0)
(181.369 0 0)
(186.121 0 0)
(191.467 0 0)
(196.146 0 0)
(201.572 0 0)
(206.267 0 0)
(211.613 0 0)
(216.495 0 0)
(221.821 0 0)
(226.78 0 0)
(231.961 0 0)
(237.022 0 0)
(242.234 0 0)
(247.332 0 0)
(252.291 0 0)
(257.227 0 0)
(262.325 0 0)
(267.235 0 0)
(271.456 0 0)
(276.176 0 0)
(280.264 0 0)
(282.958 0 0)
(284.087 0 0)
(283.801 0 0)
(282.861 0 0)
(284.349 0 0)
(285.565 0 0)
(281.807 0 0)
(279.234 0 0)
(281.524 0 0)
(288.092 0 0)
(289.122 0 0)
(278.068 0 0)
(275.613 0 0)
(282.048 0 0)
(291.155 0 0)
(290.626 0 0)
(275.752 0 0)
(274.229 0 0)
(280.834 0 0)
(291.117 0 0)
(291.017 0 0)
(277.817 0 0)
(274.628 0 0)
(278.107 0 0)
(289.798 0 0)
(288.776 0 0)
(283.494 0 0)
(274.962 0 0)
(275.243 0 0)
(281.65 0 0)
(288.996 0 0)
(287.178 0 0)
(282.224 0 0)
(274.475 0 0)
(278.306 0 0)
(278.133 0 0)
(148.106 0 0)
(20.9 0 0)
(13.2728 0 0)
(15.4966 0 0)
(18.3803 0 0)
(19.7988 0 0)
(25.7631 0 0)
(26.6991 0 0)
(23.3698 0 0)
(16.3039 0 0)
(10.4929 0 0)
(5.45153 0 0)
(2.73717 0 0)
(3.40822 0 0)
(-1.37726 0 0)
)
;

boundaryField
{
    sides
    {
        type            fixedValue;
        value           uniform (0 0 0);
    }
    empty
    {
        type            empty;
    }
}


// ************************************************************************* //
