/*--------------------------------*- C++ -*----------------------------------*\
| =========                 |                                                 |
| \\      /  F ield         | OpenFOAM: The Open Source CFD Toolbox           |
|  \\    /   O peration     | Version:  2412                                  |
|   \\  /    A nd           | Website:  www.openfoam.com                      |
|    \\/     M anipulation  |                                                 |
\*---------------------------------------------------------------------------*/
FoamFile
{
    version     2.0;
    format      ascii;
    arch        "LSB;label=32;scalar=64";
    class       volVectorField;
    location    "0.0288769";
    object      U;
}
// * * * * * * * * * * * * * * * * * * * * * * * * * * * * * * * * * * * * * //

dimensions      [0 1 -1 0 0 0 0];

internalField   nonuniform List<vector> 
100
(
(2.41119 0 0)
(7.27467 0 0)
(12.0889 0 0)
(16.9333 0 0)
(21.7062 0 0)
(26.5663 0 0)
(31.2695 0 0)
(36.2189 0 0)
(40.8104 0 0)
(45.9152 0 0)
(50.3856 0 0)
(55.5413 0 0)
(60.0495 0 0)
(65.1103 0 0)
(69.8746 0 0)
(74.7055 0 0)
(79.7091 0 0)
(84.3394 0 0)
(89.4657 0 0)
(94.0353 0 0)
(99.177 0 0)
(103.797 0 0)
(108.892 0 0)
(113.594 0 0)
(118.612 0 0)
(123.375 0 0)
(128.331 0 0)
(133.148 0 0)
(138.067 0 0)
(142.903 0 0)
(147.79 0 0)
(152.639 0 0)
(157.508 0 0)
(162.362 0 0)
(167.223 0 0)
(172.081 0 0)
(176.913 0 0)
(181.738 0 0)
(186.579 0 0)
(191.371 0 0)
(196.015 0 0)
(200.64 0 0)
(205.385 0 0)
(209.894 0 0)
(214.349 0 0)
(218.989 0 0)
(223.319 0 0)
(226.757 0 0)
(229.127 0 0)
(231.052 0 0)
(233.099 0 0)
(234.957 0 0)
(236.285 0 0)
(237.157 0 0)
(237.92 0 0)
(239.188 0 0)
(243.81 0 0)
(250.602 0 0)
(257.088 0 0)
(213.357 0 0)
(27.7006 0 0)
(-35.1763 0 0)
(-25.8603 0 0)
(-8.09111 0 0)
(0.663931 0 0)
(5.0662 0 0)
(6.96461 0 0)
(0.0878488 0 0)
(3.45862 0 0)
(-1.13564 0 0)
(6.5839 0 0)
(3.63334 0 0)
(1.07215 0 0)
(-0.488721 0 0)
(-7.92719 0 0)
(-0.737679 0 0)
(-0.316735 0 0)
(5.60581 0 0)
(6.73568 0 0)
(1.17591 0 0)
(-3.45133 0 0)
(-5.9852 0 0)
(-3.91279 0 0)
(0.586322 0 0)
(2.8478 0 0)
(3.50618 0 0)
(1.90895 0 0)
(-0.136409 0 0)
(-1.34165 0 0)
(-1.21595 0 0)
(0.92375 0 0)
(2.93387 0 0)
(0.692835 0 0)
(-3.12078 0 0)
(-3.66603 0 0)
(-3.90571 0 0)
(-0.421035 0 0)
(1.38221 0 0)
(3.02119 0 0)
(-0.05191 0 0)
)
;

boundaryField
{
    sides
    {
        type            fixedValue;
        value           uniform (0 0 0);
    }
    empty
    {
        type            empty;
    }
}


// ************************************************************************* //
