/*--------------------------------*- C++ -*----------------------------------*\
| =========                 |                                                 |
| \\      /  F ield         | OpenFOAM: The Open Source CFD Toolbox           |
|  \\    /   O peration     | Version:  2412                                  |
|   \\  /    A nd           | Website:  www.openfoam.com                      |
|    \\/     M anipulation  |                                                 |
\*---------------------------------------------------------------------------*/
FoamFile
{
    version     2.0;
    format      ascii;
    arch        "LSB;label=32;scalar=64";
    class       volVectorField;
    location    "0.0491803";
    object      U;
}
// * * * * * * * * * * * * * * * * * * * * * * * * * * * * * * * * * * * * * //

dimensions      [0 1 -1 0 0 0 0];

internalField   nonuniform List<vector> 
100
(
(-9.65481 0 0)
(-33.2202 0 0)
(-33.9663 0 0)
(-19.8998 0 0)
(6.70781 0 0)
(33.2769 0 0)
(21.8602 0 0)
(-70.0938 0 0)
(-230.931 0 0)
(-242.326 0 0)
(-231.889 0 0)
(-226.3 0 0)
(-225.052 0 0)
(-226.3 0 0)
(-232.954 0 0)
(-234.355 0 0)
(-233.023 0 0)
(-228.566 0 0)
(-217.163 0 0)
(-210.486 0 0)
(-208.353 0 0)
(-209.448 0 0)
(-221.446 0 0)
(-229.122 0 0)
(-228.308 0 0)
(-226.161 0 0)
(-216.389 0 0)
(-197.569 0 0)
(-188.496 0 0)
(-185.93 0 0)
(-184.7 0 0)
(-185.846 0 0)
(-195.125 0 0)
(-201.117 0 0)
(-200.516 0 0)
(-198.603 0 0)
(-194.733 0 0)
(-190.301 0 0)
(-187.494 0 0)
(-185.53 0 0)
(-182.273 0 0)
(-177.614 0 0)
(-174.33 0 0)
(-172.955 0 0)
(-172.732 0 0)
(-174.7 0 0)
(-175.147 0 0)
(-173.754 0 0)
(-169.784 0 0)
(-162.98 0 0)
(-158.884 0 0)
(-157.738 0 0)
(-164.752 0 0)
(-181.195 0 0)
(-185.918 0 0)
(-184.861 0 0)
(-182.201 0 0)
(-173.513 0 0)
(-151.642 0 0)
(-132.862 0 0)
(-124.465 0 0)
(-120.571 0 0)
(-117.543 0 0)
(-114.509 0 0)
(-110.975 0 0)
(-107.866 0 0)
(-106.25 0 0)
(-105.443 0 0)
(-104.841 0 0)
(-104.219 0 0)
(-103.884 0 0)
(-102.066 0 0)
(-98.6496 0 0)
(-92.0429 0 0)
(-85.6171 0 0)
(-79.7742 0 0)
(-75.1514 0 0)
(-72.5362 0 0)
(-70.1872 0 0)
(-69.6761 0 0)
(-67.6303 0 0)
(-66.7326 0 0)
(-62.3263 0 0)
(-58.0002 0 0)
(-53.8022 0 0)
(-49.7591 0 0)
(-47.3085 0 0)
(-43.1471 0 0)
(-39.4815 0 0)
(-35.462 0 0)
(-32.1033 0 0)
(-28.5246 0 0)
(-25.2111 0 0)
(-21.6297 0 0)
(-18.4251 0 0)
(-15.3801 0 0)
(-12.1028 0 0)
(-9.0739 0 0)
(-5.21615 0 0)
(-1.90751 0 0)
)
;

boundaryField
{
    sides
    {
        type            fixedValue;
        value           uniform (0 0 0);
    }
    empty
    {
        type            empty;
    }
}


// ************************************************************************* //
