/*--------------------------------*- C++ -*----------------------------------*\
| =========                 |                                                 |
| \\      /  F ield         | OpenFOAM: The Open Source CFD Toolbox           |
|  \\    /   O peration     | Version:  2412                                  |
|   \\  /    A nd           | Website:  www.openfoam.com                      |
|    \\/     M anipulation  |                                                 |
\*---------------------------------------------------------------------------*/
FoamFile
{
    version     2.0;
    format      ascii;
    arch        "LSB;label=32;scalar=64";
    class       volVectorField;
    location    "0.0108108";
    object      U;
}
// * * * * * * * * * * * * * * * * * * * * * * * * * * * * * * * * * * * * * //

dimensions      [0 1 -1 0 0 0 0];

internalField   nonuniform List<vector> 
100
(
(-3.56685e-14 0 0)
(-8.27204e-15 0 0)
(-1.94884e-15 0 0)
(-2.34103e-15 0 0)
(7.29113e-14 0 0)
(1.47847e-13 0 0)
(8.11257e-14 0 0)
(3.04907e-14 0 0)
(7.61402e-13 0 0)
(2.98303e-10 0 0)
(1.2411e-07 0 0)
(3.42712e-05 0 0)
(0.00472597 0 0)
(0.228481 0 0)
(2.9278 0 0)
(12.0599 0 0)
(24.9214 0 0)
(36.6518 0 0)
(46.2903 0 0)
(54.6614 0 0)
(62.4985 0 0)
(70.1674 0 0)
(77.804 0 0)
(85.4486 0 0)
(93.1032 0 0)
(100.787 0 0)
(108.46 0 0)
(116.224 0 0)
(123.84 0 0)
(131.777 0 0)
(139.102 0 0)
(147.358 0 0)
(154.262 0 0)
(162.642 0 0)
(169.763 0 0)
(177.274 0 0)
(185.345 0 0)
(192.131 0 0)
(200.219 0 0)
(207.327 0 0)
(215.514 0 0)
(222.636 0 0)
(230.64 0 0)
(238.021 0 0)
(245.739 0 0)
(253.55 0 0)
(261.534 0 0)
(267.181 0 0)
(272.712 0 0)
(279.131 0 0)
(285.941 0 0)
(288.649 0 0)
(282.842 0 0)
(278.524 0 0)
(280.086 0 0)
(288.271 0 0)
(289.413 0 0)
(279.348 0 0)
(275.687 0 0)
(279.685 0 0)
(289.011 0 0)
(289.361 0 0)
(280.52 0 0)
(276.952 0 0)
(279.601 0 0)
(288.748 0 0)
(288.136 0 0)
(284.11 0 0)
(277.52 0 0)
(277.634 0 0)
(281.14 0 0)
(287.672 0 0)
(285.927 0 0)
(284.89 0 0)
(280.226 0 0)
(278.082 0 0)
(279.833 0 0)
(281.38 0 0)
(281.71 0 0)
(283.509 0 0)
(284.161 0 0)
(280.241 0 0)
(277.442 0 0)
(277.954 0 0)
(278.797 0 0)
(281.377 0 0)
(283.336 0 0)
(283.309 0 0)
(282.178 0 0)
(280.042 0 0)
(279.701 0 0)
(280.158 0 0)
(282.604 0 0)
(283.762 0 0)
(283.833 0 0)
(282.64 0 0)
(277.257 0 0)
(277.589 0 0)
(194.136 0 0)
(147.203 0 0)
)
;

boundaryField
{
    sides
    {
        type            fixedValue;
        value           uniform (0 0 0);
    }
    empty
    {
        type            empty;
    }
}


// ************************************************************************* //
