/*--------------------------------*- C++ -*----------------------------------*\
| =========                 |                                                 |
| \\      /  F ield         | OpenFOAM: The Open Source CFD Toolbox           |
|  \\    /   O peration     | Version:  2412                                  |
|   \\  /    A nd           | Website:  www.openfoam.com                      |
|    \\/     M anipulation  |                                                 |
\*---------------------------------------------------------------------------*/
FoamFile
{
    version     2.0;
    format      ascii;
    arch        "LSB;label=32;scalar=64";
    class       volVectorField;
    location    "0.0267526";
    object      U;
}
// * * * * * * * * * * * * * * * * * * * * * * * * * * * * * * * * * * * * * //

dimensions      [0 1 -1 0 0 0 0];

internalField   nonuniform List<vector> 
100
(
(2.60972 0 0)
(7.89482 0 0)
(13.1692 0 0)
(18.4841 0 0)
(23.7922 0 0)
(29.1278 0 0)
(34.4053 0 0)
(39.7916 0 0)
(44.9778 0 0)
(50.4861 0 0)
(55.5225 0 0)
(61.1442 0 0)
(66.0769 0 0)
(71.6929 0 0)
(76.7555 0 0)
(82.2166 0 0)
(87.54 0 0)
(92.734 0 0)
(98.2286 0 0)
(103.258 0 0)
(108.842 0 0)
(113.882 0 0)
(119.464 0 0)
(124.57 0 0)
(130.098 0 0)
(135.303 0 0)
(140.775 0 0)
(146.033 0 0)
(151.433 0 0)
(156.706 0 0)
(162.042 0 0)
(167.312 0 0)
(172.657 0 0)
(178.031 0 0)
(183.496 0 0)
(189.005 0 0)
(194.495 0 0)
(199.829 0 0)
(204.98 0 0)
(210.036 0 0)
(214.918 0 0)
(219.57 0 0)
(224.157 0 0)
(228.712 0 0)
(233.407 0 0)
(239.587 0 0)
(247.266 0 0)
(252.799 0 0)
(253.981 0 0)
(254.096 0 0)
(255.15 0 0)
(261.563 0 0)
(280.129 0 0)
(288.651 0 0)
(289.882 0 0)
(289.318 0 0)
(288.985 0 0)
(289.981 0 0)
(289.809 0 0)
(285.465 0 0)
(279.457 0 0)
(281.616 0 0)
(284.026 0 0)
(281.144 0 0)
(145.946 0 0)
(20.4913 0 0)
(5.97341 0 0)
(4.03534 0 0)
(5.94188 0 0)
(-6.3311 0 0)
(-0.828838 0 0)
(-5.99859 0 0)
(-7.72689 0 0)
(-3.85517 0 0)
(-7.30556 0 0)
(6.77019 0 0)
(6.48508 0 0)
(7.42254 0 0)
(6.01649 0 0)
(-2.75562 0 0)
(-4.47706 0 0)
(-3.62306 0 0)
(-0.851847 0 0)
(5.26517 0 0)
(6.69644 0 0)
(5.65887 0 0)
(0.241801 0 0)
(-5.52556 0 0)
(-7.7025 0 0)
(-5.26796 0 0)
(-1.29469 0 0)
(2.38836 0 0)
(2.06862 0 0)
(1.99484 0 0)
(2.86522 0 0)
(1.64792 0 0)
(0.938264 0 0)
(-0.717239 0 0)
(-0.57078 0 0)
(-2.50266 0 0)
)
;

boundaryField
{
    sides
    {
        type            fixedValue;
        value           uniform (0 0 0);
    }
    empty
    {
        type            empty;
    }
}


// ************************************************************************* //
