/*--------------------------------*- C++ -*----------------------------------*\
| =========                 |                                                 |
| \\      /  F ield         | OpenFOAM: The Open Source CFD Toolbox           |
|  \\    /   O peration     | Version:  2412                                  |
|   \\  /    A nd           | Website:  www.openfoam.com                      |
|    \\/     M anipulation  |                                                 |
\*---------------------------------------------------------------------------*/
FoamFile
{
    version     2.0;
    format      ascii;
    arch        "LSB;label=32;scalar=64";
    class       volVectorField;
    location    "0.0343988";
    object      U;
}
// * * * * * * * * * * * * * * * * * * * * * * * * * * * * * * * * * * * * * //

dimensions      [0 1 -1 0 0 0 0];

internalField   nonuniform List<vector> 
100
(
(1.92128 0 0)
(5.89114 0 0)
(9.7256 0 0)
(13.7357 0 0)
(17.4938 0 0)
(21.6235 0 0)
(25.2654 0 0)
(29.532 0 0)
(33.0704 0 0)
(37.3372 0 0)
(40.9719 0 0)
(45.0635 0 0)
(48.9656 0 0)
(52.8202 0 0)
(56.9594 0 0)
(60.6196 0 0)
(64.8436 0 0)
(68.4784 0 0)
(72.7012 0 0)
(76.402 0 0)
(80.5558 0 0)
(84.3371 0 0)
(88.4102 0 0)
(92.2543 0 0)
(96.2635 0 0)
(100.136 0 0)
(104.072 0 0)
(107.935 0 0)
(111.823 0 0)
(115.697 0 0)
(119.605 0 0)
(123.519 0 0)
(127.459 0 0)
(131.358 0 0)
(135.244 0 0)
(139.033 0 0)
(142.8 0 0)
(146.59 0 0)
(150.252 0 0)
(153.902 0 0)
(157.399 0 0)
(160.727 0 0)
(163.992 0 0)
(152.42 0 0)
(-26.5768 0 0)
(-123.013 0 0)
(-122.685 0 0)
(-105.14 0 0)
(-98.9349 0 0)
(-98.17 0 0)
(-97.2678 0 0)
(-97.1569 0 0)
(-97.906 0 0)
(-97.2586 0 0)
(-92.9997 0 0)
(-87.3671 0 0)
(-82.1301 0 0)
(-80.9334 0 0)
(-79.699 0 0)
(-78.9389 0 0)
(-78.77 0 0)
(-77.6257 0 0)
(-76.4914 0 0)
(-68.6512 0 0)
(-62.5701 0 0)
(-54.5059 0 0)
(-52.2634 0 0)
(-52.4672 0 0)
(-50.1528 0 0)
(-53.1763 0 0)
(-48.586 0 0)
(-48.5469 0 0)
(-44.9063 0 0)
(-41.9414 0 0)
(-38.458 0 0)
(-33.1168 0 0)
(-34.5193 0 0)
(-31.6878 0 0)
(-28.2579 0 0)
(-23.6886 0 0)
(-20.9554 0 0)
(-11.7231 0 0)
(1.48925 0 0)
(9.09406 0 0)
(11.8583 0 0)
(11.9208 0 0)
(7.15038 0 0)
(0.21342 0 0)
(-6.5064 0 0)
(-7.86598 0 0)
(-4.74786 0 0)
(0.923573 0 0)
(3.17718 0 0)
(2.38137 0 0)
(1.83991 0 0)
(0.140825 0 0)
(-0.82348 0 0)
(-0.544719 0 0)
(-0.221882 0 0)
(-1.06988 0 0)
)
;

boundaryField
{
    sides
    {
        type            fixedValue;
        value           uniform (0 0 0);
    }
    empty
    {
        type            empty;
    }
}


// ************************************************************************* //
