/*--------------------------------*- C++ -*----------------------------------*\
| =========                 |                                                 |
| \\      /  F ield         | OpenFOAM: The Open Source CFD Toolbox           |
|  \\    /   O peration     | Version:  2412                                  |
|   \\  /    A nd           | Website:  www.openfoam.com                      |
|    \\/     M anipulation  |                                                 |
\*---------------------------------------------------------------------------*/
FoamFile
{
    version     2.0;
    format      ascii;
    arch        "LSB;label=32;scalar=64";
    class       volVectorField;
    location    "0.0248561";
    object      U;
}
// * * * * * * * * * * * * * * * * * * * * * * * * * * * * * * * * * * * * * //

dimensions      [0 1 -1 0 0 0 0];

internalField   nonuniform List<vector> 
100
(
(2.90647 0 0)
(8.77062 0 0)
(14.5876 0 0)
(20.4117 0 0)
(26.2201 0 0)
(31.9925 0 0)
(37.7779 0 0)
(43.616 0 0)
(49.3768 0 0)
(55.3039 0 0)
(60.9491 0 0)
(66.9939 0 0)
(72.4951 0 0)
(78.6169 0 0)
(84.0408 0 0)
(90.104 0 0)
(95.7482 0 0)
(101.635 0 0)
(107.525 0 0)
(113.135 0 0)
(119.147 0 0)
(124.626 0 0)
(130.645 0 0)
(136.195 0 0)
(142.28 0 0)
(147.987 0 0)
(154.126 0 0)
(159.904 0 0)
(165.818 0 0)
(171.386 0 0)
(176.927 0 0)
(182.308 0 0)
(187.729 0 0)
(193.175 0 0)
(198.928 0 0)
(205.235 0 0)
(212.118 0 0)
(218.778 0 0)
(224.245 0 0)
(229.144 0 0)
(236.031 0 0)
(250.784 0 0)
(268.288 0 0)
(275.458 0 0)
(279.073 0 0)
(281.438 0 0)
(284.381 0 0)
(286.634 0 0)
(285.345 0 0)
(283.009 0 0)
(282.139 0 0)
(281.936 0 0)
(281.449 0 0)
(281.95 0 0)
(283.593 0 0)
(283.635 0 0)
(282.711 0 0)
(282.968 0 0)
(284.527 0 0)
(284.151 0 0)
(281.128 0 0)
(280.754 0 0)
(286.82 0 0)
(288.372 0 0)
(280.392 0 0)
(276.679 0 0)
(280.638 0 0)
(289.91 0 0)
(126.969 0 0)
(14.383 0 0)
(20.9271 0 0)
(12.7102 0 0)
(6.13044 0 0)
(10.088 0 0)
(1.19274 0 0)
(8.22394 0 0)
(-3.20341 0 0)
(-6.55864 0 0)
(-6.04701 0 0)
(-11.7285 0 0)
(-4.93271 0 0)
(-1.63028 0 0)
(5.21281 0 0)
(11.1268 0 0)
(7.70459 0 0)
(4.86642 0 0)
(-3.65522 0 0)
(-5.71769 0 0)
(-7.09514 0 0)
(0.147721 0 0)
(5.95359 0 0)
(7.58983 0 0)
(2.76986 0 0)
(0.409869 0 0)
(-4.62485 0 0)
(-4.45878 0 0)
(-3.11125 0 0)
(-0.973638 0 0)
(0.592582 0 0)
(-3.36221 0 0)
)
;

boundaryField
{
    sides
    {
        type            fixedValue;
        value           uniform (0 0 0);
    }
    empty
    {
        type            empty;
    }
}


// ************************************************************************* //
