/*--------------------------------*- C++ -*----------------------------------*\
| =========                 |                                                 |
| \\      /  F ield         | OpenFOAM: The Open Source CFD Toolbox           |
|  \\    /   O peration     | Version:  2412                                  |
|   \\  /    A nd           | Website:  www.openfoam.com                      |
|    \\/     M anipulation  |                                                 |
\*---------------------------------------------------------------------------*/
FoamFile
{
    version     2.0;
    format      ascii;
    arch        "LSB;label=32;scalar=64";
    class       volVectorField;
    location    "0.0206106";
    object      U;
}
// * * * * * * * * * * * * * * * * * * * * * * * * * * * * * * * * * * * * * //

dimensions      [0 1 -1 0 0 0 0];

internalField   nonuniform List<vector> 
100
(
(3.64248 0 0)
(11.0305 0 0)
(18.3575 0 0)
(25.6283 0 0)
(32.9671 0 0)
(40.2755 0 0)
(47.6438 0 0)
(55.0229 0 0)
(62.4054 0 0)
(69.7277 0 0)
(76.895 0 0)
(83.9476 0 0)
(90.8717 0 0)
(98.0895 0 0)
(105.309 0 0)
(113.222 0 0)
(121.077 0 0)
(130.612 0 0)
(140.312 0 0)
(151.158 0 0)
(162.251 0 0)
(174.113 0 0)
(183.155 0 0)
(187.56 0 0)
(190.634 0 0)
(192.711 0 0)
(195.541 0 0)
(198.249 0 0)
(201.888 0 0)
(206.172 0 0)
(211.504 0 0)
(215.822 0 0)
(219.937 0 0)
(223.792 0 0)
(227.896 0 0)
(231.975 0 0)
(236.149 0 0)
(240.277 0 0)
(244.423 0 0)
(248.521 0 0)
(252.612 0 0)
(256.668 0 0)
(260.554 0 0)
(264.637 0 0)
(268.722 0 0)
(272.221 0 0)
(275.673 0 0)
(279.498 0 0)
(282.159 0 0)
(283.595 0 0)
(284.365 0 0)
(283.946 0 0)
(283.137 0 0)
(283.366 0 0)
(283.824 0 0)
(282.292 0 0)
(281.247 0 0)
(284.183 0 0)
(286.385 0 0)
(284.089 0 0)
(278.833 0 0)
(278.514 0 0)
(288.723 0 0)
(290.702 0 0)
(281.183 0 0)
(273.836 0 0)
(276.92 0 0)
(291.199 0 0)
(291.72 0 0)
(278.256 0 0)
(271.537 0 0)
(275.472 0 0)
(292.724 0 0)
(291.853 0 0)
(280.74 0 0)
(272.646 0 0)
(249.381 0 0)
(66.5324 0 0)
(15.1319 0 0)
(0.931832 0 0)
(24.9708 0 0)
(19.6718 0 0)
(13.3483 0 0)
(17.0115 0 0)
(4.53095 0 0)
(9.30433 0 0)
(18.9657 0 0)
(18.35 0 0)
(10.7441 0 0)
(4.24473 0 0)
(-3.77923 0 0)
(-12.519 0 0)
(-18.354 0 0)
(-14.8125 0 0)
(-7.56295 0 0)
(1.58087 0 0)
(7.3735 0 0)
(9.75515 0 0)
(6.54267 0 0)
(-2.8203 0 0)
)
;

boundaryField
{
    sides
    {
        type            fixedValue;
        value           uniform (0 0 0);
    }
    empty
    {
        type            empty;
    }
}


// ************************************************************************* //
