/*--------------------------------*- C++ -*----------------------------------*\
| =========                 |                                                 |
| \\      /  F ield         | OpenFOAM: The Open Source CFD Toolbox           |
|  \\    /   O peration     | Version:  2412                                  |
|   \\  /    A nd           | Website:  www.openfoam.com                      |
|    \\/     M anipulation  |                                                 |
\*---------------------------------------------------------------------------*/
FoamFile
{
    version     2.0;
    format      ascii;
    arch        "LSB;label=32;scalar=64";
    class       volVectorField;
    location    "0.0384952";
    object      U;
}
// * * * * * * * * * * * * * * * * * * * * * * * * * * * * * * * * * * * * * //

dimensions      [0 1 -1 0 0 0 0];

internalField   nonuniform List<vector> 
100
(
(1.70522 0 0)
(5.08558 0 0)
(8.39693 0 0)
(11.726 0 0)
(15.0505 0 0)
(18.4005 0 0)
(21.8013 0 0)
(25.3821 0 0)
(28.8399 0 0)
(32.5406 0 0)
(36.1135 0 0)
(39.6542 0 0)
(43.3423 0 0)
(46.743 0 0)
(50.2977 0 0)
(53.7174 0 0)
(57.1478 0 0)
(60.5581 0 0)
(63.9976 0 0)
(67.377 0 0)
(70.742 0 0)
(74.0667 0 0)
(77.3932 0 0)
(80.7642 0 0)
(84.1747 0 0)
(87.5793 0 0)
(90.9715 0 0)
(94.6064 0 0)
(98.2748 0 0)
(85.4821 0 0)
(-84.265 0 0)
(-170.237 0 0)
(-171.976 0 0)
(-165.952 0 0)
(-165.186 0 0)
(-165.459 0 0)
(-160.766 0 0)
(-151.044 0 0)
(-145.951 0 0)
(-144.348 0 0)
(-144.738 0 0)
(-148.31 0 0)
(-150.951 0 0)
(-150.456 0 0)
(-148.746 0 0)
(-144.057 0 0)
(-132.586 0 0)
(-122.573 0 0)
(-118.562 0 0)
(-118.079 0 0)
(-119.748 0 0)
(-121.855 0 0)
(-121.73 0 0)
(-120.745 0 0)
(-119.08 0 0)
(-114.718 0 0)
(-109.344 0 0)
(-106.441 0 0)
(-105.604 0 0)
(-105.361 0 0)
(-103.99 0 0)
(-99.4448 0 0)
(-93.5623 0 0)
(-88.9479 0 0)
(-88.7866 0 0)
(-87.6098 0 0)
(-88.8697 0 0)
(-85.7923 0 0)
(-80.4545 0 0)
(-74.6533 0 0)
(-70.3058 0 0)
(-73.0396 0 0)
(-74.2795 0 0)
(-76.8766 0 0)
(-74.995 0 0)
(-69.4301 0 0)
(-60.0285 0 0)
(-51.6049 0 0)
(-49.6762 0 0)
(-48.1904 0 0)
(-49.8823 0 0)
(-50.7799 0 0)
(-50.652 0 0)
(-48.9972 0 0)
(-46.2433 0 0)
(-43.5886 0 0)
(-39.5005 0 0)
(-35.9413 0 0)
(-33.2448 0 0)
(-30.7578 0 0)
(-29.8616 0 0)
(-30.1246 0 0)
(-30.7546 0 0)
(-27.953 0 0)
(-22.0096 0 0)
(-12.4055 0 0)
(0.474419 0 0)
(10.4959 0 0)
(9.69395 0 0)
(5.93683 0 0)
)
;

boundaryField
{
    sides
    {
        type            fixedValue;
        value           uniform (0 0 0);
    }
    empty
    {
        type            empty;
    }
}


// ************************************************************************* //
