/*--------------------------------*- C++ -*----------------------------------*\
| =========                 |                                                 |
| \\      /  F ield         | OpenFOAM: The Open Source CFD Toolbox           |
|  \\    /   O peration     | Version:  2412                                  |
|   \\  /    A nd           | Website:  www.openfoam.com                      |
|    \\/     M anipulation  |                                                 |
\*---------------------------------------------------------------------------*/
FoamFile
{
    version     2.0;
    format      ascii;
    arch        "LSB;label=32;scalar=64";
    class       volVectorField;
    location    "0.0103735";
    object      U;
}
// * * * * * * * * * * * * * * * * * * * * * * * * * * * * * * * * * * * * * //

dimensions      [0 1 -1 0 0 0 0];

internalField   nonuniform List<vector> 
100
(
(-9.44531e-14 0 0)
(-7.35591e-14 0 0)
(6.262e-15 0 0)
(5.51274e-14 0 0)
(1.30657e-13 0 0)
(6.70646e-14 0 0)
(3.10217e-14 0 0)
(3.76025e-14 0 0)
(1.28084e-13 0 0)
(2.93522e-13 0 0)
(2.8431e-11 0 0)
(1.30075e-08 0 0)
(4.31295e-06 0 0)
(0.000805692 0 0)
(0.0607934 0 0)
(1.30173 0 0)
(7.89047 0 0)
(20.2387 0 0)
(32.9996 0 0)
(43.6776 0 0)
(52.7363 0 0)
(61.0293 0 0)
(69.0513 0 0)
(77.0071 0 0)
(84.9581 0 0)
(92.9283 0 0)
(100.901 0 0)
(108.936 0 0)
(116.896 0 0)
(125.072 0 0)
(132.836 0 0)
(141.303 0 0)
(148.612 0 0)
(157.386 0 0)
(164.583 0 0)
(172.774 0 0)
(180.918 0 0)
(187.993 0 0)
(196.509 0 0)
(203.853 0 0)
(212.283 0 0)
(219.614 0 0)
(228.012 0 0)
(235.714 0 0)
(243.943 0 0)
(252.178 0 0)
(259.328 0 0)
(265.432 0 0)
(272.901 0 0)
(281.339 0 0)
(286.716 0 0)
(284.269 0 0)
(279.93 0 0)
(279.934 0 0)
(287.412 0 0)
(288.957 0 0)
(279.878 0 0)
(275.965 0 0)
(279.782 0 0)
(289.133 0 0)
(289.502 0 0)
(280.596 0 0)
(277.162 0 0)
(279.847 0 0)
(288.646 0 0)
(287.777 0 0)
(283.329 0 0)
(277.268 0 0)
(277.576 0 0)
(282.093 0 0)
(287.984 0 0)
(285.789 0 0)
(285.453 0 0)
(279.83 0 0)
(278.438 0 0)
(279.931 0 0)
(281.19 0 0)
(283.199 0 0)
(283.729 0 0)
(279.292 0 0)
(277.389 0 0)
(278.448 0 0)
(280.084 0 0)
(282.797 0 0)
(283.432 0 0)
(282.873 0 0)
(280.524 0 0)
(279.624 0 0)
(279.754 0 0)
(281.405 0 0)
(283.612 0 0)
(283.803 0 0)
(283.071 0 0)
(279.486 0 0)
(276.442 0 0)
(276.073 0 0)
(276.427 0 0)
(285.253 0 0)
(302.285 0 0)
(223.087 0 0)
)
;

boundaryField
{
    sides
    {
        type            fixedValue;
        value           uniform (0 0 0);
    }
    empty
    {
        type            empty;
    }
}


// ************************************************************************* //
