/*--------------------------------*- C++ -*----------------------------------*\
| =========                 |                                                 |
| \\      /  F ield         | OpenFOAM: The Open Source CFD Toolbox           |
|  \\    /   O peration     | Version:  2412                                  |
|   \\  /    A nd           | Website:  www.openfoam.com                      |
|    \\/     M anipulation  |                                                 |
\*---------------------------------------------------------------------------*/
FoamFile
{
    version     2.0;
    format      ascii;
    arch        "LSB;label=32;scalar=64";
    class       volVectorField;
    location    "0.0131244";
    object      U;
}
// * * * * * * * * * * * * * * * * * * * * * * * * * * * * * * * * * * * * * //

dimensions      [0 1 -1 0 0 0 0];

internalField   nonuniform List<vector> 
100
(
(-4.30588e-15 0 0)
(4.10382e-12 0 0)
(1.99285e-09 0 0)
(7.56719e-07 0 0)
(0.000175454 0 0)
(0.0180952 0 0)
(0.576214 0 0)
(4.87092 0 0)
(15.15 0 0)
(26.895 0 0)
(36.6341 0 0)
(44.4423 0 0)
(51.2488 0 0)
(57.6707 0 0)
(63.9887 0 0)
(70.3003 0 0)
(76.627 0 0)
(82.9687 0 0)
(89.3213 0 0)
(95.6856 0 0)
(102.057 0 0)
(108.451 0 0)
(114.834 0 0)
(121.28 0 0)
(127.615 0 0)
(134.168 0 0)
(140.295 0 0)
(147.057 0 0)
(152.85 0 0)
(159.796 0 0)
(165.589 0 0)
(172.166 0 0)
(178.571 0 0)
(184.436 0 0)
(191.149 0 0)
(196.991 0 0)
(203.73 0 0)
(209.525 0 0)
(216.269 0 0)
(222.42 0 0)
(228.998 0 0)
(235.133 0 0)
(241.676 0 0)
(247.969 0 0)
(254.121 0 0)
(260.377 0 0)
(266.764 0 0)
(271.894 0 0)
(276.263 0 0)
(280.823 0 0)
(285.26 0 0)
(286.822 0 0)
(284.331 0 0)
(280.024 0 0)
(279.14 0 0)
(286.964 0 0)
(288.578 0 0)
(282.618 0 0)
(276.015 0 0)
(277.186 0 0)
(289.406 0 0)
(290.022 0 0)
(282.485 0 0)
(275.516 0 0)
(277.005 0 0)
(289.287 0 0)
(289.354 0 0)
(284.627 0 0)
(276.751 0 0)
(276.487 0 0)
(283.967 0 0)
(288.683 0 0)
(287.237 0 0)
(279.315 0 0)
(276.227 0 0)
(277.69 0 0)
(283.106 0 0)
(288.736 0 0)
(285.757 0 0)
(284.514 0 0)
(280.113 0 0)
(278.057 0 0)
(278.733 0 0)
(280.687 0 0)
(280.731 0 0)
(281.507 0 0)
(283.614 0 0)
(283.252 0 0)
(279.882 0 0)
(280.094 0 0)
(280.177 0 0)
(283.61 0 0)
(241.32 0 0)
(46.3775 0 0)
(-23.044 0 0)
(-14.2226 0 0)
(3.17459 0 0)
(4.55109 0 0)
(3.30955 0 0)
(-3.46642 0 0)
)
;

boundaryField
{
    sides
    {
        type            fixedValue;
        value           uniform (0 0 0);
    }
    empty
    {
        type            empty;
    }
}


// ************************************************************************* //
