/*--------------------------------*- C++ -*----------------------------------*\
| =========                 |                                                 |
| \\      /  F ield         | OpenFOAM: The Open Source CFD Toolbox           |
|  \\    /   O peration     | Version:  2412                                  |
|   \\  /    A nd           | Website:  www.openfoam.com                      |
|    \\/     M anipulation  |                                                 |
\*---------------------------------------------------------------------------*/
FoamFile
{
    version     2.0;
    format      ascii;
    arch        "LSB;label=32;scalar=64";
    class       volVectorField;
    location    "0.0447206";
    object      U;
}
// * * * * * * * * * * * * * * * * * * * * * * * * * * * * * * * * * * * * * //

dimensions      [0 1 -1 0 0 0 0];

internalField   nonuniform List<vector> 
100
(
(1.38348 0 0)
(4.16075 0 0)
(7.45377 0 0)
(10.5877 0 0)
(-0.408197 0 0)
(-156.114 0 0)
(-237.131 0 0)
(-237.783 0 0)
(-226.99 0 0)
(-225.674 0 0)
(-237.368 0 0)
(-242.293 0 0)
(-240.874 0 0)
(-238.889 0 0)
(-235.012 0 0)
(-222.421 0 0)
(-205.131 0 0)
(-199.565 0 0)
(-197.658 0 0)
(-197.34 0 0)
(-203.024 0 0)
(-212.749 0 0)
(-214.059 0 0)
(-212.57 0 0)
(-209.749 0 0)
(-202.835 0 0)
(-195.403 0 0)
(-192.405 0 0)
(-191.44 0 0)
(-193.293 0 0)
(-194.644 0 0)
(-193.387 0 0)
(-189.739 0 0)
(-181.413 0 0)
(-175.708 0 0)
(-173.713 0 0)
(-174.801 0 0)
(-178.728 0 0)
(-179.028 0 0)
(-176.863 0 0)
(-170.396 0 0)
(-161.513 0 0)
(-157.533 0 0)
(-156.591 0 0)
(-161.833 0 0)
(-169.749 0 0)
(-170.615 0 0)
(-168.447 0 0)
(-161.724 0 0)
(-147.258 0 0)
(-138.613 0 0)
(-135.413 0 0)
(-134.822 0 0)
(-137.305 0 0)
(-142.512 0 0)
(-143.955 0 0)
(-142.9 0 0)
(-140.894 0 0)
(-136.97 0 0)
(-133.515 0 0)
(-131.502 0 0)
(-129.32 0 0)
(-125.162 0 0)
(-120.942 0 0)
(-118.925 0 0)
(-118.367 0 0)
(-118.82 0 0)
(-118.221 0 0)
(-116.587 0 0)
(-111.127 0 0)
(-106.193 0 0)
(-103.163 0 0)
(-104.744 0 0)
(-114.303 0 0)
(-122.323 0 0)
(-124.313 0 0)
(-119.665 0 0)
(-114.571 0 0)
(-96.9676 0 0)
(-79.9706 0 0)
(-68.8661 0 0)
(-62.2514 0 0)
(-60.1962 0 0)
(-56.3106 0 0)
(-53.363 0 0)
(-50.8929 0 0)
(-50.6209 0 0)
(-49.2587 0 0)
(-47.2838 0 0)
(-43.7781 0 0)
(-39.0921 0 0)
(-33.4286 0 0)
(-27.8893 0 0)
(-22.7546 0 0)
(-18.0327 0 0)
(-14.7802 0 0)
(-11.8187 0 0)
(-9.67749 0 0)
(-6.50609 0 0)
(-1.97131 0 0)
)
;

boundaryField
{
    sides
    {
        type            fixedValue;
        value           uniform (0 0 0);
    }
    empty
    {
        type            empty;
    }
}


// ************************************************************************* //
