/*--------------------------------*- C++ -*----------------------------------*\
| =========                 |                                                 |
| \\      /  F ield         | OpenFOAM: The Open Source CFD Toolbox           |
|  \\    /   O peration     | Version:  2412                                  |
|   \\  /    A nd           | Website:  www.openfoam.com                      |
|    \\/     M anipulation  |                                                 |
\*---------------------------------------------------------------------------*/
FoamFile
{
    version     2.0;
    format      ascii;
    arch        "LSB;label=32;scalar=64";
    class       volVectorField;
    location    "0.0317394";
    object      U;
}
// * * * * * * * * * * * * * * * * * * * * * * * * * * * * * * * * * * * * * //

dimensions      [0 1 -1 0 0 0 0];

internalField   nonuniform List<vector> 
100
(
(2.13647 0 0)
(6.47432 0 0)
(10.7297 0 0)
(15.0812 0 0)
(19.281 0 0)
(23.6958 0 0)
(27.7911 0 0)
(32.3598 0 0)
(36.3353 0 0)
(40.991 0 0)
(44.9344 0 0)
(49.5448 0 0)
(53.7169 0 0)
(58.0978 0 0)
(62.5258 0 0)
(66.6712 0 0)
(71.2354 0 0)
(75.2438 0 0)
(79.8368 0 0)
(83.8875 0 0)
(88.4689 0 0)
(92.6216 0 0)
(97.1505 0 0)
(101.381 0 0)
(105.832 0 0)
(110.112 0 0)
(114.513 0 0)
(118.825 0 0)
(123.197 0 0)
(127.525 0 0)
(131.868 0 0)
(136.187 0 0)
(140.504 0 0)
(144.814 0 0)
(149.132 0 0)
(153.438 0 0)
(157.74 0 0)
(161.991 0 0)
(166.258 0 0)
(170.367 0 0)
(174.475 0 0)
(178.613 0 0)
(182.575 0 0)
(186.343 0 0)
(189.733 0 0)
(192.52 0 0)
(194.904 0 0)
(196.829 0 0)
(198.191 0 0)
(199.875 0 0)
(202.83 0 0)
(198.296 0 0)
(44.6449 0 0)
(-78.4462 0 0)
(-86.0937 0 0)
(-74.6845 0 0)
(-67.8593 0 0)
(-63.7798 0 0)
(-57.5299 0 0)
(-52.4775 0 0)
(-49.0857 0 0)
(-44.972 0 0)
(-48.2655 0 0)
(-47.8648 0 0)
(-48.1885 0 0)
(-41.6099 0 0)
(-33.7624 0 0)
(-32.8106 0 0)
(-28.9089 0 0)
(-33.272 0 0)
(-28.2451 0 0)
(-29.7753 0 0)
(-17.6607 0 0)
(2.48013 0 0)
(8.27877 0 0)
(15.9122 0 0)
(11.4605 0 0)
(6.68686 0 0)
(0.0582969 0 0)
(-3.25529 0 0)
(-1.9601 0 0)
(-1.2758 0 0)
(-0.760208 0 0)
(-1.08754 0 0)
(-2.35265 0 0)
(-2.55187 0 0)
(-0.817179 0 0)
(1.3264 0 0)
(2.94634 0 0)
(2.13371 0 0)
(-0.492571 0 0)
(-1.21025 0 0)
(0.120854 0 0)
(2.24867 0 0)
(2.10698 0 0)
(-0.00717557 0 0)
(-2.34017 0 0)
(-5.63248 0 0)
(-5.65202 0 0)
(-1.73162 0 0)
)
;

boundaryField
{
    sides
    {
        type            fixedValue;
        value           uniform (0 0 0);
    }
    empty
    {
        type            empty;
    }
}


// ************************************************************************* //
