/*--------------------------------*- C++ -*----------------------------------*\
| =========                 |                                                 |
| \\      /  F ield         | OpenFOAM: The Open Source CFD Toolbox           |
|  \\    /   O peration     | Version:  2412                                  |
|   \\  /    A nd           | Website:  www.openfoam.com                      |
|    \\/     M anipulation  |                                                 |
\*---------------------------------------------------------------------------*/
FoamFile
{
    version     2.0;
    format      ascii;
    arch        "LSB;label=32;scalar=64";
    class       volVectorField;
    location    "0.0156687";
    object      U;
}
// * * * * * * * * * * * * * * * * * * * * * * * * * * * * * * * * * * * * * //

dimensions      [0 1 -1 0 0 0 0];

internalField   nonuniform List<vector> 
100
(
(7.39649 0 0)
(24.7544 0 0)
(34.9214 0 0)
(41.6684 0 0)
(47.1168 0 0)
(52.3444 0 0)
(57.5968 0 0)
(62.8872 0 0)
(68.2012 0 0)
(73.5317 0 0)
(78.8741 0 0)
(84.2245 0 0)
(89.581 0 0)
(94.9437 0 0)
(100.312 0 0)
(105.691 0 0)
(111.073 0 0)
(116.474 0 0)
(121.856 0 0)
(127.295 0 0)
(132.623 0 0)
(138.139 0 0)
(143.294 0 0)
(148.961 0 0)
(153.863 0 0)
(159.68 0 0)
(164.555 0 0)
(170.197 0 0)
(175.469 0 0)
(180.606 0 0)
(186.195 0 0)
(191.136 0 0)
(196.792 0 0)
(201.683 0 0)
(207.385 0 0)
(212.435 0 0)
(218.012 0 0)
(223.157 0 0)
(228.723 0 0)
(234.06 0 0)
(239.482 0 0)
(244.716 0 0)
(250.079 0 0)
(255.49 0 0)
(260.596 0 0)
(265.508 0 0)
(270.729 0 0)
(275.625 0 0)
(278.956 0 0)
(282.154 0 0)
(284.238 0 0)
(285.161 0 0)
(285.186 0 0)
(282.716 0 0)
(280.36 0 0)
(280.998 0 0)
(286.962 0 0)
(288.495 0 0)
(280.072 0 0)
(276.208 0 0)
(280.269 0 0)
(290.062 0 0)
(291.138 0 0)
(277.796 0 0)
(274.467 0 0)
(279.769 0 0)
(290.882 0 0)
(291.411 0 0)
(279.159 0 0)
(274.503 0 0)
(277.305 0 0)
(289.528 0 0)
(288.633 0 0)
(284.141 0 0)
(275.663 0 0)
(275.724 0 0)
(282.22 0 0)
(288.955 0 0)
(287.592 0 0)
(281.655 0 0)
(275.016 0 0)
(277.597 0 0)
(277.642 0 0)
(287.121 0 0)
(287.666 0 0)
(283.265 0 0)
(264.399 0 0)
(97.06 0 0)
(14.2263 0 0)
(22.3857 0 0)
(19.1814 0 0)
(17.1871 0 0)
(11.3781 0 0)
(6.42917 0 0)
(4.07134 0 0)
(4.44119 0 0)
(1.87075 0 0)
(0.0624834 0 0)
(0.659233 0 0)
(-3.35857 0 0)
)
;

boundaryField
{
    sides
    {
        type            fixedValue;
        value           uniform (0 0 0);
    }
    empty
    {
        type            empty;
    }
}


// ************************************************************************* //
