/*--------------------------------*- C++ -*----------------------------------*\
| =========                 |                                                 |
| \\      /  F ield         | OpenFOAM: The Open Source CFD Toolbox           |
|  \\    /   O peration     | Version:  2412                                  |
|   \\  /    A nd           | Website:  www.openfoam.com                      |
|    \\/     M anipulation  |                                                 |
\*---------------------------------------------------------------------------*/
FoamFile
{
    version     2.0;
    format      ascii;
    arch        "LSB;label=32;scalar=64";
    class       volVectorField;
    location    "0.0163694";
    object      U;
}
// * * * * * * * * * * * * * * * * * * * * * * * * * * * * * * * * * * * * * //

dimensions      [0 1 -1 0 0 0 0];

internalField   nonuniform List<vector> 
100
(
(9.41268 0 0)
(23.3605 0 0)
(37.3545 0 0)
(48.6881 0 0)
(57.3695 0 0)
(63.285 0 0)
(67.9297 0 0)
(72.5933 0 0)
(77.5432 0 0)
(82.6696 0 0)
(87.8357 0 0)
(92.9892 0 0)
(98.1335 0 0)
(103.282 0 0)
(108.438 0 0)
(113.606 0 0)
(118.77 0 0)
(123.965 0 0)
(129.104 0 0)
(134.35 0 0)
(139.38 0 0)
(144.733 0 0)
(149.539 0 0)
(155.056 0 0)
(159.694 0 0)
(165.238 0 0)
(170.071 0 0)
(175.254 0 0)
(180.492 0 0)
(185.292 0 0)
(190.675 0 0)
(195.396 0 0)
(200.859 0 0)
(205.576 0 0)
(210.974 0 0)
(215.891 0 0)
(221.257 0 0)
(226.234 0 0)
(231.465 0 0)
(236.58 0 0)
(241.836 0 0)
(246.947 0 0)
(251.932 0 0)
(256.966 0 0)
(262.1 0 0)
(266.954 0 0)
(271.302 0 0)
(276.138 0 0)
(280.184 0 0)
(282.747 0 0)
(284.021 0 0)
(283.718 0 0)
(283.441 0 0)
(284.63 0 0)
(285.027 0 0)
(280.708 0 0)
(278.99 0 0)
(284.173 0 0)
(288.636 0 0)
(286.442 0 0)
(276.949 0 0)
(275.073 0 0)
(286.876 0 0)
(291.356 0 0)
(286.584 0 0)
(274.867 0 0)
(273.69 0 0)
(286.213 0 0)
(291.461 0 0)
(288.05 0 0)
(275.354 0 0)
(275.646 0 0)
(281.421 0 0)
(290.052 0 0)
(289.113 0 0)
(279.158 0 0)
(274.467 0 0)
(275.869 0 0)
(285.982 0 0)
(288.543 0 0)
(287.231 0 0)
(278.305 0 0)
(274.361 0 0)
(278.876 0 0)
(279.991 0 0)
(209.297 0 0)
(46.0948 0 0)
(15.4017 0 0)
(13.7879 0 0)
(17.8673 0 0)
(22.0725 0 0)
(26.8107 0 0)
(25.2563 0 0)
(20.8014 0 0)
(13.8667 0 0)
(8.11284 0 0)
(3.9388 0 0)
(2.18911 0 0)
(2.90326 0 0)
(-1.98585 0 0)
)
;

boundaryField
{
    sides
    {
        type            fixedValue;
        value           uniform (0 0 0);
    }
    empty
    {
        type            empty;
    }
}


// ************************************************************************* //
