/*--------------------------------*- C++ -*----------------------------------*\
| =========                 |                                                 |
| \\      /  F ield         | OpenFOAM: The Open Source CFD Toolbox           |
|  \\    /   O peration     | Version:  2412                                  |
|   \\  /    A nd           | Website:  www.openfoam.com                      |
|    \\/     M anipulation  |                                                 |
\*---------------------------------------------------------------------------*/
FoamFile
{
    version     2.0;
    format      ascii;
    arch        "LSB;label=32;scalar=64";
    class       volVectorField;
    location    "0.0372943";
    object      U;
}
// * * * * * * * * * * * * * * * * * * * * * * * * * * * * * * * * * * * * * //

dimensions      [0 1 -1 0 0 0 0];

internalField   nonuniform List<vector> 
100
(
(1.73403 0 0)
(5.43048 0 0)
(8.88058 0 0)
(12.6349 0 0)
(15.9801 0 0)
(19.7231 0 0)
(22.9765 0 0)
(26.6303 0 0)
(30.0167 0 0)
(33.7874 0 0)
(37.3722 0 0)
(41.0707 0 0)
(44.8498 0 0)
(48.3734 0 0)
(52.127 0 0)
(55.5719 0 0)
(59.2543 0 0)
(62.5831 0 0)
(66.2317 0 0)
(69.6075 0 0)
(73.3068 0 0)
(76.7323 0 0)
(80.3802 0 0)
(83.852 0 0)
(87.4412 0 0)
(90.9503 0 0)
(94.5229 0 0)
(98.0613 0 0)
(101.626 0 0)
(105.13 0 0)
(108.619 0 0)
(112.155 0 0)
(116.041 0 0)
(115.269 0 0)
(-15.0309 0 0)
(-145.885 0 0)
(-156.731 0 0)
(-146.495 0 0)
(-143.37 0 0)
(-148.067 0 0)
(-148.798 0 0)
(-145.538 0 0)
(-137.691 0 0)
(-130.465 0 0)
(-127.653 0 0)
(-127.099 0 0)
(-127.982 0 0)
(-130.037 0 0)
(-130.568 0 0)
(-129.546 0 0)
(-126.414 0 0)
(-118.548 0 0)
(-107.363 0 0)
(-101.643 0 0)
(-100.055 0 0)
(-100.874 0 0)
(-102.124 0 0)
(-102.191 0 0)
(-100.975 0 0)
(-99.5914 0 0)
(-96.1606 0 0)
(-91.4846 0 0)
(-88.2138 0 0)
(-85.9726 0 0)
(-86.3621 0 0)
(-83.0452 0 0)
(-80.1359 0 0)
(-74.7327 0 0)
(-70.269 0 0)
(-69.6618 0 0)
(-67.5923 0 0)
(-69.924 0 0)
(-64.6804 0 0)
(-59.8364 0 0)
(-53.7568 0 0)
(-50.748 0 0)
(-52.802 0 0)
(-54.5155 0 0)
(-56.3884 0 0)
(-53.845 0 0)
(-48.2689 0 0)
(-39.7776 0 0)
(-32.6727 0 0)
(-30.1465 0 0)
(-29.5757 0 0)
(-31.1051 0 0)
(-32.1668 0 0)
(-31.2576 0 0)
(-30.6952 0 0)
(-27.2724 0 0)
(-21.3004 0 0)
(-10.6132 0 0)
(2.07423 0 0)
(12.1865 0 0)
(16.5941 0 0)
(15.6056 0 0)
(10.0055 0 0)
(1.22298 0 0)
(-1.9486 0 0)
(-1.40306 0 0)
)
;

boundaryField
{
    sides
    {
        type            fixedValue;
        value           uniform (0 0 0);
    }
    empty
    {
        type            empty;
    }
}


// ************************************************************************* //
