/*--------------------------------*- C++ -*----------------------------------*\
| =========                 |                                                 |
| \\      /  F ield         | OpenFOAM: The Open Source CFD Toolbox           |
|  \\    /   O peration     | Version:  2412                                  |
|   \\  /    A nd           | Website:  www.openfoam.com                      |
|    \\/     M anipulation  |                                                 |
\*---------------------------------------------------------------------------*/
FoamFile
{
    version     2.0;
    format      ascii;
    arch        "LSB;label=32;scalar=64";
    class       volVectorField;
    location    "0.0432322";
    object      U;
}
// * * * * * * * * * * * * * * * * * * * * * * * * * * * * * * * * * * * * * //

dimensions      [0 1 -1 0 0 0 0];

internalField   nonuniform List<vector> 
100
(
(1.62476 0 0)
(4.77299 0 0)
(7.92166 0 0)
(11.0394 0 0)
(14.1136 0 0)
(17.126 0 0)
(20.0495 0 0)
(22.9112 0 0)
(25.9652 0 0)
(29.2872 0 0)
(29.466 0 0)
(-87.1282 0 0)
(-218.924 0 0)
(-231.789 0 0)
(-215.064 0 0)
(-206.801 0 0)
(-204.817 0 0)
(-210.502 0 0)
(-221.094 0 0)
(-222.704 0 0)
(-220.857 0 0)
(-218.911 0 0)
(-214.013 0 0)
(-198.157 0 0)
(-184.848 0 0)
(-180.856 0 0)
(-179.468 0 0)
(-180.066 0 0)
(-187.706 0 0)
(-193.087 0 0)
(-192.665 0 0)
(-190.987 0 0)
(-187.384 0 0)
(-180.201 0 0)
(-174.925 0 0)
(-172.9 0 0)
(-173.099 0 0)
(-174.902 0 0)
(-174.374 0 0)
(-171.798 0 0)
(-164.904 0 0)
(-158.021 0 0)
(-155.3 0 0)
(-155.533 0 0)
(-158.672 0 0)
(-159.41 0 0)
(-157.456 0 0)
(-151.685 0 0)
(-143.326 0 0)
(-139.073 0 0)
(-138.142 0 0)
(-142.527 0 0)
(-149.123 0 0)
(-149.791 0 0)
(-147.435 0 0)
(-140.111 0 0)
(-126.953 0 0)
(-119.462 0 0)
(-116.555 0 0)
(-116.5 0 0)
(-119.254 0 0)
(-122.568 0 0)
(-122.772 0 0)
(-121.624 0 0)
(-119.166 0 0)
(-115.239 0 0)
(-112.42 0 0)
(-110.042 0 0)
(-108.116 0 0)
(-103.155 0 0)
(-100.031 0 0)
(-98.3857 0 0)
(-98.1928 0 0)
(-98.486 0 0)
(-95.7017 0 0)
(-93.7546 0 0)
(-87.3125 0 0)
(-84.3511 0 0)
(-83.381 0 0)
(-89.3869 0 0)
(-98.7739 0 0)
(-100.166 0 0)
(-99.5092 0 0)
(-94.2141 0 0)
(-79.7579 0 0)
(-60.282 0 0)
(-49.6408 0 0)
(-43.4192 0 0)
(-39.1518 0 0)
(-35.4757 0 0)
(-32.1557 0 0)
(-29.6354 0 0)
(-27.2156 0 0)
(-25.2874 0 0)
(-21.9731 0 0)
(-17.9259 0 0)
(-14.1754 0 0)
(-10.1923 0 0)
(-5.96913 0 0)
(-3.01828 0 0)
)
;

boundaryField
{
    sides
    {
        type            fixedValue;
        value           uniform (0 0 0);
    }
    empty
    {
        type            empty;
    }
}


// ************************************************************************* //
