/*--------------------------------*- C++ -*----------------------------------*\
| =========                 |                                                 |
| \\      /  F ield         | OpenFOAM: The Open Source CFD Toolbox           |
|  \\    /   O peration     | Version:  2412                                  |
|   \\  /    A nd           | Website:  www.openfoam.com                      |
|    \\/     M anipulation  |                                                 |
\*---------------------------------------------------------------------------*/
FoamFile
{
    version     2.0;
    format      ascii;
    arch        "LSB;label=32;scalar=64";
    class       volVectorField;
    location    "0.0280534";
    object      U;
}
// * * * * * * * * * * * * * * * * * * * * * * * * * * * * * * * * * * * * * //

dimensions      [0 1 -1 0 0 0 0];

internalField   nonuniform List<vector> 
100
(
(2.49439 0 0)
(7.53036 0 0)
(12.5125 0 0)
(17.5195 0 0)
(22.4746 0 0)
(27.482 0 0)
(32.3763 0 0)
(37.4752 0 0)
(42.3067 0 0)
(47.5804 0 0)
(52.2733 0 0)
(57.608 0 0)
(62.2539 0 0)
(67.5314 0 0)
(72.405 0 0)
(77.4604 0 0)
(82.5775 0 0)
(87.4042 0 0)
(92.6744 0 0)
(97.4152 0 0)
(102.732 0 0)
(107.508 0 0)
(112.777 0 0)
(117.622 0 0)
(122.829 0 0)
(127.755 0 0)
(132.89 0 0)
(137.865 0 0)
(142.959 0 0)
(147.965 0 0)
(153.043 0 0)
(158.081 0 0)
(163.147 0 0)
(168.189 0 0)
(173.224 0 0)
(178.214 0 0)
(183.166 0 0)
(188.116 0 0)
(193.061 0 0)
(198.002 0 0)
(203.058 0 0)
(208.266 0 0)
(213.306 0 0)
(218.181 0 0)
(223.015 0 0)
(227.589 0 0)
(231.522 0 0)
(234.687 0 0)
(237.303 0 0)
(238.948 0 0)
(239.279 0 0)
(240.735 0 0)
(246.342 0 0)
(252.408 0 0)
(253.175 0 0)
(253.231 0 0)
(253.574 0 0)
(253.721 0 0)
(256.221 0 0)
(271.413 0 0)
(291.183 0 0)
(220.47 0 0)
(45.7162 0 0)
(12.5997 0 0)
(3.0139 0 0)
(-4.22293 0 0)
(-8.25646 0 0)
(-10.3426 0 0)
(-1.66498 0 0)
(-6.07342 0 0)
(2.0772 0 0)
(0.802177 0 0)
(2.66181 0 0)
(7.77175 0 0)
(2.06263 0 0)
(4.86079 0 0)
(-3.00812 0 0)
(-3.33117 0 0)
(-0.927799 0 0)
(2.82679 0 0)
(7.81147 0 0)
(3.60518 0 0)
(-2.39502 0 0)
(-8.27551 0 0)
(-9.27354 0 0)
(-3.96294 0 0)
(4.2079 0 0)
(7.5715 0 0)
(8.33745 0 0)
(3.0557 0 0)
(-3.0946 0 0)
(-5.27936 0 0)
(-4.73436 0 0)
(-1.06586 0 0)
(1.72155 0 0)
(1.32164 0 0)
(-0.947512 0 0)
(-3.75172 0 0)
(-4.05341 0 0)
(-1.73803 0 0)
)
;

boundaryField
{
    sides
    {
        type            fixedValue;
        value           uniform (0 0 0);
    }
    empty
    {
        type            empty;
    }
}


// ************************************************************************* //
