/*--------------------------------*- C++ -*----------------------------------*\
| =========                 |                                                 |
| \\      /  F ield         | OpenFOAM: The Open Source CFD Toolbox           |
|  \\    /   O peration     | Version:  2412                                  |
|   \\  /    A nd           | Website:  www.openfoam.com                      |
|    \\/     M anipulation  |                                                 |
\*---------------------------------------------------------------------------*/
FoamFile
{
    version     2.0;
    format      ascii;
    arch        "LSB;label=32;scalar=64";
    class       volVectorField;
    location    "0.0204822";
    object      U;
}
// * * * * * * * * * * * * * * * * * * * * * * * * * * * * * * * * * * * * * //

dimensions      [0 1 -1 0 0 0 0];

internalField   nonuniform List<vector> 
100
(
(3.67156 0 0)
(11.1229 0 0)
(18.4952 0 0)
(25.8157 0 0)
(33.2108 0 0)
(40.5859 0 0)
(48.0262 0 0)
(55.463 0 0)
(62.876 0 0)
(70.1932 0 0)
(77.3426 0 0)
(84.4121 0 0)
(91.4454 0 0)
(98.8464 0 0)
(106.383 0 0)
(114.565 0 0)
(122.998 0 0)
(133.214 0 0)
(143.427 0 0)
(154.579 0 0)
(166.111 0 0)
(176.561 0 0)
(183.067 0 0)
(186.2 0 0)
(188.887 0 0)
(191.016 0 0)
(194.203 0 0)
(197.165 0 0)
(201.542 0 0)
(206.376 0 0)
(211.316 0 0)
(215.253 0 0)
(219.333 0 0)
(223.279 0 0)
(227.483 0 0)
(231.607 0 0)
(235.8 0 0)
(239.944 0 0)
(244.11 0 0)
(248.229 0 0)
(252.347 0 0)
(256.404 0 0)
(260.356 0 0)
(264.508 0 0)
(268.581 0 0)
(271.959 0 0)
(275.658 0 0)
(279.458 0 0)
(282.048 0 0)
(283.59 0 0)
(284.35 0 0)
(283.917 0 0)
(283.256 0 0)
(283.448 0 0)
(283.492 0 0)
(282.077 0 0)
(281.576 0 0)
(285.091 0 0)
(286.654 0 0)
(281.891 0 0)
(278.349 0 0)
(281.161 0 0)
(289.256 0 0)
(290.355 0 0)
(277.112 0 0)
(273.943 0 0)
(281.727 0 0)
(291.897 0 0)
(290.295 0 0)
(273.58 0 0)
(272.277 0 0)
(280.656 0 0)
(293.263 0 0)
(291.329 0 0)
(274.643 0 0)
(273.629 0 0)
(273.557 0 0)
(110.194 0 0)
(24.0752 0 0)
(0.83106 0 0)
(27.4834 0 0)
(20.753 0 0)
(11.1007 0 0)
(15.1925 0 0)
(3.80874 0 0)
(9.71462 0 0)
(20.5834 0 0)
(20.8548 0 0)
(12.4732 0 0)
(7.44173 0 0)
(-2.26766 0 0)
(-14.1216 0 0)
(-18.5878 0 0)
(-13.8746 0 0)
(-5.16754 0 0)
(2.42918 0 0)
(5.35008 0 0)
(4.14022 0 0)
(0.476952 0 0)
(-4.86789 0 0)
)
;

boundaryField
{
    sides
    {
        type            fixedValue;
        value           uniform (0 0 0);
    }
    empty
    {
        type            empty;
    }
}


// ************************************************************************* //
