/*--------------------------------*- C++ -*----------------------------------*\
| =========                 |                                                 |
| \\      /  F ield         | OpenFOAM: The Open Source CFD Toolbox           |
|  \\    /   O peration     | Version:  2412                                  |
|   \\  /    A nd           | Website:  www.openfoam.com                      |
|    \\/     M anipulation  |                                                 |
\*---------------------------------------------------------------------------*/
FoamFile
{
    version     2.0;
    format      ascii;
    arch        "LSB;label=32;scalar=64";
    class       volVectorField;
    location    "0.055624";
    object      U;
}
// * * * * * * * * * * * * * * * * * * * * * * * * * * * * * * * * * * * * * //

dimensions      [0 1 -1 0 0 0 0];

internalField   nonuniform List<vector> 
100
(
(14.4546 0 0)
(35.8378 0 0)
(36.7203 0 0)
(20.5514 0 0)
(-2.28122 0 0)
(-17.6966 0 0)
(-14.006 0 0)
(-4.57284 0 0)
(1.60346 0 0)
(0.129772 0 0)
(-4.10687 0 0)
(-4.21748 0 0)
(1.14493 0 0)
(6.03641 0 0)
(3.28707 0 0)
(-5.03576 0 0)
(-13.6898 0 0)
(-7.85576 0 0)
(4.98055 0 0)
(13.3693 0 0)
(-9.55278 0 0)
(-39.4587 0 0)
(-96.9277 0 0)
(-232.477 0 0)
(-256.782 0 0)
(-228.092 0 0)
(-199.487 0 0)
(-190.139 0 0)
(-188.246 0 0)
(-187.72 0 0)
(-187.938 0 0)
(-187.452 0 0)
(-186.077 0 0)
(-182.753 0 0)
(-176.991 0 0)
(-173.773 0 0)
(-172.284 0 0)
(-171.402 0 0)
(-170.679 0 0)
(-171.788 0 0)
(-173.22 0 0)
(-173.38 0 0)
(-172.466 0 0)
(-171.437 0 0)
(-169.01 0 0)
(-160.837 0 0)
(-147.624 0 0)
(-140.704 0 0)
(-138.036 0 0)
(-137.235 0 0)
(-136.501 0 0)
(-136.069 0 0)
(-136.124 0 0)
(-136.283 0 0)
(-135.771 0 0)
(-134.443 0 0)
(-130.884 0 0)
(-123.904 0 0)
(-118.098 0 0)
(-114.659 0 0)
(-112.302 0 0)
(-110.385 0 0)
(-108.128 0 0)
(-105.369 0 0)
(-102.253 0 0)
(-99.0892 0 0)
(-95.9796 0 0)
(-93.0531 0 0)
(-90.0995 0 0)
(-87.1824 0 0)
(-84.3915 0 0)
(-81.7205 0 0)
(-79.2837 0 0)
(-76.5739 0 0)
(-74.1082 0 0)
(-70.88 0 0)
(-67.8612 0 0)
(-64.4911 0 0)
(-61.3433 0 0)
(-58.3585 0 0)
(-55.5501 0 0)
(-53.2941 0 0)
(-50.2484 0 0)
(-48.3066 0 0)
(-45.2444 0 0)
(-42.3135 0 0)
(-39.5267 0 0)
(-36.3985 0 0)
(-33.5974 0 0)
(-29.8817 0 0)
(-27.0978 0 0)
(-23.6518 0 0)
(-21.2695 0 0)
(-18.482 0 0)
(-15.9229 0 0)
(-13.2409 0 0)
(-10.228 0 0)
(-7.58908 0 0)
(-4.32776 0 0)
(-1.83939 0 0)
)
;

boundaryField
{
    sides
    {
        type            fixedValue;
        value           uniform (0 0 0);
    }
    empty
    {
        type            empty;
    }
}


// ************************************************************************* //
