/*--------------------------------*- C++ -*----------------------------------*\
| =========                 |                                                 |
| \\      /  F ield         | OpenFOAM: The Open Source CFD Toolbox           |
|  \\    /   O peration     | Version:  2412                                  |
|   \\  /    A nd           | Website:  www.openfoam.com                      |
|    \\/     M anipulation  |                                                 |
\*---------------------------------------------------------------------------*/
FoamFile
{
    version     2.0;
    format      ascii;
    arch        "LSB;label=32;scalar=64";
    class       volVectorField;
    location    "0.0244675";
    object      U;
}
// * * * * * * * * * * * * * * * * * * * * * * * * * * * * * * * * * * * * * //

dimensions      [0 1 -1 0 0 0 0];

internalField   nonuniform List<vector> 
100
(
(2.96541 0 0)
(8.94643 0 0)
(14.8835 0 0)
(20.834 0 0)
(26.7759 0 0)
(32.6721 0 0)
(38.5664 0 0)
(44.4915 0 0)
(50.3625 0 0)
(56.3835 0 0)
(62.166 0 0)
(68.2977 0 0)
(73.9287 0 0)
(80.1686 0 0)
(85.7209 0 0)
(91.9117 0 0)
(97.6061 0 0)
(103.65 0 0)
(109.619 0 0)
(115.341 0 0)
(121.426 0 0)
(127.056 0 0)
(133.238 0 0)
(138.944 0 0)
(145.247 0 0)
(151.036 0 0)
(157.159 0 0)
(162.786 0 0)
(168.511 0 0)
(173.971 0 0)
(179.542 0 0)
(185.117 0 0)
(190.996 0 0)
(197.346 0 0)
(204.215 0 0)
(210.958 0 0)
(216.901 0 0)
(222.355 0 0)
(229.684 0 0)
(244.52 0 0)
(262.139 0 0)
(268.215 0 0)
(271.809 0 0)
(275.235 0 0)
(277.804 0 0)
(279.839 0 0)
(279.604 0 0)
(280.632 0 0)
(281.358 0 0)
(281.99 0 0)
(282.593 0 0)
(282.989 0 0)
(283.24 0 0)
(283.6 0 0)
(283.543 0 0)
(282.745 0 0)
(282.586 0 0)
(284.051 0 0)
(284.379 0 0)
(281.651 0 0)
(280.736 0 0)
(285.792 0 0)
(287.973 0 0)
(282.13 0 0)
(277.366 0 0)
(279.9 0 0)
(289.753 0 0)
(292.179 0 0)
(249.471 0 0)
(91.0748 0 0)
(13.0693 0 0)
(-3.26498 0 0)
(10.3518 0 0)
(23.0791 0 0)
(10.3051 0 0)
(17.9858 0 0)
(1.83483 0 0)
(-5.85346 0 0)
(-7.7036 0 0)
(-14.0716 0 0)
(-5.43681 0 0)
(-4.77955 0 0)
(-0.863372 0 0)
(2.9288 0 0)
(2.31169 0 0)
(7.60023 0 0)
(9.24692 0 0)
(4.4564 0 0)
(-3.95528 0 0)
(-8.25909 0 0)
(-5.19291 0 0)
(2.43976 0 0)
(6.11384 0 0)
(8.62245 0 0)
(5.97464 0 0)
(-2.3256 0 0)
(-7.43108 0 0)
(-10.4928 0 0)
(-8.24115 0 0)
(-5.13576 0 0)
)
;

boundaryField
{
    sides
    {
        type            fixedValue;
        value           uniform (0 0 0);
    }
    empty
    {
        type            empty;
    }
}


// ************************************************************************* //
