/*--------------------------------*- C++ -*----------------------------------*\
| =========                 |                                                 |
| \\      /  F ield         | OpenFOAM: The Open Source CFD Toolbox           |
|  \\    /   O peration     | Version:  2412                                  |
|   \\  /    A nd           | Website:  www.openfoam.com                      |
|    \\/     M anipulation  |                                                 |
\*---------------------------------------------------------------------------*/
FoamFile
{
    version     2.0;
    format      ascii;
    arch        "LSB;label=32;scalar=64";
    class       volVectorField;
    location    "0.0104951";
    object      U;
}
// * * * * * * * * * * * * * * * * * * * * * * * * * * * * * * * * * * * * * //

dimensions      [0 1 -1 0 0 0 0];

internalField   nonuniform List<vector> 
100
(
(-1.25982e-13 0 0)
(-5.78985e-14 0 0)
(6.26199e-15 0 0)
(5.51274e-14 0 0)
(1.38591e-13 0 0)
(9.06593e-14 0 0)
(7.42713e-15 0 0)
(2.18383e-14 0 0)
(1.35812e-13 0 0)
(8.83294e-13 0 0)
(3.13717e-10 0 0)
(1.30063e-07 0 0)
(3.5731e-05 0 0)
(0.00488454 0 0)
(0.233517 0 0)
(2.96801 0 0)
(12.1957 0 0)
(25.2221 0 0)
(37.1581 0 0)
(47.0144 0 0)
(55.6069 0 0)
(63.6677 0 0)
(71.5605 0 0)
(79.4221 0 0)
(87.2873 0 0)
(95.175 0 0)
(103.063 0 0)
(111.019 0 0)
(118.884 0 0)
(126.99 0 0)
(134.632 0 0)
(143.039 0 0)
(150.226 0 0)
(158.899 0 0)
(166.061 0 0)
(174.059 0 0)
(182.197 0 0)
(189.17 0 0)
(197.562 0 0)
(204.852 0 0)
(213.212 0 0)
(220.476 0 0)
(228.759 0 0)
(236.364 0 0)
(244.452 0 0)
(252.524 0 0)
(260.131 0 0)
(265.84 0 0)
(272.486 0 0)
(281.037 0 0)
(286.374 0 0)
(286.199 0 0)
(280.345 0 0)
(278.22 0 0)
(286.723 0 0)
(288.555 0 0)
(283.285 0 0)
(276.208 0 0)
(276.726 0 0)
(288.561 0 0)
(289.006 0 0)
(283.915 0 0)
(277.351 0 0)
(277.924 0 0)
(287.131 0 0)
(288.585 0 0)
(285.706 0 0)
(277.857 0 0)
(277.731 0 0)
(279.248 0 0)
(287.105 0 0)
(286.853 0 0)
(285.29 0 0)
(281.741 0 0)
(278.307 0 0)
(279.34 0 0)
(280.983 0 0)
(282.158 0 0)
(284.045 0 0)
(282.364 0 0)
(277.762 0 0)
(277.778 0 0)
(278.715 0 0)
(280.885 0 0)
(283.22 0 0)
(283.361 0 0)
(282.365 0 0)
(280.091 0 0)
(279.664 0 0)
(279.936 0 0)
(282.204 0 0)
(283.846 0 0)
(283.718 0 0)
(282.477 0 0)
(278.48 0 0)
(276.136 0 0)
(275.812 0 0)
(279.766 0 0)
(283.959 0 0)
(226.604 0 0)
)
;

boundaryField
{
    sides
    {
        type            fixedValue;
        value           uniform (0 0 0);
    }
    empty
    {
        type            empty;
    }
}


// ************************************************************************* //
