/*--------------------------------*- C++ -*----------------------------------*\
| =========                 |                                                 |
| \\      /  F ield         | OpenFOAM: The Open Source CFD Toolbox           |
|  \\    /   O peration     | Version:  2412                                  |
|   \\  /    A nd           | Website:  www.openfoam.com                      |
|    \\/     M anipulation  |                                                 |
\*---------------------------------------------------------------------------*/
FoamFile
{
    version     2.0;
    format      ascii;
    arch        "LSB;label=32;scalar=64";
    class       volVectorField;
    location    "0.0169527";
    object      U;
}
// * * * * * * * * * * * * * * * * * * * * * * * * * * * * * * * * * * * * * //

dimensions      [0 1 -1 0 0 0 0];

internalField   nonuniform List<vector> 
100
(
(5.73832 0 0)
(15.0449 0 0)
(27.2701 0 0)
(40.6708 0 0)
(54.1855 0 0)
(65.5173 0 0)
(74.7044 0 0)
(81.3969 0 0)
(85.9772 0 0)
(90.1614 0 0)
(94.7154 0 0)
(99.6355 0 0)
(104.684 0 0)
(109.722 0 0)
(114.724 0 0)
(119.727 0 0)
(124.709 0 0)
(129.747 0 0)
(134.679 0 0)
(139.786 0 0)
(144.56 0 0)
(149.798 0 0)
(154.348 0 0)
(159.722 0 0)
(164.239 0 0)
(169.495 0 0)
(174.337 0 0)
(179.174 0 0)
(184.316 0 0)
(188.92 0 0)
(194.149 0 0)
(198.687 0 0)
(203.969 0 0)
(208.607 0 0)
(213.79 0 0)
(218.544 0 0)
(223.713 0 0)
(228.609 0 0)
(233.655 0 0)
(238.548 0 0)
(243.558 0 0)
(248.581 0 0)
(253.503 0 0)
(258.233 0 0)
(262.998 0 0)
(267.917 0 0)
(272.317 0 0)
(276.23 0 0)
(280.494 0 0)
(283.266 0 0)
(284.651 0 0)
(284.093 0 0)
(282.68 0 0)
(281.97 0 0)
(284.714 0 0)
(286.275 0 0)
(281.613 0 0)
(278.567 0 0)
(281.197 0 0)
(288.525 0 0)
(289.665 0 0)
(277.888 0 0)
(275.243 0 0)
(281.811 0 0)
(291.473 0 0)
(291.084 0 0)
(275.66 0 0)
(273.872 0 0)
(280.169 0 0)
(291.161 0 0)
(291.366 0 0)
(278.374 0 0)
(274.032 0 0)
(277.122 0 0)
(289.784 0 0)
(288.826 0 0)
(284.529 0 0)
(275.066 0 0)
(274.95 0 0)
(280.307 0 0)
(288.607 0 0)
(287.179 0 0)
(283.124 0 0)
(273.776 0 0)
(163.725 0 0)
(15.9611 0 0)
(5.67324 0 0)
(8.75739 0 0)
(7.20468 0 0)
(18.289 0 0)
(20.118 0 0)
(19.327 0 0)
(22.4142 0 0)
(24.8475 0 0)
(23.6984 0 0)
(21.7545 0 0)
(15.4212 0 0)
(7.53898 0 0)
(5.29683 0 0)
(0.0535655 0 0)
)
;

boundaryField
{
    sides
    {
        type            fixedValue;
        value           uniform (0 0 0);
    }
    empty
    {
        type            empty;
    }
}


// ************************************************************************* //
