/*--------------------------------*- C++ -*----------------------------------*\
| =========                 |                                                 |
| \\      /  F ield         | OpenFOAM: The Open Source CFD Toolbox           |
|  \\    /   O peration     | Version:  2412                                  |
|   \\  /    A nd           | Website:  www.openfoam.com                      |
|    \\/     M anipulation  |                                                 |
\*---------------------------------------------------------------------------*/
FoamFile
{
    version     2.0;
    format      ascii;
    arch        "LSB;label=32;scalar=64";
    class       volVectorField;
    location    "0.0500865";
    object      U;
}
// * * * * * * * * * * * * * * * * * * * * * * * * * * * * * * * * * * * * * //

dimensions      [0 1 -1 0 0 0 0];

internalField   nonuniform List<vector> 
100
(
(13.1185 0 0)
(18.2467 0 0)
(8.12518 0 0)
(-14.0126 0 0)
(-31.7962 0 0)
(-28.8403 0 0)
(-14.0133 0 0)
(12.2428 0 0)
(26.9468 0 0)
(-24.8738 0 0)
(-188.665 0 0)
(-244.019 0 0)
(-240.434 0 0)
(-228.223 0 0)
(-220.238 0 0)
(-217.755 0 0)
(-217.949 0 0)
(-228.603 0 0)
(-239.403 0 0)
(-239.512 0 0)
(-237.591 0 0)
(-231.053 0 0)
(-211.446 0 0)
(-199.172 0 0)
(-195.906 0 0)
(-194.892 0 0)
(-194.363 0 0)
(-201.691 0 0)
(-211.418 0 0)
(-212.53 0 0)
(-210.721 0 0)
(-207.535 0 0)
(-202.374 0 0)
(-198.796 0 0)
(-196.65 0 0)
(-194.108 0 0)
(-189.575 0 0)
(-185.4 0 0)
(-183.467 0 0)
(-182.594 0 0)
(-183.983 0 0)
(-185.993 0 0)
(-185.413 0 0)
(-183.265 0 0)
(-177.365 0 0)
(-170.841 0 0)
(-168.081 0 0)
(-168.784 0 0)
(-183.12 0 0)
(-196.407 0 0)
(-197.367 0 0)
(-195.778 0 0)
(-192.195 0 0)
(-178.162 0 0)
(-153.561 0 0)
(-138.856 0 0)
(-133.109 0 0)
(-129.95 0 0)
(-127.528 0 0)
(-124.445 0 0)
(-120.842 0 0)
(-117.812 0 0)
(-116.421 0 0)
(-115.645 0 0)
(-115.031 0 0)
(-114.829 0 0)
(-114.423 0 0)
(-113.42 0 0)
(-110.516 0 0)
(-104.595 0 0)
(-97.0925 0 0)
(-90.832 0 0)
(-86.7484 0 0)
(-82.67 0 0)
(-80.9089 0 0)
(-79.7162 0 0)
(-78.7957 0 0)
(-77.7749 0 0)
(-74.7442 0 0)
(-71.848 0 0)
(-65.6385 0 0)
(-62.151 0 0)
(-58.0212 0 0)
(-54.983 0 0)
(-51.8107 0 0)
(-48.2817 0 0)
(-45.3838 0 0)
(-41.1335 0 0)
(-38.3833 0 0)
(-35.0238 0 0)
(-31.7187 0 0)
(-27.6535 0 0)
(-24.3882 0 0)
(-21.0768 0 0)
(-18.0355 0 0)
(-14.9565 0 0)
(-11.4315 0 0)
(-8.42604 0 0)
(-4.83514 0 0)
(-2.00768 0 0)
)
;

boundaryField
{
    sides
    {
        type            fixedValue;
        value           uniform (0 0 0);
    }
    empty
    {
        type            empty;
    }
}


// ************************************************************************* //
