/*--------------------------------*- C++ -*----------------------------------*\
| =========                 |                                                 |
| \\      /  F ield         | OpenFOAM: The Open Source CFD Toolbox           |
|  \\    /   O peration     | Version:  2412                                  |
|   \\  /    A nd           | Website:  www.openfoam.com                      |
|    \\/     M anipulation  |                                                 |
\*---------------------------------------------------------------------------*/
FoamFile
{
    version     2.0;
    format      ascii;
    arch        "LSB;label=32;scalar=64";
    class       volVectorField;
    location    "0.0433033";
    object      U;
}
// * * * * * * * * * * * * * * * * * * * * * * * * * * * * * * * * * * * * * //

dimensions      [0 1 -1 0 0 0 0];

internalField   nonuniform List<vector> 
100
(
(1.61478 0 0)
(4.74051 0 0)
(7.8751 0 0)
(10.9859 0 0)
(14.0612 0 0)
(17.0769 0 0)
(20.0025 0 0)
(22.8776 0 0)
(26.1258 0 0)
(29.1602 0 0)
(18.171 0 0)
(-144.107 0 0)
(-228.979 0 0)
(-229.187 0 0)
(-211.309 0 0)
(-206.794 0 0)
(-206.218 0 0)
(-215.905 0 0)
(-223.586 0 0)
(-223.149 0 0)
(-221.105 0 0)
(-218.867 0 0)
(-210.642 0 0)
(-192.733 0 0)
(-183.713 0 0)
(-181.107 0 0)
(-180.129 0 0)
(-182.885 0 0)
(-191.542 0 0)
(-194.239 0 0)
(-193.079 0 0)
(-191.055 0 0)
(-186.058 0 0)
(-178.743 0 0)
(-174.884 0 0)
(-173.606 0 0)
(-174.738 0 0)
(-175.926 0 0)
(-174.741 0 0)
(-170.889 0 0)
(-162.96 0 0)
(-157.671 0 0)
(-155.891 0 0)
(-157.401 0 0)
(-160.35 0 0)
(-159.977 0 0)
(-157.039 0 0)
(-149.722 0 0)
(-142.348 0 0)
(-139.316 0 0)
(-139.705 0 0)
(-146.109 0 0)
(-150.881 0 0)
(-150.396 0 0)
(-146.876 0 0)
(-136.909 0 0)
(-124.648 0 0)
(-119.087 0 0)
(-117.188 0 0)
(-117.921 0 0)
(-121.564 0 0)
(-123.954 0 0)
(-123.48 0 0)
(-122.054 0 0)
(-119.045 0 0)
(-115.158 0 0)
(-112.776 0 0)
(-110.351 0 0)
(-107.889 0 0)
(-102.854 0 0)
(-100.326 0 0)
(-99.1632 0 0)
(-99.1388 0 0)
(-99.4044 0 0)
(-95.875 0 0)
(-93.189 0 0)
(-86.7846 0 0)
(-85.0495 0 0)
(-85.2289 0 0)
(-93.2696 0 0)
(-101.272 0 0)
(-101.02 0 0)
(-99.4838 0 0)
(-92.6405 0 0)
(-74.7213 0 0)
(-57.3477 0 0)
(-48.6822 0 0)
(-43.1115 0 0)
(-39.0243 0 0)
(-35.5964 0 0)
(-32.585 0 0)
(-30.2597 0 0)
(-27.8416 0 0)
(-25.8469 0 0)
(-22.3412 0 0)
(-17.8797 0 0)
(-13.6328 0 0)
(-9.35306 0 0)
(-5.19395 0 0)
(-2.77067 0 0)
)
;

boundaryField
{
    sides
    {
        type            fixedValue;
        value           uniform (0 0 0);
    }
    empty
    {
        type            empty;
    }
}


// ************************************************************************* //
