/*--------------------------------*- C++ -*----------------------------------*\
| =========                 |                                                 |
| \\      /  F ield         | OpenFOAM: The Open Source CFD Toolbox           |
|  \\    /   O peration     | Version:  2412                                  |
|   \\  /    A nd           | Website:  www.openfoam.com                      |
|    \\/     M anipulation  |                                                 |
\*---------------------------------------------------------------------------*/
FoamFile
{
    version     2.0;
    format      ascii;
    arch        "LSB;label=32;scalar=64";
    class       volVectorField;
    location    "0.0559796";
    object      U;
}
// * * * * * * * * * * * * * * * * * * * * * * * * * * * * * * * * * * * * * //

dimensions      [0 1 -1 0 0 0 0];

internalField   nonuniform List<vector> 
100
(
(15.8382 0 0)
(28.957 0 0)
(31.3341 0 0)
(16.5499 0 0)
(-4.27693 0 0)
(-14.8225 0 0)
(-14.2484 0 0)
(-4.42075 0 0)
(2.94938 0 0)
(6.61839 0 0)
(2.6102 0 0)
(-2.79411 0 0)
(-2.00453 0 0)
(-2.67186 0 0)
(-4.8966 0 0)
(-5.15255 0 0)
(-2.46407 0 0)
(-0.102951 0 0)
(-0.66066 0 0)
(-23.047 0 0)
(-39.9703 0 0)
(-35.5819 0 0)
(-30.3181 0 0)
(-103.365 0 0)
(-198.82 0 0)
(-197.831 0 0)
(-192.848 0 0)
(-190.545 0 0)
(-191.297 0 0)
(-191.048 0 0)
(-189.971 0 0)
(-187.448 0 0)
(-181.85 0 0)
(-177.766 0 0)
(-176.01 0 0)
(-175.118 0 0)
(-174.105 0 0)
(-174.822 0 0)
(-176.589 0 0)
(-177.23 0 0)
(-176.37 0 0)
(-175.411 0 0)
(-173.698 0 0)
(-168.505 0 0)
(-154.933 0 0)
(-145.275 0 0)
(-141.78 0 0)
(-140.654 0 0)
(-139.962 0 0)
(-139.436 0 0)
(-139.374 0 0)
(-139.723 0 0)
(-139.548 0 0)
(-138.733 0 0)
(-136.455 0 0)
(-130.828 0 0)
(-123.575 0 0)
(-119.217 0 0)
(-116.446 0 0)
(-114.592 0 0)
(-112.622 0 0)
(-110.135 0 0)
(-107.232 0 0)
(-104.036 0 0)
(-100.923 0 0)
(-97.9183 0 0)
(-94.994 0 0)
(-92.0911 0 0)
(-89.2091 0 0)
(-86.5217 0 0)
(-84.0139 0 0)
(-81.4881 0 0)
(-78.9643 0 0)
(-76.034 0 0)
(-73.2072 0 0)
(-69.7085 0 0)
(-66.8513 0 0)
(-63.6663 0 0)
(-60.7482 0 0)
(-58.0939 0 0)
(-55.4923 0 0)
(-53.2111 0 0)
(-50.0758 0 0)
(-48.0754 0 0)
(-44.9965 0 0)
(-41.9968 0 0)
(-38.9572 0 0)
(-35.6248 0 0)
(-32.8384 0 0)
(-29.3337 0 0)
(-26.7347 0 0)
(-23.7217 0 0)
(-21.5523 0 0)
(-18.8691 0 0)
(-16.1739 0 0)
(-13.1753 0 0)
(-9.84224 0 0)
(-6.95847 0 0)
(-3.75755 0 0)
(-1.57921 0 0)
)
;

boundaryField
{
    sides
    {
        type            fixedValue;
        value           uniform (0 0 0);
    }
    empty
    {
        type            empty;
    }
}


// ************************************************************************* //
