/*--------------------------------*- C++ -*----------------------------------*\
| =========                 |                                                 |
| \\      /  F ield         | OpenFOAM: The Open Source CFD Toolbox           |
|  \\    /   O peration     | Version:  2412                                  |
|   \\  /    A nd           | Website:  www.openfoam.com                      |
|    \\/     M anipulation  |                                                 |
\*---------------------------------------------------------------------------*/
FoamFile
{
    version     2.0;
    format      ascii;
    arch        "LSB;label=32;scalar=64";
    class       volVectorField;
    location    "0.0193245";
    object      U;
}
// * * * * * * * * * * * * * * * * * * * * * * * * * * * * * * * * * * * * * //

dimensions      [0 1 -1 0 0 0 0];

internalField   nonuniform List<vector> 
100
(
(3.90397 0 0)
(11.8981 0 0)
(19.8899 0 0)
(27.7531 0 0)
(35.7046 0 0)
(43.4803 0 0)
(51.1213 0 0)
(58.7371 0 0)
(66.5608 0 0)
(74.8111 0 0)
(83.5142 0 0)
(93.1964 0 0)
(104.114 0 0)
(115.907 0 0)
(127.307 0 0)
(138.055 0 0)
(146.931 0 0)
(153.569 0 0)
(156.569 0 0)
(159.742 0 0)
(162.364 0 0)
(166.255 0 0)
(170.559 0 0)
(175.464 0 0)
(180.208 0 0)
(184.388 0 0)
(188.886 0 0)
(192.855 0 0)
(197.473 0 0)
(201.507 0 0)
(206.117 0 0)
(210.263 0 0)
(214.831 0 0)
(219.051 0 0)
(223.532 0 0)
(227.856 0 0)
(232.327 0 0)
(236.687 0 0)
(241.071 0 0)
(245.415 0 0)
(249.785 0 0)
(254.175 0 0)
(258.516 0 0)
(262.665 0 0)
(266.673 0 0)
(271.063 0 0)
(274.979 0 0)
(278.101 0 0)
(281.567 0 0)
(283.693 0 0)
(284.368 0 0)
(284.185 0 0)
(283.265 0 0)
(282.365 0 0)
(283.111 0 0)
(284.818 0 0)
(284.454 0 0)
(280.471 0 0)
(279.084 0 0)
(286.232 0 0)
(288.689 0 0)
(283.635 0 0)
(276.286 0 0)
(276.835 0 0)
(290.61 0 0)
(292.062 0 0)
(281.122 0 0)
(272.297 0 0)
(274.717 0 0)
(291.681 0 0)
(291.523 0 0)
(282.391 0 0)
(272.42 0 0)
(273.201 0 0)
(290.069 0 0)
(291.101 0 0)
(286.114 0 0)
(274.574 0 0)
(272.052 0 0)
(190.851 0 0)
(31.3921 0 0)
(4.79521 0 0)
(14.0489 0 0)
(28.5974 0 0)
(10.1415 0 0)
(15.1984 0 0)
(24.1672 0 0)
(13.2106 0 0)
(2.37301 0 0)
(8.98195 0 0)
(16.7971 0 0)
(23.9923 0 0)
(20.652 0 0)
(6.35529 0 0)
(-8.07335 0 0)
(-18.1209 0 0)
(-18.4939 0 0)
(-13.1767 0 0)
(-5.07509 0 0)
(-5.73653 0 0)
)
;

boundaryField
{
    sides
    {
        type            fixedValue;
        value           uniform (0 0 0);
    }
    empty
    {
        type            empty;
    }
}


// ************************************************************************* //
