/*--------------------------------*- C++ -*----------------------------------*\
| =========                 |                                                 |
| \\      /  F ield         | OpenFOAM: The Open Source CFD Toolbox           |
|  \\    /   O peration     | Version:  2412                                  |
|   \\  /    A nd           | Website:  www.openfoam.com                      |
|    \\/     M anipulation  |                                                 |
\*---------------------------------------------------------------------------*/
FoamFile
{
    version     2.0;
    format      ascii;
    arch        "LSB;label=32;scalar=64";
    class       volVectorField;
    location    "0.051329";
    object      U;
}
// * * * * * * * * * * * * * * * * * * * * * * * * * * * * * * * * * * * * * //

dimensions      [0 1 -1 0 0 0 0];

internalField   nonuniform List<vector> 
100
(
(-4.04141 0 0)
(-10.0801 0 0)
(-0.724121 0 0)
(11.0144 0 0)
(12.9546 0 0)
(7.74206 0 0)
(-6.31941 0 0)
(-13.4048 0 0)
(-15.1684 0 0)
(-9.75832 0 0)
(-5.02011 0 0)
(-0.593349 0 0)
(-47.6466 0 0)
(-187.21 0 0)
(-249.128 0 0)
(-232.798 0 0)
(-214.08 0 0)
(-208.739 0 0)
(-207.401 0 0)
(-206.282 0 0)
(-208.91 0 0)
(-221.392 0 0)
(-227.22 0 0)
(-226.405 0 0)
(-224.173 0 0)
(-219.6 0 0)
(-214.538 0 0)
(-212.067 0 0)
(-210.02 0 0)
(-206.869 0 0)
(-201.666 0 0)
(-198.467 0 0)
(-196.809 0 0)
(-196.259 0 0)
(-198.704 0 0)
(-200.303 0 0)
(-199.146 0 0)
(-196.534 0 0)
(-189.605 0 0)
(-183.621 0 0)
(-181.489 0 0)
(-184.008 0 0)
(-202.417 0 0)
(-213.15 0 0)
(-212.813 0 0)
(-210.923 0 0)
(-206.892 0 0)
(-190.553 0 0)
(-164.383 0 0)
(-150.808 0 0)
(-146.044 0 0)
(-143.717 0 0)
(-141.957 0 0)
(-139.165 0 0)
(-135.3 0 0)
(-131.757 0 0)
(-130.063 0 0)
(-129.174 0 0)
(-128.556 0 0)
(-128.479 0 0)
(-128.595 0 0)
(-128.155 0 0)
(-126.974 0 0)
(-123.779 0 0)
(-116.822 0 0)
(-108.504 0 0)
(-102.506 0 0)
(-98.4189 0 0)
(-95.3937 0 0)
(-93.9816 0 0)
(-93.2793 0 0)
(-92.5216 0 0)
(-91.9039 0 0)
(-89.3445 0 0)
(-85.4574 0 0)
(-80.3347 0 0)
(-75.9182 0 0)
(-72.0684 0 0)
(-68.8598 0 0)
(-66.4887 0 0)
(-62.5253 0 0)
(-59.6892 0 0)
(-55.7589 0 0)
(-52.9422 0 0)
(-49.8169 0 0)
(-46.6801 0 0)
(-43.8288 0 0)
(-39.5633 0 0)
(-36.9 0 0)
(-33.2962 0 0)
(-30.3944 0 0)
(-27.3214 0 0)
(-24.4576 0 0)
(-20.9229 0 0)
(-17.5568 0 0)
(-14.0088 0 0)
(-10.3699 0 0)
(-7.53032 0 0)
(-4.23468 0 0)
(-1.61933 0 0)
)
;

boundaryField
{
    sides
    {
        type            fixedValue;
        value           uniform (0 0 0);
    }
    empty
    {
        type            empty;
    }
}


// ************************************************************************* //
