/*--------------------------------*- C++ -*----------------------------------*\
| =========                 |                                                 |
| \\      /  F ield         | OpenFOAM: The Open Source CFD Toolbox           |
|  \\    /   O peration     | Version:  2412                                  |
|   \\  /    A nd           | Website:  www.openfoam.com                      |
|    \\/     M anipulation  |                                                 |
\*---------------------------------------------------------------------------*/
FoamFile
{
    version     2.0;
    format      ascii;
    arch        "LSB;label=32;scalar=64";
    class       volVectorField;
    location    "0.0458999";
    object      U;
}
// * * * * * * * * * * * * * * * * * * * * * * * * * * * * * * * * * * * * * //

dimensions      [0 1 -1 0 0 0 0];

internalField   nonuniform List<vector> 
100
(
(-151.625 0 0)
(-257.247 0 0)
(-251.886 0 0)
(-247.945 0 0)
(-251.914 0 0)
(-256.455 0 0)
(-255.453 0 0)
(-253.014 0 0)
(-247.316 0 0)
(-228.256 0 0)
(-215.26 0 0)
(-211.571 0 0)
(-210.173 0 0)
(-210.101 0 0)
(-218.845 0 0)
(-228.736 0 0)
(-229.084 0 0)
(-227.58 0 0)
(-224.203 0 0)
(-216.227 0 0)
(-209.355 0 0)
(-207.165 0 0)
(-206.405 0 0)
(-209.028 0 0)
(-210.312 0 0)
(-208.988 0 0)
(-205.255 0 0)
(-196.517 0 0)
(-190.231 0 0)
(-188.018 0 0)
(-188.666 0 0)
(-193.254 0 0)
(-194.309 0 0)
(-192.655 0 0)
(-187.44 0 0)
(-177.573 0 0)
(-172.338 0 0)
(-170.618 0 0)
(-173.77 0 0)
(-183.644 0 0)
(-186.643 0 0)
(-185.198 0 0)
(-180.547 0 0)
(-167.217 0 0)
(-154.789 0 0)
(-150.155 0 0)
(-148.664 0 0)
(-149.351 0 0)
(-155.113 0 0)
(-159.539 0 0)
(-159.428 0 0)
(-157.88 0 0)
(-154.668 0 0)
(-150.59 0 0)
(-147.875 0 0)
(-146.042 0 0)
(-142.81 0 0)
(-138.382 0 0)
(-135.023 0 0)
(-133.897 0 0)
(-133.905 0 0)
(-134.608 0 0)
(-133.84 0 0)
(-131.048 0 0)
(-125.481 0 0)
(-120.482 0 0)
(-118.553 0 0)
(-121.217 0 0)
(-133.571 0 0)
(-140.262 0 0)
(-140.644 0 0)
(-137.051 0 0)
(-129.681 0 0)
(-110.737 0 0)
(-93.8166 0 0)
(-84.577 0 0)
(-77.6538 0 0)
(-76.0454 0 0)
(-71.9756 0 0)
(-69.1011 0 0)
(-66.525 0 0)
(-65.2346 0 0)
(-64.9732 0 0)
(-63.2787 0 0)
(-61.609 0 0)
(-56.836 0 0)
(-52.3914 0 0)
(-46.4594 0 0)
(-41.0695 0 0)
(-36.1313 0 0)
(-32.9371 0 0)
(-30.1151 0 0)
(-27.8375 0 0)
(-25.9817 0 0)
(-23.1092 0 0)
(-19.2475 0 0)
(-14.6068 0 0)
(-10.5465 0 0)
(-5.86422 0 0)
(-2.11078 0 0)
)
;

boundaryField
{
    sides
    {
        type            fixedValue;
        value           uniform (0 0 0);
    }
    empty
    {
        type            empty;
    }
}


// ************************************************************************* //
