/*--------------------------------*- C++ -*----------------------------------*\
| =========                 |                                                 |
| \\      /  F ield         | OpenFOAM: The Open Source CFD Toolbox           |
|  \\    /   O peration     | Version:  2412                                  |
|   \\  /    A nd           | Website:  www.openfoam.com                      |
|    \\/     M anipulation  |                                                 |
\*---------------------------------------------------------------------------*/
FoamFile
{
    version     2.0;
    format      ascii;
    arch        "LSB;label=32;scalar=64";
    class       volVectorField;
    location    "0.00523173";
    object      U;
}
// * * * * * * * * * * * * * * * * * * * * * * * * * * * * * * * * * * * * * //

dimensions      [0 1 -1 0 0 0 0];

internalField   nonuniform List<vector> 
100
(
(2.02031e-15 0 0)
(3.97221e-14 0 0)
(-2.6945e-14 0 0)
(-1.16599e-13 0 0)
(-1.45807e-13 0 0)
(-1.77345e-13 0 0)
(-2.28301e-13 0 0)
(-1.80938e-13 0 0)
(-1.64242e-13 0 0)
(-1.27076e-13 0 0)
(-1.03529e-13 0 0)
(-8.18001e-14 0 0)
(-7.28918e-14 0 0)
(-8.11384e-14 0 0)
(-4.81111e-14 0 0)
(-1.30937e-14 0 0)
(6.08415e-15 0 0)
(-8.33406e-15 0 0)
(3.9754e-14 0 0)
(1.1499e-13 0 0)
(2.0209e-13 0 0)
(2.73362e-13 0 0)
(2.32361e-13 0 0)
(1.98949e-13 0 0)
(2.37079e-13 0 0)
(2.95138e-13 0 0)
(6.23035e-12 0 0)
(3.02959e-09 0 0)
(1.14692e-06 0 0)
(0.000263229 0 0)
(0.026762 0 0)
(0.83984 0 0)
(7.08557 0 0)
(22.5061 0 0)
(41.6358 0 0)
(59.675 0 0)
(76.033 0 0)
(91.7586 0 0)
(106.721 0 0)
(122.786 0 0)
(136.87 0 0)
(154.067 0 0)
(167.704 0 0)
(181.843 0 0)
(199.12 0 0)
(212.046 0 0)
(225.456 0 0)
(241.602 0 0)
(260.329 0 0)
(273.217 0 0)
(276.272 0 0)
(280.067 0 0)
(286.931 0 0)
(288.35 0 0)
(284.281 0 0)
(278.143 0 0)
(278.743 0 0)
(287.661 0 0)
(288.132 0 0)
(285.486 0 0)
(278.596 0 0)
(277.437 0 0)
(280.388 0 0)
(282.112 0 0)
(277.227 0 0)
(278.016 0 0)
(280.648 0 0)
(284.682 0 0)
(286.496 0 0)
(284.985 0 0)
(277.255 0 0)
(274.885 0 0)
(279.47 0 0)
(291.855 0 0)
(276.879 0 0)
(137.129 0 0)
(4.27661 0 0)
(0.00560618 0 0)
(1.04007e-06 0 0)
(8.95424e-11 0 0)
(-1.21374e-13 0 0)
(-2.45303e-13 0 0)
(-1.37956e-13 0 0)
(-1.11107e-13 0 0)
(-1.62142e-13 0 0)
(-2.10797e-13 0 0)
(-1.06636e-13 0 0)
(-3.48289e-14 0 0)
(-2.23627e-13 0 0)
(-3.1315e-13 0 0)
(-2.7058e-13 0 0)
(-1.96566e-13 0 0)
(-1.80662e-13 0 0)
(-2.37223e-13 0 0)
(-2.89221e-13 0 0)
(-3.66391e-13 0 0)
(-3.31085e-13 0 0)
(-2.0411e-13 0 0)
(-1.63229e-13 0 0)
(-1.13629e-13 0 0)
)
;

boundaryField
{
    sides
    {
        type            fixedValue;
        value           uniform (0 0 0);
    }
    empty
    {
        type            empty;
    }
}


// ************************************************************************* //
