/*--------------------------------*- C++ -*----------------------------------*\
| =========                 |                                                 |
| \\      /  F ield         | OpenFOAM: The Open Source CFD Toolbox           |
|  \\    /   O peration     | Version:  2412                                  |
|   \\  /    A nd           | Website:  www.openfoam.com                      |
|    \\/     M anipulation  |                                                 |
\*---------------------------------------------------------------------------*/
FoamFile
{
    version     2.0;
    format      ascii;
    arch        "LSB;label=32;scalar=64";
    class       volVectorField;
    location    "0.0483521";
    object      U;
}
// * * * * * * * * * * * * * * * * * * * * * * * * * * * * * * * * * * * * * //

dimensions      [0 1 -1 0 0 0 0];

internalField   nonuniform List<vector> 
100
(
(31.1813 0 0)
(3.80002 0 0)
(14.4009 0 0)
(36.7681 0 0)
(15.7495 0 0)
(-100.725 0 0)
(-237.878 0 0)
(-236.793 0 0)
(-234.407 0 0)
(-233.234 0 0)
(-237.615 0 0)
(-239.18 0 0)
(-238.083 0 0)
(-235.377 0 0)
(-227.02 0 0)
(-219.293 0 0)
(-216.992 0 0)
(-216.567 0 0)
(-221.42 0 0)
(-225.169 0 0)
(-224.093 0 0)
(-221.521 0 0)
(-212.159 0 0)
(-203.169 0 0)
(-199.99 0 0)
(-199.482 0 0)
(-207.338 0 0)
(-217.733 0 0)
(-218.3 0 0)
(-216.348 0 0)
(-209.818 0 0)
(-192.434 0 0)
(-180.692 0 0)
(-177.063 0 0)
(-175.743 0 0)
(-176.083 0 0)
(-183.755 0 0)
(-190.595 0 0)
(-190.692 0 0)
(-188.983 0 0)
(-185.621 0 0)
(-181.243 0 0)
(-178.151 0 0)
(-176.137 0 0)
(-173.121 0 0)
(-168.614 0 0)
(-165.078 0 0)
(-163.559 0 0)
(-163.263 0 0)
(-164.938 0 0)
(-165.323 0 0)
(-163.926 0 0)
(-159.938 0 0)
(-153.277 0 0)
(-149.31 0 0)
(-148.264 0 0)
(-155.403 0 0)
(-170.705 0 0)
(-174.936 0 0)
(-173.792 0 0)
(-170.801 0 0)
(-161.314 0 0)
(-139.514 0 0)
(-122.303 0 0)
(-114.27 0 0)
(-110.164 0 0)
(-106.865 0 0)
(-103.562 0 0)
(-100.392 0 0)
(-97.6551 0 0)
(-96.373 0 0)
(-95.2943 0 0)
(-95.0764 0 0)
(-94.0515 0 0)
(-93.131 0 0)
(-89.9326 0 0)
(-84.7318 0 0)
(-78.614 0 0)
(-71.4831 0 0)
(-67.7893 0 0)
(-63.4899 0 0)
(-61.6106 0 0)
(-59.8556 0 0)
(-58.9177 0 0)
(-57.5728 0 0)
(-53.4884 0 0)
(-49.7195 0 0)
(-44.5891 0 0)
(-40.7425 0 0)
(-36.7925 0 0)
(-33.3027 0 0)
(-29.6485 0 0)
(-26.5696 0 0)
(-22.9008 0 0)
(-19.4394 0 0)
(-15.7355 0 0)
(-11.7554 0 0)
(-8.50455 0 0)
(-4.7232 0 0)
(-1.79357 0 0)
)
;

boundaryField
{
    sides
    {
        type            fixedValue;
        value           uniform (0 0 0);
    }
    empty
    {
        type            empty;
    }
}


// ************************************************************************* //
