/*--------------------------------*- C++ -*----------------------------------*\
| =========                 |                                                 |
| \\      /  F ield         | OpenFOAM: The Open Source CFD Toolbox           |
|  \\    /   O peration     | Version:  2412                                  |
|   \\  /    A nd           | Website:  www.openfoam.com                      |
|    \\/     M anipulation  |                                                 |
\*---------------------------------------------------------------------------*/
FoamFile
{
    version     2.0;
    format      ascii;
    arch        "LSB;label=32;scalar=64";
    class       volVectorField;
    location    "0.0202883";
    object      U;
}
// * * * * * * * * * * * * * * * * * * * * * * * * * * * * * * * * * * * * * //

dimensions      [0 1 -1 0 0 0 0];

internalField   nonuniform List<vector> 
100
(
(3.71332 0 0)
(11.2638 0 0)
(18.7039 0 0)
(26.1011 0 0)
(33.5946 0 0)
(41.0772 0 0)
(48.6185 0 0)
(56.1207 0 0)
(63.5474 0 0)
(70.8347 0 0)
(77.9842 0 0)
(85.172 0 0)
(92.4709 0 0)
(100.253 0 0)
(108.247 0 0)
(117.166 0 0)
(126.687 0 0)
(137.73 0 0)
(148.42 0 0)
(160.072 0 0)
(170.287 0 0)
(177.651 0 0)
(181.066 0 0)
(183.618 0 0)
(186.292 0 0)
(188.915 0 0)
(192.442 0 0)
(196.398 0 0)
(201.703 0 0)
(206.112 0 0)
(210.482 0 0)
(214.306 0 0)
(218.51 0 0)
(222.589 0 0)
(226.879 0 0)
(231.026 0 0)
(235.246 0 0)
(239.425 0 0)
(243.628 0 0)
(247.784 0 0)
(251.936 0 0)
(256.006 0 0)
(260.078 0 0)
(264.277 0 0)
(268.288 0 0)
(271.632 0 0)
(275.703 0 0)
(279.366 0 0)
(281.829 0 0)
(283.552 0 0)
(284.365 0 0)
(283.924 0 0)
(283.404 0 0)
(283.552 0 0)
(282.853 0 0)
(281.834 0 0)
(282.906 0 0)
(285.631 0 0)
(285.609 0 0)
(279.826 0 0)
(277.908 0 0)
(285.971 0 0)
(289.885 0 0)
(285.376 0 0)
(275.469 0 0)
(273.994 0 0)
(289.836 0 0)
(291.65 0 0)
(283.781 0 0)
(272.201 0 0)
(271.544 0 0)
(290.678 0 0)
(292.338 0 0)
(285.157 0 0)
(272.55 0 0)
(272.103 0 0)
(285.506 0 0)
(201.319 0 0)
(47.2854 0 0)
(3.16961 0 0)
(28.3708 0 0)
(20.0049 0 0)
(7.29687 0 0)
(13.0373 0 0)
(5.73814 0 0)
(11.4702 0 0)
(21.4588 0 0)
(22.9351 0 0)
(13.9748 0 0)
(10.7021 0 0)
(-0.841486 0 0)
(-13.4771 0 0)
(-14.807 0 0)
(-11.4245 0 0)
(-2.05322 0 0)
(2.72375 0 0)
(0.197262 0 0)
(-6.37021 0 0)
(-6.80092 0 0)
(-5.75471 0 0)
)
;

boundaryField
{
    sides
    {
        type            fixedValue;
        value           uniform (0 0 0);
    }
    empty
    {
        type            empty;
    }
}


// ************************************************************************* //
