/*--------------------------------*- C++ -*----------------------------------*\
| =========                 |                                                 |
| \\      /  F ield         | OpenFOAM: The Open Source CFD Toolbox           |
|  \\    /   O peration     | Version:  2412                                  |
|   \\  /    A nd           | Website:  www.openfoam.com                      |
|    \\/     M anipulation  |                                                 |
\*---------------------------------------------------------------------------*/
FoamFile
{
    version     2.0;
    format      ascii;
    arch        "LSB;label=32;scalar=64";
    class       volVectorField;
    location    "0.00491773";
    object      U;
}
// * * * * * * * * * * * * * * * * * * * * * * * * * * * * * * * * * * * * * //

dimensions      [0 1 -1 0 0 0 0];

internalField   nonuniform List<vector> 
100
(
(-4.66878e-14 0 0)
(-9.19323e-15 0 0)
(-5.13217e-14 0 0)
(-5.9656e-14 0 0)
(-3.99991e-14 0 0)
(-1.53038e-13 0 0)
(-2.28338e-13 0 0)
(-1.72698e-13 0 0)
(-1.23577e-13 0 0)
(-1.27001e-13 0 0)
(-1.28038e-13 0 0)
(-7.36056e-14 0 0)
(-5.65777e-14 0 0)
(-9.75921e-14 0 0)
(-4.79094e-14 0 0)
(4.37623e-14 0 0)
(-1.02457e-14 0 0)
(-8.2367e-15 0 0)
(-9.00121e-15 0 0)
(9.8606e-14 0 0)
(1.69543e-13 0 0)
(2.16362e-13 0 0)
(2.40688e-13 0 0)
(2.23239e-13 0 0)
(2.93854e-13 0 0)
(2.13973e-13 0 0)
(1.83424e-13 0 0)
(6.38212e-12 0 0)
(3.16623e-09 0 0)
(1.20284e-06 0 0)
(0.000276031 0 0)
(0.0279845 0 0)
(0.874087 0 0)
(7.34721 0 0)
(23.3149 0 0)
(43.2025 0 0)
(62.0172 0 0)
(79.3741 0 0)
(95.5871 0 0)
(112.332 0 0)
(127.515 0 0)
(145.66 0 0)
(159.996 0 0)
(175.867 0 0)
(193.764 0 0)
(205.815 0 0)
(222.026 0 0)
(239.972 0 0)
(259.246 0 0)
(266.557 0 0)
(275.039 0 0)
(285.513 0 0)
(290.278 0 0)
(287.845 0 0)
(278.373 0 0)
(278.409 0 0)
(284.732 0 0)
(288.469 0 0)
(286.616 0 0)
(279.08 0 0)
(277.239 0 0)
(279.813 0 0)
(280.267 0 0)
(276.737 0 0)
(280.298 0 0)
(283.907 0 0)
(286.45 0 0)
(285.908 0 0)
(278.491 0 0)
(274.198 0 0)
(275.532 0 0)
(288.902 0 0)
(290.683 0 0)
(227.205 0 0)
(35.3718 0 0)
(0.181672 0 0)
(6.74489e-05 0 0)
(6.22229e-09 0 0)
(6.90419e-13 0 0)
(-9.22317e-14 0 0)
(-9.68366e-14 0 0)
(-8.85431e-14 0 0)
(-3.80432e-14 0 0)
(-1.68323e-13 0 0)
(-1.76329e-13 0 0)
(-1.96727e-13 0 0)
(-1.49241e-13 0 0)
(-1.05967e-13 0 0)
(-1.81007e-13 0 0)
(-2.4906e-13 0 0)
(-2.06491e-13 0 0)
(-2.32155e-13 0 0)
(-1.73499e-13 0 0)
(-2.44357e-13 0 0)
(-2.75075e-13 0 0)
(-3.09246e-13 0 0)
(-2.52637e-13 0 0)
(-1.82923e-13 0 0)
(-1.27389e-13 0 0)
(-1.20916e-13 0 0)
)
;

boundaryField
{
    sides
    {
        type            fixedValue;
        value           uniform (0 0 0);
    }
    empty
    {
        type            empty;
    }
}


// ************************************************************************* //
