/*--------------------------------*- C++ -*----------------------------------*\
| =========                 |                                                 |
| \\      /  F ield         | OpenFOAM: The Open Source CFD Toolbox           |
|  \\    /   O peration     | Version:  2412                                  |
|   \\  /    A nd           | Website:  www.openfoam.com                      |
|    \\/     M anipulation  |                                                 |
\*---------------------------------------------------------------------------*/
FoamFile
{
    version     2.0;
    format      ascii;
    arch        "LSB;label=32;scalar=64";
    class       volVectorField;
    location    "0.0111828";
    object      U;
}
// * * * * * * * * * * * * * * * * * * * * * * * * * * * * * * * * * * * * * //

dimensions      [0 1 -1 0 0 0 0];

internalField   nonuniform List<vector> 
100
(
(4.46699e-14 0 0)
(1.12243e-13 0 0)
(4.60575e-14 0 0)
(-5.86047e-14 0 0)
(-1.5386e-14 0 0)
(4.36287e-14 0 0)
(1.29496e-13 0 0)
(2.06531e-12 0 0)
(8.89744e-10 0 0)
(3.49819e-07 0 0)
(8.75305e-05 0 0)
(0.0102756 0 0)
(0.394541 0 0)
(4.00347 0 0)
(14.0865 0 0)
(26.7946 0 0)
(37.8976 0 0)
(47.0001 0 0)
(54.9885 0 0)
(62.5295 0 0)
(69.9378 0 0)
(77.3268 0 0)
(84.724 0 0)
(92.1383 0 0)
(99.5603 0 0)
(107.021 0 0)
(114.449 0 0)
(122.006 0 0)
(129.323 0 0)
(137.081 0 0)
(144.043 0 0)
(152.118 0 0)
(158.761 0 0)
(166.741 0 0)
(173.877 0 0)
(180.872 0 0)
(188.769 0 0)
(195.434 0 0)
(203.229 0 0)
(210.064 0 0)
(218.026 0 0)
(225.042 0 0)
(232.708 0 0)
(239.966 0 0)
(247.244 0 0)
(254.573 0 0)
(262.236 0 0)
(269.369 0 0)
(273.7 0 0)
(278.6 0 0)
(283.344 0 0)
(287.613 0 0)
(287.918 0 0)
(280.313 0 0)
(277.898 0 0)
(281.866 0 0)
(289.136 0 0)
(289.237 0 0)
(277.435 0 0)
(275.837 0 0)
(281.374 0 0)
(289.237 0 0)
(289.054 0 0)
(278.713 0 0)
(277.029 0 0)
(280.472 0 0)
(288.53 0 0)
(288.584 0 0)
(283.272 0 0)
(277.377 0 0)
(278.109 0 0)
(281.892 0 0)
(287.797 0 0)
(285.466 0 0)
(284.389 0 0)
(279.72 0 0)
(277.945 0 0)
(279.645 0 0)
(281.736 0 0)
(281.618 0 0)
(281.785 0 0)
(283.918 0 0)
(284.143 0 0)
(280.229 0 0)
(277.715 0 0)
(277.861 0 0)
(278.397 0 0)
(280.815 0 0)
(283.221 0 0)
(283.347 0 0)
(282.675 0 0)
(280.521 0 0)
(279.828 0 0)
(279.966 0 0)
(281.699 0 0)
(284.552 0 0)
(281.938 0 0)
(226.646 0 0)
(44.4862 0 0)
(40.9997 0 0)
)
;

boundaryField
{
    sides
    {
        type            fixedValue;
        value           uniform (0 0 0);
    }
    empty
    {
        type            empty;
    }
}


// ************************************************************************* //
