/*--------------------------------*- C++ -*----------------------------------*\
| =========                 |                                                 |
| \\      /  F ield         | OpenFOAM: The Open Source CFD Toolbox           |
|  \\    /   O peration     | Version:  2412                                  |
|   \\  /    A nd           | Website:  www.openfoam.com                      |
|    \\/     M anipulation  |                                                 |
\*---------------------------------------------------------------------------*/
FoamFile
{
    version     2.0;
    format      ascii;
    arch        "LSB;label=32;scalar=64";
    class       volVectorField;
    location    "0.0140652";
    object      U;
}
// * * * * * * * * * * * * * * * * * * * * * * * * * * * * * * * * * * * * * //

dimensions      [0 1 -1 0 0 0 0];

internalField   nonuniform List<vector> 
100
(
(6.00526e-07 0 0)
(0.000153034 0 0)
(0.0162188 0 0)
(0.534347 0 0)
(4.64014 0 0)
(14.6225 0 0)
(26.0438 0 0)
(35.4238 0 0)
(42.839 0 0)
(49.2309 0 0)
(55.2292 0 0)
(61.1229 0 0)
(67.0133 0 0)
(72.9223 0 0)
(78.8479 0 0)
(84.7852 0 0)
(90.7309 0 0)
(96.686 0 0)
(102.648 0 0)
(108.627 0 0)
(114.601 0 0)
(120.62 0 0)
(126.565 0 0)
(132.661 0 0)
(138.456 0 0)
(144.711 0 0)
(150.21 0 0)
(156.671 0 0)
(162.033 0 0)
(168.368 0 0)
(174.144 0 0)
(179.854 0 0)
(186.082 0 0)
(191.528 0 0)
(197.795 0 0)
(203.236 0 0)
(209.591 0 0)
(215.183 0 0)
(221.345 0 0)
(227.092 0 0)
(233.308 0 0)
(239.204 0 0)
(245.12 0 0)
(250.958 0 0)
(256.936 0 0)
(262.484 0 0)
(267.856 0 0)
(273.653 0 0)
(278.596 0 0)
(281.861 0 0)
(283.308 0 0)
(283.118 0 0)
(284.755 0 0)
(285.813 0 0)
(284.274 0 0)
(279.105 0 0)
(277.86 0 0)
(287.376 0 0)
(289.581 0 0)
(283.943 0 0)
(275.786 0 0)
(275.708 0 0)
(289.214 0 0)
(290.21 0 0)
(284.182 0 0)
(275.437 0 0)
(275.331 0 0)
(287.223 0 0)
(289.667 0 0)
(286.594 0 0)
(277.047 0 0)
(277.378 0 0)
(281.186 0 0)
(288.592 0 0)
(287.645 0 0)
(282.15 0 0)
(275.602 0 0)
(277.028 0 0)
(278.39 0 0)
(286.943 0 0)
(287.181 0 0)
(283.457 0 0)
(282.772 0 0)
(279.476 0 0)
(278.928 0 0)
(280.434 0 0)
(282.202 0 0)
(283.488 0 0)
(279.718 0 0)
(278.126 0 0)
(159.872 0 0)
(12.5175 0 0)
(-13.2956 0 0)
(-0.353304 0 0)
(7.53957 0 0)
(6.48658 0 0)
(-0.36611 0 0)
(-1.09095 0 0)
(1.54174 0 0)
(-5.56999 0 0)
)
;

boundaryField
{
    sides
    {
        type            fixedValue;
        value           uniform (0 0 0);
    }
    empty
    {
        type            empty;
    }
}


// ************************************************************************* //
