/*--------------------------------*- C++ -*----------------------------------*\
| =========                 |                                                 |
| \\      /  F ield         | OpenFOAM: The Open Source CFD Toolbox           |
|  \\    /   O peration     | Version:  2412                                  |
|   \\  /    A nd           | Website:  www.openfoam.com                      |
|    \\/     M anipulation  |                                                 |
\*---------------------------------------------------------------------------*/
FoamFile
{
    version     2.0;
    format      ascii;
    arch        "LSB;label=32;scalar=64";
    class       volVectorField;
    location    "0.0333247";
    object      U;
}
// * * * * * * * * * * * * * * * * * * * * * * * * * * * * * * * * * * * * * //

dimensions      [0 1 -1 0 0 0 0];

internalField   nonuniform List<vector> 
100
(
(1.99933 0 0)
(6.10325 0 0)
(10.1022 0 0)
(14.2388 0 0)
(18.1688 0 0)
(22.4041 0 0)
(26.2108 0 0)
(30.5887 0 0)
(34.3014 0 0)
(38.7119 0 0)
(42.4534 0 0)
(46.7449 0 0)
(50.7509 0 0)
(54.8075 0 0)
(59.077 0 0)
(62.9291 0 0)
(67.3025 0 0)
(71.0898 0 0)
(75.4688 0 0)
(79.3044 0 0)
(83.6259 0 0)
(87.5307 0 0)
(91.7477 0 0)
(95.7023 0 0)
(99.841 0 0)
(103.858 0 0)
(107.983 0 0)
(112.052 0 0)
(116.162 0 0)
(120.233 0 0)
(124.311 0 0)
(128.374 0 0)
(132.445 0 0)
(136.505 0 0)
(140.58 0 0)
(144.6 0 0)
(148.611 0 0)
(152.517 0 0)
(156.393 0 0)
(160.334 0 0)
(164.076 0 0)
(167.729 0 0)
(171.178 0 0)
(174.084 0 0)
(176.491 0 0)
(178.947 0 0)
(179.294 0 0)
(73.7015 0 0)
(-90.201 0 0)
(-111.692 0 0)
(-99.358 0 0)
(-88.9312 0 0)
(-84.1246 0 0)
(-81.0003 0 0)
(-78.262 0 0)
(-77.8161 0 0)
(-77.6681 0 0)
(-77.2144 0 0)
(-74.8636 0 0)
(-70.3452 0 0)
(-65.822 0 0)
(-62.2076 0 0)
(-61.9257 0 0)
(-57.814 0 0)
(-58.111 0 0)
(-56.485 0 0)
(-54.2291 0 0)
(-52.3314 0 0)
(-43.5471 0 0)
(-40.5928 0 0)
(-31.3695 0 0)
(-33.0131 0 0)
(-33.9305 0 0)
(-32.5537 0 0)
(-33.5216 0 0)
(-28.0307 0 0)
(-27.7464 0 0)
(-16.0434 0 0)
(-2.57774 0 0)
(5.98776 0 0)
(8.17498 0 0)
(9.03538 0 0)
(7.61549 0 0)
(3.01997 0 0)
(1.52524 0 0)
(-0.859586 0 0)
(-1.03411 0 0)
(-0.775098 0 0)
(1.33833 0 0)
(1.33926 0 0)
(-1.88081 0 0)
(-4.62956 0 0)
(-5.12928 0 0)
(-3.73364 0 0)
(-1.69233 0 0)
(1.46072 0 0)
(4.45645 0 0)
(5.5257 0 0)
(5.52561 0 0)
(2.73848 0 0)
)
;

boundaryField
{
    sides
    {
        type            fixedValue;
        value           uniform (0 0 0);
    }
    empty
    {
        type            empty;
    }
}


// ************************************************************************* //
