/*--------------------------------*- C++ -*----------------------------------*\
| =========                 |                                                 |
| \\      /  F ield         | OpenFOAM: The Open Source CFD Toolbox           |
|  \\    /   O peration     | Version:  2412                                  |
|   \\  /    A nd           | Website:  www.openfoam.com                      |
|    \\/     M anipulation  |                                                 |
\*---------------------------------------------------------------------------*/
FoamFile
{
    version     2.0;
    format      ascii;
    arch        "LSB;label=32;scalar=64";
    class       volVectorField;
    location    "0.0468356";
    object      U;
}
// * * * * * * * * * * * * * * * * * * * * * * * * * * * * * * * * * * * * * //

dimensions      [0 1 -1 0 0 0 0];

internalField   nonuniform List<vector> 
100
(
(-63.7344 0 0)
(-81.7965 0 0)
(-230.461 0 0)
(-256.489 0 0)
(-238.842 0 0)
(-224.969 0 0)
(-222.121 0 0)
(-220.303 0 0)
(-220.136 0 0)
(-228.879 0 0)
(-239.822 0 0)
(-240.365 0 0)
(-238.68 0 0)
(-235.502 0 0)
(-226.948 0 0)
(-220.185 0 0)
(-217.782 0 0)
(-217.21 0 0)
(-219.782 0 0)
(-221.948 0 0)
(-220.786 0 0)
(-218.269 0 0)
(-209.79 0 0)
(-202.642 0 0)
(-199.933 0 0)
(-199.792 0 0)
(-204.141 0 0)
(-206.516 0 0)
(-205.115 0 0)
(-201.371 0 0)
(-191.691 0 0)
(-184.392 0 0)
(-181.817 0 0)
(-182.534 0 0)
(-192.062 0 0)
(-198.699 0 0)
(-198.234 0 0)
(-195.439 0 0)
(-185.491 0 0)
(-169.754 0 0)
(-162.23 0 0)
(-159.63 0 0)
(-158.935 0 0)
(-162.429 0 0)
(-169.719 0 0)
(-171.863 0 0)
(-170.859 0 0)
(-168.605 0 0)
(-164.608 0 0)
(-160.927 0 0)
(-158.809 0 0)
(-156.502 0 0)
(-152.445 0 0)
(-148.181 0 0)
(-146.036 0 0)
(-145.324 0 0)
(-146.14 0 0)
(-146.646 0 0)
(-145.516 0 0)
(-141.867 0 0)
(-135.643 0 0)
(-131.406 0 0)
(-130.15 0 0)
(-135.817 0 0)
(-149.189 0 0)
(-153.976 0 0)
(-153.202 0 0)
(-149.777 0 0)
(-139.939 0 0)
(-119.79 0 0)
(-103.843 0 0)
(-94.9674 0 0)
(-91.2464 0 0)
(-86.9312 0 0)
(-83.5319 0 0)
(-80.7785 0 0)
(-78.4431 0 0)
(-77.7692 0 0)
(-75.7376 0 0)
(-76.0235 0 0)
(-74.269 0 0)
(-71.5111 0 0)
(-66.0213 0 0)
(-59.0856 0 0)
(-54.4756 0 0)
(-49.3562 0 0)
(-46.2615 0 0)
(-43.5226 0 0)
(-42.1812 0 0)
(-39.9033 0 0)
(-37.1837 0 0)
(-33.3526 0 0)
(-29.2465 0 0)
(-24.8861 0 0)
(-20.6788 0 0)
(-16.8569 0 0)
(-13.013 0 0)
(-9.6596 0 0)
(-5.5824 0 0)
(-2.05241 0 0)
)
;

boundaryField
{
    sides
    {
        type            fixedValue;
        value           uniform (0 0 0);
    }
    empty
    {
        type            empty;
    }
}


// ************************************************************************* //
