/*--------------------------------*- C++ -*----------------------------------*\
| =========                 |                                                 |
| \\      /  F ield         | OpenFOAM: The Open Source CFD Toolbox           |
|  \\    /   O peration     | Version:  2412                                  |
|   \\  /    A nd           | Website:  www.openfoam.com                      |
|    \\/     M anipulation  |                                                 |
\*---------------------------------------------------------------------------*/
FoamFile
{
    version     2.0;
    format      ascii;
    arch        "LSB;label=32;scalar=64";
    class       volVectorField;
    location    "0.0239449";
    object      U;
}
// * * * * * * * * * * * * * * * * * * * * * * * * * * * * * * * * * * * * * //

dimensions      [0 1 -1 0 0 0 0];

internalField   nonuniform List<vector> 
100
(
(3.04758 0 0)
(9.19442 0 0)
(15.2916 0 0)
(21.4065 0 0)
(27.5057 0 0)
(33.5985 0 0)
(39.6731 0 0)
(45.7473 0 0)
(51.7628 0 0)
(57.8941 0 0)
(63.8579 0 0)
(70.127 0 0)
(75.9543 0 0)
(82.3394 0 0)
(88.0629 0 0)
(94.4468 0 0)
(100.222 0 0)
(106.421 0 0)
(112.498 0 0)
(118.459 0 0)
(124.732 0 0)
(130.618 0 0)
(137.069 0 0)
(142.862 0 0)
(149.125 0 0)
(154.734 0 0)
(160.634 0 0)
(166.179 0 0)
(172.013 0 0)
(177.851 0 0)
(184.193 0 0)
(190.893 0 0)
(197.914 0 0)
(204.555 0 0)
(210.711 0 0)
(217.752 0 0)
(229.632 0 0)
(247.433 0 0)
(257.093 0 0)
(260.845 0 0)
(264.153 0 0)
(267.337 0 0)
(269.67 0 0)
(270.09 0 0)
(270.655 0 0)
(273.93 0 0)
(276.886 0 0)
(279.193 0 0)
(282.008 0 0)
(284.236 0 0)
(284.508 0 0)
(283.769 0 0)
(283.335 0 0)
(283.112 0 0)
(282.632 0 0)
(282.826 0 0)
(283.996 0 0)
(284.028 0 0)
(281.841 0 0)
(281.321 0 0)
(285.608 0 0)
(287.282 0 0)
(281.328 0 0)
(277.782 0 0)
(282.451 0 0)
(289.698 0 0)
(289.088 0 0)
(273.992 0 0)
(269.907 0 0)
(272.742 0 0)
(100.84 0 0)
(17.1378 0 0)
(13.7738 0 0)
(21.8728 0 0)
(10.0677 0 0)
(19.1231 0 0)
(6.7462 0 0)
(5.8778 0 0)
(1.83568 0 0)
(-6.88003 0 0)
(-4.6041 0 0)
(-9.99282 0 0)
(-12.5843 0 0)
(-5.24861 0 0)
(-2.41583 0 0)
(6.07013 0 0)
(12.0404 0 0)
(11.6953 0 0)
(6.45463 0 0)
(-3.71741 0 0)
(-9.36068 0 0)
(-6.20413 0 0)
(-0.865183 0 0)
(4.85329 0 0)
(6.71937 0 0)
(3.28512 0 0)
(-2.39421 0 0)
(-7.72065 0 0)
(-8.17642 0 0)
(-3.25892 0 0)
)
;

boundaryField
{
    sides
    {
        type            fixedValue;
        value           uniform (0 0 0);
    }
    empty
    {
        type            empty;
    }
}


// ************************************************************************* //
