/*--------------------------------*- C++ -*----------------------------------*\
| =========                 |                                                 |
| \\      /  F ield         | OpenFOAM: The Open Source CFD Toolbox           |
|  \\    /   O peration     | Version:  2412                                  |
|   \\  /    A nd           | Website:  www.openfoam.com                      |
|    \\/     M anipulation  |                                                 |
\*---------------------------------------------------------------------------*/
FoamFile
{
    version     2.0;
    format      ascii;
    arch        "LSB;label=32;scalar=64";
    class       volVectorField;
    location    "0.0155404";
    object      U;
}
// * * * * * * * * * * * * * * * * * * * * * * * * * * * * * * * * * * * * * //

dimensions      [0 1 -1 0 0 0 0];

internalField   nonuniform List<vector> 
100
(
(5.62267 0 0)
(21.5041 0 0)
(31.8648 0 0)
(39.0941 0 0)
(44.9582 0 0)
(50.4001 0 0)
(55.7332 0 0)
(61.0576 0 0)
(66.4018 0 0)
(71.7678 0 0)
(77.1491 0 0)
(82.5399 0 0)
(87.9373 0 0)
(93.3409 0 0)
(98.7505 0 0)
(104.169 0 0)
(109.593 0 0)
(115.034 0 0)
(120.46 0 0)
(125.937 0 0)
(131.318 0 0)
(136.868 0 0)
(142.089 0 0)
(147.784 0 0)
(152.746 0 0)
(158.605 0 0)
(163.5 0 0)
(169.224 0 0)
(174.494 0 0)
(179.71 0 0)
(185.334 0 0)
(190.314 0 0)
(196.007 0 0)
(200.942 0 0)
(206.697 0 0)
(211.764 0 0)
(217.385 0 0)
(222.575 0 0)
(228.203 0 0)
(233.563 0 0)
(239.015 0 0)
(244.299 0 0)
(249.748 0 0)
(255.177 0 0)
(260.277 0 0)
(265.318 0 0)
(270.594 0 0)
(275.362 0 0)
(278.827 0 0)
(282.064 0 0)
(284.593 0 0)
(285.342 0 0)
(285.096 0 0)
(281.738 0 0)
(280.236 0 0)
(282.692 0 0)
(287.381 0 0)
(287.27 0 0)
(278.006 0 0)
(276.081 0 0)
(284.173 0 0)
(290.683 0 0)
(288.253 0 0)
(275.745 0 0)
(274.466 0 0)
(284.443 0 0)
(291.63 0 0)
(289.204 0 0)
(275.745 0 0)
(275.484 0 0)
(280.414 0 0)
(289.64 0 0)
(289.368 0 0)
(280.103 0 0)
(275.077 0 0)
(276.471 0 0)
(286.291 0 0)
(288.486 0 0)
(287.479 0 0)
(277.95 0 0)
(275.285 0 0)
(277.892 0 0)
(280.286 0 0)
(288.066 0 0)
(286.247 0 0)
(281.927 0 0)
(277.528 0 0)
(134.971 0 0)
(24.1208 0 0)
(13.5632 0 0)
(18.9045 0 0)
(16.1622 0 0)
(7.73642 0 0)
(5.02363 0 0)
(3.7165 0 0)
(3.83326 0 0)
(1.2959 0 0)
(0.130102 0 0)
(1.00467 0 0)
(-2.86886 0 0)
)
;

boundaryField
{
    sides
    {
        type            fixedValue;
        value           uniform (0 0 0);
    }
    empty
    {
        type            empty;
    }
}


// ************************************************************************* //
