/*--------------------------------*- C++ -*----------------------------------*\
| =========                 |                                                 |
| \\      /  F ield         | OpenFOAM: The Open Source CFD Toolbox           |
|  \\    /   O peration     | Version:  2412                                  |
|   \\  /    A nd           | Website:  www.openfoam.com                      |
|    \\/     M anipulation  |                                                 |
\*---------------------------------------------------------------------------*/
FoamFile
{
    version     2.0;
    format      ascii;
    arch        "LSB;label=32;scalar=64";
    class       volVectorField;
    location    "0.0061758";
    object      U;
}
// * * * * * * * * * * * * * * * * * * * * * * * * * * * * * * * * * * * * * //

dimensions      [0 1 -1 0 0 0 0];

internalField   nonuniform List<vector> 
100
(
(-4.71878e-14 0 0)
(-1.23948e-13 0 0)
(-7.60307e-14 0 0)
(-1.23938e-13 0 0)
(-1.86618e-13 0 0)
(-1.52872e-13 0 0)
(-1.71423e-13 0 0)
(-1.4027e-13 0 0)
(-1.79979e-13 0 0)
(-1.76099e-13 0 0)
(-5.4575e-14 0 0)
(-1.30603e-13 0 0)
(-1.21975e-13 0 0)
(-6.51947e-14 0 0)
(-4.81685e-14 0 0)
(-2.91153e-14 0 0)
(9.62234e-14 0 0)
(1.14028e-13 0 0)
(1.69863e-13 0 0)
(1.39174e-13 0 0)
(1.12457e-13 0 0)
(9.42185e-14 0 0)
(1.91576e-13 0 0)
(5.56142e-12 0 0)
(2.66208e-09 0 0)
(1.00789e-06 0 0)
(0.00023261 0 0)
(0.0238822 0 0)
(0.758978 0 0)
(6.46412 0 0)
(20.5719 0 0)
(37.8989 0 0)
(53.9154 0 0)
(68.2657 0 0)
(81.6865 0 0)
(94.9139 0 0)
(107.773 0 0)
(121.368 0 0)
(133.641 0 0)
(148.169 0 0)
(159.759 0 0)
(173.137 0 0)
(186.89 0 0)
(197.355 0 0)
(210.793 0 0)
(223.75 0 0)
(239.345 0 0)
(248.179 0 0)
(258.58 0 0)
(273.667 0 0)
(286.772 0 0)
(290.196 0 0)
(279.798 0 0)
(277.089 0 0)
(284.377 0 0)
(288.079 0 0)
(284.965 0 0)
(277.701 0 0)
(277.293 0 0)
(285.053 0 0)
(288.357 0 0)
(287.022 0 0)
(281.377 0 0)
(278.436 0 0)
(279.412 0 0)
(280.688 0 0)
(283.384 0 0)
(284.118 0 0)
(279.375 0 0)
(276.955 0 0)
(277.443 0 0)
(278.596 0 0)
(282.603 0 0)
(285.559 0 0)
(285.156 0 0)
(280.762 0 0)
(279.294 0 0)
(285.138 0 0)
(286.811 0 0)
(238.359 0 0)
(50.6298 0 0)
(0.379394 0 0)
(0.000188156 0 0)
(2.01584e-08 0 0)
(2.21514e-12 0 0)
(-6.77173e-14 0 0)
(-7.78264e-14 0 0)
(-1.84806e-13 0 0)
(-2.31271e-13 0 0)
(-2.41816e-13 0 0)
(-2.63178e-13 0 0)
(-2.81765e-13 0 0)
(-2.37778e-13 0 0)
(-3.51963e-13 0 0)
(-2.96707e-13 0 0)
(-3.37689e-13 0 0)
(-3.45154e-13 0 0)
(-2.68016e-13 0 0)
(-1.91886e-13 0 0)
(-7.08171e-14 0 0)
)
;

boundaryField
{
    sides
    {
        type            fixedValue;
        value           uniform (0 0 0);
    }
    empty
    {
        type            empty;
    }
}


// ************************************************************************* //
