/*--------------------------------*- C++ -*----------------------------------*\
| =========                 |                                                 |
| \\      /  F ield         | OpenFOAM: The Open Source CFD Toolbox           |
|  \\    /   O peration     | Version:  2412                                  |
|   \\  /    A nd           | Website:  www.openfoam.com                      |
|    \\/     M anipulation  |                                                 |
\*---------------------------------------------------------------------------*/
FoamFile
{
    version     2.0;
    format      ascii;
    arch        "LSB;label=32;scalar=64";
    class       volVectorField;
    location    "0.054477";
    object      U;
}
// * * * * * * * * * * * * * * * * * * * * * * * * * * * * * * * * * * * * * //

dimensions      [0 1 -1 0 0 0 0];

internalField   nonuniform List<vector> 
100
(
(-7.77181 0 0)
(-25.4105 0 0)
(-18.7499 0 0)
(-7.78109 0 0)
(10.9671 0 0)
(19.1685 0 0)
(14.9811 0 0)
(11.265 0 0)
(0.889841 0 0)
(-8.0104 0 0)
(-10.0369 0 0)
(-8.17573 0 0)
(-8.14974 0 0)
(-2.39375 0 0)
(2.11887 0 0)
(8.92643 0 0)
(7.96197 0 0)
(5.20907 0 0)
(-2.24743 0 0)
(-34.5868 0 0)
(-133.708 0 0)
(-223.788 0 0)
(-221.277 0 0)
(-215.818 0 0)
(-214.685 0 0)
(-225.033 0 0)
(-248.083 0 0)
(-252.18 0 0)
(-250.587 0 0)
(-248.587 0 0)
(-243.859 0 0)
(-221.501 0 0)
(-191.055 0 0)
(-180.085 0 0)
(-177.317 0 0)
(-176.769 0 0)
(-176.151 0 0)
(-175.285 0 0)
(-173.061 0 0)
(-168.426 0 0)
(-163.674 0 0)
(-161.681 0 0)
(-160.717 0 0)
(-160.031 0 0)
(-159.981 0 0)
(-161.176 0 0)
(-161.9 0 0)
(-161.429 0 0)
(-160.405 0 0)
(-158.453 0 0)
(-152.308 0 0)
(-140.295 0 0)
(-131.863 0 0)
(-128.07 0 0)
(-126.561 0 0)
(-125.824 0 0)
(-125.16 0 0)
(-124.989 0 0)
(-125.046 0 0)
(-124.517 0 0)
(-122.927 0 0)
(-119.083 0 0)
(-112.428 0 0)
(-107.252 0 0)
(-103.862 0 0)
(-101.255 0 0)
(-99.019 0 0)
(-96.5367 0 0)
(-93.5986 0 0)
(-90.4056 0 0)
(-87.2409 0 0)
(-84.1209 0 0)
(-81.1708 0 0)
(-77.9216 0 0)
(-75.1753 0 0)
(-72.2182 0 0)
(-69.7647 0 0)
(-66.9719 0 0)
(-64.091 0 0)
(-60.9533 0 0)
(-57.6288 0 0)
(-55.0128 0 0)
(-51.2619 0 0)
(-48.8084 0 0)
(-45.7643 0 0)
(-42.8625 0 0)
(-40.0188 0 0)
(-36.9018 0 0)
(-34.5879 0 0)
(-31.2833 0 0)
(-28.622 0 0)
(-25.2391 0 0)
(-22.3062 0 0)
(-19.0212 0 0)
(-16.0154 0 0)
(-13.0447 0 0)
(-10.1031 0 0)
(-7.47564 0 0)
(-4.21285 0 0)
(-1.43439 0 0)
)
;

boundaryField
{
    sides
    {
        type            fixedValue;
        value           uniform (0 0 0);
    }
    empty
    {
        type            empty;
    }
}


// ************************************************************************* //
