/*--------------------------------*- C++ -*----------------------------------*\
| =========                 |                                                 |
| \\      /  F ield         | OpenFOAM: The Open Source CFD Toolbox           |
|  \\    /   O peration     | Version:  2412                                  |
|   \\  /    A nd           | Website:  www.openfoam.com                      |
|    \\/     M anipulation  |                                                 |
\*---------------------------------------------------------------------------*/
FoamFile
{
    version     2.0;
    format      ascii;
    arch        "LSB;label=32;scalar=64";
    class       volVectorField;
    location    "0.0184333";
    object      U;
}
// * * * * * * * * * * * * * * * * * * * * * * * * * * * * * * * * * * * * * //

dimensions      [0 1 -1 0 0 0 0];

internalField   nonuniform List<vector> 
100
(
(4.2103 0 0)
(12.7015 0 0)
(20.7826 0 0)
(28.8957 0 0)
(37.0503 0 0)
(45.5568 0 0)
(54.5712 0 0)
(64.5169 0 0)
(75.7899 0 0)
(88.1288 0 0)
(100.326 0 0)
(111.137 0 0)
(120.182 0 0)
(127.102 0 0)
(131.252 0 0)
(134.59 0 0)
(138.04 0 0)
(142.336 0 0)
(146.848 0 0)
(151.945 0 0)
(156.249 0 0)
(161.202 0 0)
(165.355 0 0)
(170.164 0 0)
(174.638 0 0)
(179.123 0 0)
(183.849 0 0)
(188.115 0 0)
(192.931 0 0)
(197.119 0 0)
(201.978 0 0)
(206.249 0 0)
(211.038 0 0)
(215.406 0 0)
(220.167 0 0)
(224.661 0 0)
(229.328 0 0)
(233.851 0 0)
(238.489 0 0)
(243.094 0 0)
(247.692 0 0)
(252.209 0 0)
(256.602 0 0)
(261.155 0 0)
(265.688 0 0)
(269.832 0 0)
(273.717 0 0)
(278.027 0 0)
(281.26 0 0)
(283.073 0 0)
(284.35 0 0)
(283.879 0 0)
(283.488 0 0)
(283.895 0 0)
(283.936 0 0)
(281.443 0 0)
(280.203 0 0)
(285.406 0 0)
(287.587 0 0)
(283.664 0 0)
(277.315 0 0)
(277.468 0 0)
(289.65 0 0)
(291.338 0 0)
(281.558 0 0)
(273.458 0 0)
(275.903 0 0)
(291.431 0 0)
(291.601 0 0)
(281.725 0 0)
(272.937 0 0)
(274.55 0 0)
(290.697 0 0)
(290.772 0 0)
(285.018 0 0)
(273.932 0 0)
(273.575 0 0)
(283.06 0 0)
(290.7 0 0)
(288.414 0 0)
(276.689 0 0)
(157.246 0 0)
(18.5307 0 0)
(18.7556 0 0)
(0.461801 0 0)
(4.25596 0 0)
(19.9762 0 0)
(26.8811 0 0)
(17.5182 0 0)
(17.0067 0 0)
(9.42758 0 0)
(5.27559 0 0)
(4.39978 0 0)
(7.93962 0 0)
(12.9732 0 0)
(15.1584 0 0)
(13.6531 0 0)
(8.2561 0 0)
(3.25031 0 0)
(1.46807 0 0)
)
;

boundaryField
{
    sides
    {
        type            fixedValue;
        value           uniform (0 0 0);
    }
    empty
    {
        type            empty;
    }
}


// ************************************************************************* //
