/*--------------------------------*- C++ -*----------------------------------*\
| =========                 |                                                 |
| \\      /  F ield         | OpenFOAM: The Open Source CFD Toolbox           |
|  \\    /   O peration     | Version:  2412                                  |
|   \\  /    A nd           | Website:  www.openfoam.com                      |
|    \\/     M anipulation  |                                                 |
\*---------------------------------------------------------------------------*/
FoamFile
{
    version     2.0;
    format      ascii;
    arch        "LSB;label=32;scalar=64";
    class       volVectorField;
    location    "0.0435175";
    object      U;
}
// * * * * * * * * * * * * * * * * * * * * * * * * * * * * * * * * * * * * * //

dimensions      [0 1 -1 0 0 0 0];

internalField   nonuniform List<vector> 
100
(
(1.58261 0 0)
(4.6413 0 0)
(7.73222 0 0)
(10.8207 0 0)
(13.8902 0 0)
(16.9021 0 0)
(19.8599 0 0)
(23.0327 0 0)
(26.2757 0 0)
(20.9772 0 0)
(-128.87 0 0)
(-227.932 0 0)
(-231.324 0 0)
(-214.587 0 0)
(-209.08 0 0)
(-209.254 0 0)
(-219.976 0 0)
(-226.72 0 0)
(-225.788 0 0)
(-223.935 0 0)
(-221.326 0 0)
(-212.163 0 0)
(-194.075 0 0)
(-186.05 0 0)
(-183.635 0 0)
(-182.816 0 0)
(-186.196 0 0)
(-194.991 0 0)
(-197.151 0 0)
(-195.834 0 0)
(-193.648 0 0)
(-188.318 0 0)
(-181.033 0 0)
(-177.538 0 0)
(-176.407 0 0)
(-177.744 0 0)
(-178.784 0 0)
(-177.485 0 0)
(-173.422 0 0)
(-165.406 0 0)
(-160.275 0 0)
(-158.586 0 0)
(-160.248 0 0)
(-163.284 0 0)
(-162.908 0 0)
(-159.91 0 0)
(-152.504 0 0)
(-145.055 0 0)
(-142.029 0 0)
(-142.379 0 0)
(-148.978 0 0)
(-153.922 0 0)
(-153.462 0 0)
(-150.139 0 0)
(-140.13 0 0)
(-127.597 0 0)
(-121.849 0 0)
(-120.004 0 0)
(-120.515 0 0)
(-124.363 0 0)
(-126.955 0 0)
(-126.648 0 0)
(-125.182 0 0)
(-122.179 0 0)
(-118.478 0 0)
(-115.736 0 0)
(-114 0 0)
(-110.295 0 0)
(-106.688 0 0)
(-102.855 0 0)
(-102.464 0 0)
(-101.935 0 0)
(-101.746 0 0)
(-100.933 0 0)
(-95.2556 0 0)
(-91.1829 0 0)
(-86.8559 0 0)
(-88.7732 0 0)
(-95.4698 0 0)
(-103.456 0 0)
(-105.529 0 0)
(-101.961 0 0)
(-97.14 0 0)
(-80.7612 0 0)
(-62.7928 0 0)
(-51.8283 0 0)
(-47.0972 0 0)
(-42.7326 0 0)
(-39.1549 0 0)
(-36.3494 0 0)
(-34.1624 0 0)
(-32.2759 0 0)
(-29.6383 0 0)
(-26.9362 0 0)
(-22.9012 0 0)
(-17.6276 0 0)
(-12.0374 0 0)
(-7.03341 0 0)
(-3.06809 0 0)
(-1.94963 0 0)
)
;

boundaryField
{
    sides
    {
        type            fixedValue;
        value           uniform (0 0 0);
    }
    empty
    {
        type            empty;
    }
}


// ************************************************************************* //
