/*--------------------------------*- C++ -*----------------------------------*\
| =========                 |                                                 |
| \\      /  F ield         | OpenFOAM: The Open Source CFD Toolbox           |
|  \\    /   O peration     | Version:  2412                                  |
|   \\  /    A nd           | Website:  www.openfoam.com                      |
|    \\/     M anipulation  |                                                 |
\*---------------------------------------------------------------------------*/
FoamFile
{
    version     2.0;
    format      ascii;
    arch        "LSB;label=32;scalar=64";
    class       volVectorField;
    location    "0.0108736";
    object      U;
}
// * * * * * * * * * * * * * * * * * * * * * * * * * * * * * * * * * * * * * //

dimensions      [0 1 -1 0 0 0 0];

internalField   nonuniform List<vector> 
100
(
(-1.1239e-14 0 0)
(8.01427e-15 0 0)
(-1.94884e-15 0 0)
(-1.86273e-14 0 0)
(6.47681e-14 0 0)
(1.39704e-13 0 0)
(9.74121e-14 0 0)
(7.12095e-14 0 0)
(2.22842e-12 0 0)
(1.00633e-09 0 0)
(3.92685e-07 0 0)
(9.7065e-05 0 0)
(0.0112161 0 0)
(0.421413 0 0)
(4.18153 0 0)
(14.4912 0 0)
(27.3644 0 0)
(38.6123 0 0)
(47.8811 0 0)
(56.0574 0 0)
(63.7984 0 0)
(71.4115 0 0)
(79.0048 0 0)
(86.6091 0 0)
(94.2233 0 0)
(101.868 0 0)
(109.499 0 0)
(117.227 0 0)
(124.793 0 0)
(132.698 0 0)
(139.961 0 0)
(148.186 0 0)
(155.041 0 0)
(163.358 0 0)
(170.477 0 0)
(177.896 0 0)
(185.944 0 0)
(192.704 0 0)
(200.737 0 0)
(207.802 0 0)
(215.953 0 0)
(223.053 0 0)
(231.002 0 0)
(238.352 0 0)
(245.989 0 0)
(253.734 0 0)
(261.653 0 0)
(267.633 0 0)
(272.827 0 0)
(278.77 0 0)
(285.74 0 0)
(288.461 0 0)
(283.97 0 0)
(278.636 0 0)
(278.917 0 0)
(288.203 0 0)
(289.266 0 0)
(281.25 0 0)
(275.604 0 0)
(278.033 0 0)
(288.96 0 0)
(289.03 0 0)
(282.367 0 0)
(276.886 0 0)
(278.365 0 0)
(288.178 0 0)
(288.405 0 0)
(285.359 0 0)
(277.971 0 0)
(277.698 0 0)
(279.702 0 0)
(287.225 0 0)
(286.544 0 0)
(284.743 0 0)
(281.261 0 0)
(278.045 0 0)
(279.325 0 0)
(281.379 0 0)
(281.534 0 0)
(282.879 0 0)
(284.401 0 0)
(281.931 0 0)
(277.747 0 0)
(277.772 0 0)
(278.346 0 0)
(280.184 0 0)
(283.004 0 0)
(283.373 0 0)
(282.863 0 0)
(280.683 0 0)
(279.738 0 0)
(279.861 0 0)
(281.521 0 0)
(283.615 0 0)
(283.864 0 0)
(283.533 0 0)
(279.024 0 0)
(275.891 0 0)
(169.17 0 0)
(127.568 0 0)
)
;

boundaryField
{
    sides
    {
        type            fixedValue;
        value           uniform (0 0 0);
    }
    empty
    {
        type            empty;
    }
}


// ************************************************************************* //
