/*--------------------------------*- C++ -*----------------------------------*\
| =========                 |                                                 |
| \\      /  F ield         | OpenFOAM: The Open Source CFD Toolbox           |
|  \\    /   O peration     | Version:  2412                                  |
|   \\  /    A nd           | Website:  www.openfoam.com                      |
|    \\/     M anipulation  |                                                 |
\*---------------------------------------------------------------------------*/
FoamFile
{
    version     2.0;
    format      ascii;
    arch        "LSB;label=32;scalar=64";
    class       volVectorField;
    location    "0.0416546";
    object      U;
}
// * * * * * * * * * * * * * * * * * * * * * * * * * * * * * * * * * * * * * //

dimensions      [0 1 -1 0 0 0 0];

internalField   nonuniform List<vector> 
100
(
(1.64723 0 0)
(5.05864 0 0)
(8.33985 0 0)
(11.5387 0 0)
(14.6561 0 0)
(17.7119 0 0)
(20.7382 0 0)
(23.7668 0 0)
(26.8285 0 0)
(29.8889 0 0)
(32.9665 0 0)
(36.057 0 0)
(39.1496 0 0)
(42.2206 0 0)
(45.2865 0 0)
(48.7665 0 0)
(51.9295 0 0)
(28.4825 0 0)
(-153.714 0 0)
(-221.277 0 0)
(-217.64 0 0)
(-196.49 0 0)
(-189.541 0 0)
(-187.603 0 0)
(-186.379 0 0)
(-188.181 0 0)
(-196.608 0 0)
(-199.429 0 0)
(-198.259 0 0)
(-196.48 0 0)
(-191.178 0 0)
(-176.256 0 0)
(-164.873 0 0)
(-161.024 0 0)
(-159.842 0 0)
(-161.492 0 0)
(-168.107 0 0)
(-170.9 0 0)
(-169.965 0 0)
(-168.237 0 0)
(-164.301 0 0)
(-157.692 0 0)
(-153.335 0 0)
(-151.89 0 0)
(-152.716 0 0)
(-153.32 0 0)
(-151.868 0 0)
(-147.003 0 0)
(-139.584 0 0)
(-135.196 0 0)
(-134.181 0 0)
(-135.948 0 0)
(-137.217 0 0)
(-136.023 0 0)
(-131.462 0 0)
(-123.715 0 0)
(-118.564 0 0)
(-117.004 0 0)
(-119.799 0 0)
(-125.453 0 0)
(-126.393 0 0)
(-124.238 0 0)
(-117.619 0 0)
(-105.736 0 0)
(-98.5943 0 0)
(-95.2505 0 0)
(-95.9273 0 0)
(-97.5686 0 0)
(-100.03 0 0)
(-99.3074 0 0)
(-98.2437 0 0)
(-95.9149 0 0)
(-91.3109 0 0)
(-89.9279 0 0)
(-86.274 0 0)
(-84.9731 0 0)
(-79.8474 0 0)
(-76.7266 0 0)
(-75.7658 0 0)
(-74.9877 0 0)
(-75.5991 0 0)
(-72.427 0 0)
(-67.6278 0 0)
(-62.83 0 0)
(-61.9226 0 0)
(-63.9287 0 0)
(-70.0689 0 0)
(-75.0228 0 0)
(-77.9275 0 0)
(-72.6068 0 0)
(-57.9325 0 0)
(-42.5973 0 0)
(-31.7729 0 0)
(-24.5179 0 0)
(-18.6936 0 0)
(-13.2439 0 0)
(-8.72754 0 0)
(-5.44592 0 0)
(-2.40941 0 0)
(-0.0349854 0 0)
)
;

boundaryField
{
    sides
    {
        type            fixedValue;
        value           uniform (0 0 0);
    }
    empty
    {
        type            empty;
    }
}


// ************************************************************************* //
