/*--------------------------------*- C++ -*----------------------------------*\
| =========                 |                                                 |
| \\      /  F ield         | OpenFOAM: The Open Source CFD Toolbox           |
|  \\    /   O peration     | Version:  2412                                  |
|   \\  /    A nd           | Website:  www.openfoam.com                      |
|    \\/     M anipulation  |                                                 |
\*---------------------------------------------------------------------------*/
FoamFile
{
    version     2.0;
    format      ascii;
    arch        "LSB;label=32;scalar=64";
    class       volVectorField;
    location    "0.024402";
    object      U;
}
// * * * * * * * * * * * * * * * * * * * * * * * * * * * * * * * * * * * * * //

dimensions      [0 1 -1 0 0 0 0];

internalField   nonuniform List<vector> 
100
(
(2.97562 0 0)
(8.97686 0 0)
(14.9339 0 0)
(20.9053 0 0)
(26.8675 0 0)
(32.7888 0 0)
(38.7028 0 0)
(44.6441 0 0)
(50.5331 0 0)
(56.5688 0 0)
(62.3747 0 0)
(68.5223 0 0)
(74.1758 0 0)
(80.435 0 0)
(86.01 0 0)
(92.2245 0 0)
(97.9271 0 0)
(103.994 0 0)
(109.975 0 0)
(115.72 0 0)
(121.82 0 0)
(127.481 0 0)
(133.701 0 0)
(139.431 0 0)
(145.757 0 0)
(151.539 0 0)
(157.634 0 0)
(163.229 0 0)
(168.934 0 0)
(174.405 0 0)
(180.015 0 0)
(185.665 0 0)
(191.715 0 0)
(198.255 0 0)
(205.18 0 0)
(211.757 0 0)
(217.464 0 0)
(223.298 0 0)
(232.425 0 0)
(250.076 0 0)
(264.04 0 0)
(268.199 0 0)
(271.755 0 0)
(275.049 0 0)
(277.503 0 0)
(278.744 0 0)
(278.544 0 0)
(280.27 0 0)
(281.175 0 0)
(282.074 0 0)
(282.806 0 0)
(283.431 0 0)
(283.366 0 0)
(283.607 0 0)
(283.377 0 0)
(282.63 0 0)
(282.768 0 0)
(284.138 0 0)
(284.084 0 0)
(281.531 0 0)
(281.101 0 0)
(286.177 0 0)
(288.025 0 0)
(280.728 0 0)
(277.257 0 0)
(281.727 0 0)
(290.13 0 0)
(290.025 0 0)
(257.673 0 0)
(112.861 0 0)
(13.6944 0 0)
(-3.10378 0 0)
(11.7019 0 0)
(24.0508 0 0)
(10.7874 0 0)
(18.6263 0 0)
(2.88098 0 0)
(-4.89178 0 0)
(-7.68594 0 0)
(-13.8148 0 0)
(-5.11112 0 0)
(-5.09269 0 0)
(-2.34693 0 0)
(1.08701 0 0)
(1.43323 0 0)
(7.85297 0 0)
(10.7505 0 0)
(6.46602 0 0)
(-2.86195 0 0)
(-8.95 0 0)
(-6.85938 0 0)
(0.88012 0 0)
(6.18554 0 0)
(9.30811 0 0)
(7.21293 0 0)
(-1.41293 0 0)
(-7.57486 0 0)
(-11.5918 0 0)
(-9.05908 0 0)
(-5.21996 0 0)
)
;

boundaryField
{
    sides
    {
        type            fixedValue;
        value           uniform (0 0 0);
    }
    empty
    {
        type            empty;
    }
}


// ************************************************************************* //
