/*--------------------------------*- C++ -*----------------------------------*\
| =========                 |                                                 |
| \\      /  F ield         | OpenFOAM: The Open Source CFD Toolbox           |
|  \\    /   O peration     | Version:  2412                                  |
|   \\  /    A nd           | Website:  www.openfoam.com                      |
|    \\/     M anipulation  |                                                 |
\*---------------------------------------------------------------------------*/
FoamFile
{
    version     2.0;
    format      ascii;
    arch        "LSB;label=32;scalar=64";
    class       volVectorField;
    location    "0.0145754";
    object      U;
}
// * * * * * * * * * * * * * * * * * * * * * * * * * * * * * * * * * * * * * //

dimensions      [0 1 -1 0 0 0 0];

internalField   nonuniform List<vector> 
100
(
(0.00253289 0 0)
(0.159873 0 0)
(2.30787 0 0)
(10.2002 0 0)
(21.59 0 0)
(31.6904 0 0)
(39.5367 0 0)
(46.0109 0 0)
(51.8985 0 0)
(57.6024 0 0)
(63.2807 0 0)
(68.9764 0 0)
(74.6923 0 0)
(80.4221 0 0)
(86.1612 0 0)
(91.9082 0 0)
(97.662 0 0)
(103.427 0 0)
(109.196 0 0)
(114.988 0 0)
(120.758 0 0)
(126.597 0 0)
(132.3 0 0)
(138.238 0 0)
(143.73 0 0)
(149.852 0 0)
(155.07 0 0)
(161.325 0 0)
(166.598 0 0)
(172.53 0 0)
(178.311 0 0)
(183.678 0 0)
(189.714 0 0)
(195 0 0)
(201.095 0 0)
(206.336 0 0)
(212.42 0 0)
(217.933 0 0)
(223.911 0 0)
(229.44 0 0)
(235.34 0 0)
(241.121 0 0)
(246.9 0 0)
(252.443 0 0)
(258.106 0 0)
(263.866 0 0)
(268.65 0 0)
(273.701 0 0)
(278.975 0 0)
(282.771 0 0)
(284.737 0 0)
(283.496 0 0)
(281.558 0 0)
(283.511 0 0)
(286.271 0 0)
(285.509 0 0)
(278.856 0 0)
(276.951 0 0)
(286.073 0 0)
(289.848 0 0)
(285.793 0 0)
(276.155 0 0)
(274.99 0 0)
(287.638 0 0)
(290.825 0 0)
(286.09 0 0)
(275.528 0 0)
(274.971 0 0)
(284.3 0 0)
(290.138 0 0)
(288.214 0 0)
(277.448 0 0)
(276.737 0 0)
(279.213 0 0)
(288.334 0 0)
(287.842 0 0)
(284.925 0 0)
(276.21 0 0)
(276.226 0 0)
(276.504 0 0)
(285.66 0 0)
(287.589 0 0)
(283.597 0 0)
(283.349 0 0)
(279.63 0 0)
(279.28 0 0)
(279.718 0 0)
(282.723 0 0)
(275.478 0 0)
(116.638 0 0)
(1.85005 0 0)
(-5.47585 0 0)
(7.11217 0 0)
(3.72598 0 0)
(-1.35924 0 0)
(1.06582 0 0)
(1.51944 0 0)
(2.578 0 0)
(3.20617 0 0)
(-3.78509 0 0)
)
;

boundaryField
{
    sides
    {
        type            fixedValue;
        value           uniform (0 0 0);
    }
    empty
    {
        type            empty;
    }
}


// ************************************************************************* //
