/*--------------------------------*- C++ -*----------------------------------*\
| =========                 |                                                 |
| \\      /  F ield         | OpenFOAM: The Open Source CFD Toolbox           |
|  \\    /   O peration     | Version:  2412                                  |
|   \\  /    A nd           | Website:  www.openfoam.com                      |
|    \\/     M anipulation  |                                                 |
\*---------------------------------------------------------------------------*/
FoamFile
{
    version     2.0;
    format      ascii;
    arch        "LSB;label=32;scalar=64";
    class       volVectorField;
    location    "0.000111331";
    object      U;
}
// * * * * * * * * * * * * * * * * * * * * * * * * * * * * * * * * * * * * * //

dimensions      [0 1 -1 0 0 0 0];

internalField   nonuniform List<vector> 
100
(
(0 0 0)
(0 0 0)
(0 0 0)
(0 0 0)
(0 0 0)
(0 0 0)
(0 0 0)
(0 0 0)
(0 0 0)
(0 0 0)
(0 0 0)
(0 0 0)
(0 0 0)
(0 0 0)
(0 0 0)
(0 0 0)
(0 0 0)
(0 0 0)
(0 0 0)
(0 0 0)
(0 0 0)
(0 0 0)
(0 0 0)
(0 0 0)
(0 0 0)
(0 0 0)
(0 0 0)
(0 0 0)
(0 0 0)
(0 0 0)
(0 0 0)
(0 0 0)
(0 0 0)
(0 0 0)
(0 0 0)
(0 0 0)
(0 0 0)
(0 0 0)
(0 0 0)
(0 0 0)
(0 0 0)
(0 0 0)
(0 0 0)
(0 0 0)
(0 0 0)
(0 0 0)
(0 0 0)
(2.31521e-12 0 0)
(1.18157e-05 0 0)
(60.3013 0 0)
(128.565 0 0)
(0.000178882 0 0)
(2.48892e-10 0 0)
(3.46302e-16 0 0)
(4.81835e-22 0 0)
(6.70413e-28 0 0)
(9.32796e-34 0 0)
(1.29787e-39 0 0)
(1.80582e-45 0 0)
(2.51257e-51 0 0)
(3.49593e-57 0 0)
(4.86415e-63 0 0)
(6.76786e-69 0 0)
(9.41663e-75 0 0)
(1.31021e-80 0 0)
(1.82299e-86 0 0)
(2.53646e-92 0 0)
(3.52916e-98 0 0)
(4.91039e-104 0 0)
(6.83219e-110 0 0)
(9.50613e-116 0 0)
(1.32266e-121 0 0)
(1.84031e-127 0 0)
(2.56057e-133 0 0)
(3.56271e-139 0 0)
(4.95706e-145 0 0)
(6.89713e-151 0 0)
(9.59649e-157 0 0)
(1.33523e-162 0 0)
(1.85781e-168 0 0)
(2.5849e-174 0 0)
(3.59657e-180 0 0)
(5.00418e-186 0 0)
(6.96268e-192 0 0)
(9.6877e-198 0 0)
(1.34792e-203 0 0)
(1.87546e-209 0 0)
(2.60947e-215 0 0)
(3.63076e-221 0 0)
(5.05174e-227 0 0)
(7.02887e-233 0 0)
(9.77979e-239 0 0)
(1.36073e-244 0 0)
(1.89329e-250 0 0)
(2.63428e-256 0 0)
(3.66527e-262 0 0)
(5.09976e-268 0 0)
(7.09568e-274 0 0)
(9.87274e-280 0 0)
(1.37367e-285 0 0)
)
;

boundaryField
{
    sides
    {
        type            fixedValue;
        value           uniform (0 0 0);
    }
    empty
    {
        type            empty;
    }
}


// ************************************************************************* //
