/*--------------------------------*- C++ -*----------------------------------*\
| =========                 |                                                 |
| \\      /  F ield         | OpenFOAM: The Open Source CFD Toolbox           |
|  \\    /   O peration     | Version:  2412                                  |
|   \\  /    A nd           | Website:  www.openfoam.com                      |
|    \\/     M anipulation  |                                                 |
\*---------------------------------------------------------------------------*/
FoamFile
{
    version     2.0;
    format      ascii;
    arch        "LSB;label=32;scalar=64";
    class       volVectorField;
    location    "0.043089";
    object      U;
}
// * * * * * * * * * * * * * * * * * * * * * * * * * * * * * * * * * * * * * //

dimensions      [0 1 -1 0 0 0 0];

internalField   nonuniform List<vector> 
100
(
(1.64331 0 0)
(4.83655 0 0)
(8.01203 0 0)
(11.1434 0 0)
(14.2137 0 0)
(17.213 0 0)
(20.1358 0 0)
(23.0046 0 0)
(25.8626 0 0)
(29.154 0 0)
(32.1377 0 0)
(13.7458 0 0)
(-159.213 0 0)
(-229.137 0 0)
(-226.146 0 0)
(-208.733 0 0)
(-204.184 0 0)
(-203.836 0 0)
(-211.728 0 0)
(-220.211 0 0)
(-220.223 0 0)
(-218.394 0 0)
(-216.052 0 0)
(-208.953 0 0)
(-191.379 0 0)
(-181.502 0 0)
(-178.512 0 0)
(-177.533 0 0)
(-179.7 0 0)
(-188.161 0 0)
(-191.36 0 0)
(-190.306 0 0)
(-188.332 0 0)
(-183.653 0 0)
(-176.36 0 0)
(-172.204 0 0)
(-170.789 0 0)
(-171.84 0 0)
(-173.095 0 0)
(-172.014 0 0)
(-168.253 0 0)
(-160.444 0 0)
(-155.009 0 0)
(-153.158 0 0)
(-154.54 0 0)
(-157.378 0 0)
(-157.049 0 0)
(-154.099 0 0)
(-146.92 0 0)
(-139.589 0 0)
(-136.587 0 0)
(-136.975 0 0)
(-143.209 0 0)
(-147.821 0 0)
(-147.24 0 0)
(-143.639 0 0)
(-133.586 0 0)
(-121.695 0 0)
(-116.186 0 0)
(-114.472 0 0)
(-115.167 0 0)
(-118.786 0 0)
(-120.88 0 0)
(-120.389 0 0)
(-118.954 0 0)
(-115.516 0 0)
(-112.163 0 0)
(-109.263 0 0)
(-107.965 0 0)
(-103.713 0 0)
(-100.285 0 0)
(-97.1625 0 0)
(-96.2852 0 0)
(-96.4625 0 0)
(-94.7717 0 0)
(-94.3018 0 0)
(-88.4172 0 0)
(-84.0614 0 0)
(-81.2747 0 0)
(-83.009 0 0)
(-91.902 0 0)
(-97.4553 0 0)
(-98.3245 0 0)
(-95.2274 0 0)
(-88.5965 0 0)
(-67.9817 0 0)
(-52.7743 0 0)
(-44.49 0 0)
(-39.6997 0 0)
(-35.3943 0 0)
(-31.4702 0 0)
(-28.5559 0 0)
(-25.9539 0 0)
(-23.8929 0 0)
(-21.0648 0 0)
(-18.0158 0 0)
(-15.2016 0 0)
(-11.8194 0 0)
(-7.47756 0 0)
(-3.41998 0 0)
)
;

boundaryField
{
    sides
    {
        type            fixedValue;
        value           uniform (0 0 0);
    }
    empty
    {
        type            empty;
    }
}


// ************************************************************************* //
