/*--------------------------------*- C++ -*----------------------------------*\
| =========                 |                                                 |
| \\      /  F ield         | OpenFOAM: The Open Source CFD Toolbox           |
|  \\    /   O peration     | Version:  2412                                  |
|   \\  /    A nd           | Website:  www.openfoam.com                      |
|    \\/     M anipulation  |                                                 |
\*---------------------------------------------------------------------------*/
FoamFile
{
    version     2.0;
    format      ascii;
    arch        "LSB;label=32;scalar=64";
    class       volVectorField;
    location    "0.0227177";
    object      U;
}
// * * * * * * * * * * * * * * * * * * * * * * * * * * * * * * * * * * * * * //

dimensions      [0 1 -1 0 0 0 0];

internalField   nonuniform List<vector> 
100
(
(3.24473 0 0)
(9.80044 0 0)
(16.3047 0 0)
(22.8178 0 0)
(29.3297 0 0)
(35.828 0 0)
(42.344 0 0)
(48.8587 0 0)
(55.352 0 0)
(61.8752 0 0)
(68.2614 0 0)
(74.7989 0 0)
(81.0757 0 0)
(87.7955 0 0)
(93.9895 0 0)
(100.821 0 0)
(107.006 0 0)
(113.864 0 0)
(120.122 0 0)
(126.45 0 0)
(132.721 0 0)
(138.624 0 0)
(144.932 0 0)
(150.988 0 0)
(157.888 0 0)
(164.544 0 0)
(172.168 0 0)
(179.509 0 0)
(187.416 0 0)
(195.921 0 0)
(208.41 0 0)
(223.644 0 0)
(232.315 0 0)
(236.051 0 0)
(239.343 0 0)
(242.001 0 0)
(243.454 0 0)
(245.076 0 0)
(248.04 0 0)
(251.262 0 0)
(254.791 0 0)
(259.383 0 0)
(263.932 0 0)
(267.817 0 0)
(271.26 0 0)
(273.921 0 0)
(277.039 0 0)
(280.547 0 0)
(282.788 0 0)
(283.778 0 0)
(284.252 0 0)
(283.842 0 0)
(283.053 0 0)
(283.165 0 0)
(283.681 0 0)
(282.862 0 0)
(281.969 0 0)
(283.577 0 0)
(285.365 0 0)
(283.797 0 0)
(280.067 0 0)
(280.275 0 0)
(287.845 0 0)
(289.841 0 0)
(279.588 0 0)
(274.869 0 0)
(280.256 0 0)
(290.792 0 0)
(290.483 0 0)
(272.342 0 0)
(272.225 0 0)
(279.78 0 0)
(208.32 0 0)
(47.8481 0 0)
(-1.15665 0 0)
(26.89 0 0)
(20.2554 0 0)
(12.1121 0 0)
(11.4025 0 0)
(5.31674 0 0)
(17.4077 0 0)
(12.9949 0 0)
(3.6726 0 0)
(-3.55502 0 0)
(-12.8024 0 0)
(-11.3101 0 0)
(-5.73796 0 0)
(-1.44627 0 0)
(-1.32975 0 0)
(2.19895 0 0)
(4.50287 0 0)
(5.6441 0 0)
(2.67671 0 0)
(2.16489 0 0)
(-3.15449 0 0)
(-4.04206 0 0)
(0.518891 0 0)
(5.55246 0 0)
(7.31269 0 0)
(-1.08861 0 0)
)
;

boundaryField
{
    sides
    {
        type            fixedValue;
        value           uniform (0 0 0);
    }
    empty
    {
        type            empty;
    }
}


// ************************************************************************* //
