/*--------------------------------*- C++ -*----------------------------------*\
| =========                 |                                                 |
| \\      /  F ield         | OpenFOAM: The Open Source CFD Toolbox           |
|  \\    /   O peration     | Version:  2412                                  |
|   \\  /    A nd           | Website:  www.openfoam.com                      |
|    \\/     M anipulation  |                                                 |
\*---------------------------------------------------------------------------*/
FoamFile
{
    version     2.0;
    format      ascii;
    arch        "LSB;label=32;scalar=64";
    class       volVectorField;
    location    "0.0168233";
    object      U;
}
// * * * * * * * * * * * * * * * * * * * * * * * * * * * * * * * * * * * * * //

dimensions      [0 1 -1 0 0 0 0];

internalField   nonuniform List<vector> 
100
(
(6.48114 0 0)
(16.4065 0 0)
(29.3714 0 0)
(43.1717 0 0)
(56.041 0 0)
(66.1233 0 0)
(74.231 0 0)
(79.6302 0 0)
(83.9222 0 0)
(88.351 0 0)
(93.1771 0 0)
(98.2183 0 0)
(103.29 0 0)
(108.337 0 0)
(113.363 0 0)
(118.401 0 0)
(123.425 0 0)
(128.497 0 0)
(133.476 0 0)
(138.612 0 0)
(143.443 0 0)
(148.705 0 0)
(153.308 0 0)
(158.716 0 0)
(163.252 0 0)
(168.576 0 0)
(173.416 0 0)
(178.325 0 0)
(183.492 0 0)
(188.137 0 0)
(193.397 0 0)
(197.974 0 0)
(203.298 0 0)
(207.952 0 0)
(213.178 0 0)
(217.968 0 0)
(223.185 0 0)
(228.1 0 0)
(233.179 0 0)
(238.114 0 0)
(243.188 0 0)
(248.24 0 0)
(253.169 0 0)
(257.929 0 0)
(262.816 0 0)
(267.748 0 0)
(272.062 0 0)
(276.19 0 0)
(280.477 0 0)
(283.191 0 0)
(284.525 0 0)
(283.937 0 0)
(282.515 0 0)
(282.742 0 0)
(285.056 0 0)
(285.66 0 0)
(280.251 0 0)
(278.33 0 0)
(284.14 0 0)
(289.093 0 0)
(286.852 0 0)
(276.659 0 0)
(274.729 0 0)
(286.875 0 0)
(291.717 0 0)
(286.925 0 0)
(274.565 0 0)
(273.46 0 0)
(285.492 0 0)
(291.713 0 0)
(288.681 0 0)
(275.193 0 0)
(275.388 0 0)
(280.396 0 0)
(289.995 0 0)
(289.476 0 0)
(280.149 0 0)
(274.167 0 0)
(275.361 0 0)
(284.845 0 0)
(288.765 0 0)
(286.986 0 0)
(279.258 0 0)
(275.783 0 0)
(215.596 0 0)
(35.5745 0 0)
(0.55001 0 0)
(9.80684 0 0)
(11.3164 0 0)
(19.8541 0 0)
(19.2943 0 0)
(20.7555 0 0)
(24.5043 0 0)
(25.4368 0 0)
(22.7755 0 0)
(18.5009 0 0)
(11.7765 0 0)
(5.43169 0 0)
(4.64964 0 0)
(-0.185696 0 0)
)
;

boundaryField
{
    sides
    {
        type            fixedValue;
        value           uniform (0 0 0);
    }
    empty
    {
        type            empty;
    }
}


// ************************************************************************* //
