/*--------------------------------*- C++ -*----------------------------------*\
| =========                 |                                                 |
| \\      /  F ield         | OpenFOAM: The Open Source CFD Toolbox           |
|  \\    /   O peration     | Version:  2412                                  |
|   \\  /    A nd           | Website:  www.openfoam.com                      |
|    \\/     M anipulation  |                                                 |
\*---------------------------------------------------------------------------*/
FoamFile
{
    version     2.0;
    format      ascii;
    arch        "LSB;label=32;scalar=64";
    class       volVectorField;
    location    "0.0429456";
    object      U;
}
// * * * * * * * * * * * * * * * * * * * * * * * * * * * * * * * * * * * * * //

dimensions      [0 1 -1 0 0 0 0];

internalField   nonuniform List<vector> 
100
(
(1.65941 0 0)
(4.89647 0 0)
(8.09676 0 0)
(11.239 0 0)
(14.3067 0 0)
(17.2883 0 0)
(20.2132 0 0)
(23.0892 0 0)
(25.9219 0 0)
(28.8962 0 0)
(32.3044 0 0)
(34.5703 0 0)
(-44.7953 0 0)
(-204.041 0 0)
(-230.266 0 0)
(-217.331 0 0)
(-204.712 0 0)
(-202.18 0 0)
(-203.279 0 0)
(-212.705 0 0)
(-218.549 0 0)
(-217.764 0 0)
(-215.728 0 0)
(-213.02 0 0)
(-202.694 0 0)
(-185.653 0 0)
(-178.553 0 0)
(-176.368 0 0)
(-175.755 0 0)
(-180.103 0 0)
(-187.967 0 0)
(-189.294 0 0)
(-187.829 0 0)
(-185.37 0 0)
(-179.655 0 0)
(-172.83 0 0)
(-169.726 0 0)
(-168.971 0 0)
(-170.57 0 0)
(-171.06 0 0)
(-169.365 0 0)
(-164.193 0 0)
(-156.321 0 0)
(-152.283 0 0)
(-151.336 0 0)
(-153.69 0 0)
(-155.618 0 0)
(-154.469 0 0)
(-150.257 0 0)
(-142.119 0 0)
(-136.373 0 0)
(-134.39 0 0)
(-136.555 0 0)
(-143.494 0 0)
(-145.875 0 0)
(-144.397 0 0)
(-138.934 0 0)
(-126.896 0 0)
(-117.325 0 0)
(-113.359 0 0)
(-112.515 0 0)
(-114.396 0 0)
(-117.905 0 0)
(-118.825 0 0)
(-118.01 0 0)
(-115.521 0 0)
(-112.428 0 0)
(-108.691 0 0)
(-107.117 0 0)
(-103.951 0 0)
(-101.03 0 0)
(-96.8438 0 0)
(-94.4952 0 0)
(-94.4422 0 0)
(-93.0858 0 0)
(-93.9157 0 0)
(-89.3583 0 0)
(-84.8441 0 0)
(-80.4493 0 0)
(-79.3871 0 0)
(-84.3396 0 0)
(-92.4693 0 0)
(-96.1924 0 0)
(-94.9313 0 0)
(-92.7253 0 0)
(-77.487 0 0)
(-58.0546 0 0)
(-46.5323 0 0)
(-40.7067 0 0)
(-35.5425 0 0)
(-31.057 0 0)
(-27.7438 0 0)
(-24.7554 0 0)
(-22.2827 0 0)
(-20.032 0 0)
(-18.1451 0 0)
(-16.0079 0 0)
(-13.2351 0 0)
(-8.73202 0 0)
(-3.64451 0 0)
)
;

boundaryField
{
    sides
    {
        type            fixedValue;
        value           uniform (0 0 0);
    }
    empty
    {
        type            empty;
    }
}


// ************************************************************************* //
