/*--------------------------------*- C++ -*----------------------------------*\
| =========                 |                                                 |
| \\      /  F ield         | OpenFOAM: The Open Source CFD Toolbox           |
|  \\    /   O peration     | Version:  2412                                  |
|   \\  /    A nd           | Website:  www.openfoam.com                      |
|    \\/     M anipulation  |                                                 |
\*---------------------------------------------------------------------------*/
FoamFile
{
    version     2.0;
    format      ascii;
    arch        "LSB;label=32;scalar=64";
    class       volVectorField;
    location    "0.000643707";
    object      U;
}
// * * * * * * * * * * * * * * * * * * * * * * * * * * * * * * * * * * * * * //

dimensions      [0 1 -1 0 0 0 0];

internalField   nonuniform List<vector> 
100
(
(2.47577e-14 0 0)
(8.76939e-14 0 0)
(1.23833e-14 0 0)
(-9.30592e-14 0 0)
(-3.17758e-14 0 0)
(2.4751e-14 0 0)
(7.96661e-14 0 0)
(-2.73017e-14 0 0)
(-3.63855e-14 0 0)
(-6.20589e-15 0 0)
(-1.53455e-20 0 0)
(-3.4524e-14 0 0)
(-2.13104e-20 0 0)
(-4.34501e-22 0 0)
(1.24929e-20 0 0)
(1.0564e-14 0 0)
(-1.0564e-14 0 0)
(-1.10548e-20 0 0)
(2.03067e-20 0 0)
(3.4524e-14 0 0)
(1.14552e-28 0 0)
(-3.4524e-14 0 0)
(-1.58693e-20 0 0)
(8.13477e-15 0 0)
(2.01834e-14 0 0)
(-2.01834e-14 0 0)
(-8.13477e-15 0 0)
(1.19556e-21 0 0)
(1.58253e-14 0 0)
(6.12902e-14 0 0)
(4.46439e-14 0 0)
(4.01293e-14 0 0)
(-8.93249e-15 0 0)
(-7.14995e-14 0 0)
(-4.44139e-15 0 0)
(6.63606e-14 0 0)
(1.85128e-14 0 0)
(-8.96091e-15 0 0)
(-1.03491e-13 0 0)
(-4.94369e-14 0 0)
(-4.55131e-22 0 0)
(3.45368e-14 0 0)
(1.68078e-12 0 0)
(3.77829e-08 0 0)
(8.48618e-05 0 0)
(0.0376612 0 0)
(2.49683 0 0)
(28.6818 0 0)
(86.4462 0 0)
(182.979 0 0)
(260.279 0 0)
(288.621 0 0)
(246.231 0 0)
(64.0242 0 0)
(0.82368 0 0)
(0.000709898 0 0)
(9.31445e-08 0 0)
(7.92806e-12 0 0)
(3.65922e-14 0 0)
(-1.39639e-14 0 0)
(-2.23035e-14 0 0)
(5.13969e-14 0 0)
(7.31911e-15 0 0)
(-2.10795e-14 0 0)
(-4.67455e-15 0 0)
(-1.83902e-14 0 0)
(4.36456e-14 0 0)
(4.98753e-16 0 0)
(-1.40457e-14 0 0)
(-1.4049e-14 0 0)
(-4.32736e-14 0 0)
(-8.11068e-16 0 0)
(-1.54612e-14 0 0)
(2.89243e-14 0 0)
(-1.26521e-14 0 0)
(9.24741e-20 0 0)
(4.188e-14 0 0)
(5.60428e-20 0 0)
(-2.71233e-14 0 0)
(-1.47567e-14 0 0)
(5.25375e-20 0 0)
(4.41229e-14 0 0)
(-2.24287e-15 0 0)
(-2.71234e-14 0 0)
(-1.47567e-14 0 0)
(4.05477e-20 0 0)
(3.71929e-14 0 0)
(-1.6195e-14 0 0)
(-1.31714e-14 0 0)
(-1.62541e-14 0 0)
(-8.0501e-16 0 0)
(7.72905e-15 0 0)
(-6.23171e-15 0 0)
(-4.38492e-20 0 0)
(-1.49727e-15 0 0)
(2.16929e-14 0 0)
(-2.79219e-14 0 0)
(7.72624e-15 0 0)
(-3.70728e-20 0 0)
(-8.4273e-15 0 0)
)
;

boundaryField
{
    sides
    {
        type            fixedValue;
        value           uniform (0 0 0);
    }
    empty
    {
        type            empty;
    }
}


// ************************************************************************* //
