/*--------------------------------*- C++ -*----------------------------------*\
| =========                 |                                                 |
| \\      /  F ield         | OpenFOAM: The Open Source CFD Toolbox           |
|  \\    /   O peration     | Version:  2412                                  |
|   \\  /    A nd           | Website:  www.openfoam.com                      |
|    \\/     M anipulation  |                                                 |
\*---------------------------------------------------------------------------*/
FoamFile
{
    version     2.0;
    format      ascii;
    arch        "LSB;label=32;scalar=64";
    class       volVectorField;
    location    "0.0166934";
    object      U;
}
// * * * * * * * * * * * * * * * * * * * * * * * * * * * * * * * * * * * * * //

dimensions      [0 1 -1 0 0 0 0];

internalField   nonuniform List<vector> 
100
(
(7.31608 0 0)
(18.1158 0 0)
(31.7074 0 0)
(45.568 0 0)
(57.0633 0 0)
(66.2919 0 0)
(72.9184 0 0)
(77.5814 0 0)
(81.9534 0 0)
(86.6684 0 0)
(91.6721 0 0)
(96.7681 0 0)
(101.853 0 0)
(106.919 0 0)
(111.979 0 0)
(117.054 0 0)
(122.118 0 0)
(127.225 0 0)
(132.25 0 0)
(137.416 0 0)
(142.304 0 0)
(147.592 0 0)
(152.25 0 0)
(157.691 0 0)
(162.25 0 0)
(167.64 0 0)
(172.478 0 0)
(177.462 0 0)
(182.653 0 0)
(187.338 0 0)
(192.632 0 0)
(197.249 0 0)
(202.615 0 0)
(207.284 0 0)
(212.556 0 0)
(217.384 0 0)
(222.646 0 0)
(227.579 0 0)
(232.696 0 0)
(237.678 0 0)
(242.811 0 0)
(247.886 0 0)
(252.823 0 0)
(257.638 0 0)
(262.63 0 0)
(267.573 0 0)
(271.795 0 0)
(276.177 0 0)
(280.425 0 0)
(283.138 0 0)
(284.298 0 0)
(283.828 0 0)
(282.438 0 0)
(283.653 0 0)
(285.235 0 0)
(284.308 0 0)
(279.781 0 0)
(278.484 0 0)
(286.957 0 0)
(289.137 0 0)
(283.506 0 0)
(275.835 0 0)
(276.257 0 0)
(290.456 0 0)
(291.18 0 0)
(282.652 0 0)
(273.664 0 0)
(274.795 0 0)
(290.162 0 0)
(290.553 0 0)
(284.868 0 0)
(274.972 0 0)
(274.809 0 0)
(285.358 0 0)
(290.402 0 0)
(287.948 0 0)
(276.311 0 0)
(275.067 0 0)
(276.485 0 0)
(287.793 0 0)
(287.487 0 0)
(286.664 0 0)
(275.925 0 0)
(277.293 0 0)
(255.428 0 0)
(69.1059 0 0)
(1.64743 0 0)
(11.6858 0 0)
(14.2849 0 0)
(20.0479 0 0)
(18.4796 0 0)
(22.6361 0 0)
(26.2232 0 0)
(25.4693 0 0)
(20.5171 0 0)
(14.9984 0 0)
(8.79833 0 0)
(4.04477 0 0)
(4.1115 0 0)
(-0.602631 0 0)
)
;

boundaryField
{
    sides
    {
        type            fixedValue;
        value           uniform (0 0 0);
    }
    empty
    {
        type            empty;
    }
}


// ************************************************************************* //
