/*--------------------------------*- C++ -*----------------------------------*\
| =========                 |                                                 |
| \\      /  F ield         | OpenFOAM: The Open Source CFD Toolbox           |
|  \\    /   O peration     | Version:  2412                                  |
|   \\  /    A nd           | Website:  www.openfoam.com                      |
|    \\/     M anipulation  |                                                 |
\*---------------------------------------------------------------------------*/
FoamFile
{
    version     2.0;
    format      ascii;
    arch        "LSB;label=32;scalar=64";
    class       volVectorField;
    location    "0.0387312";
    object      U;
}
// * * * * * * * * * * * * * * * * * * * * * * * * * * * * * * * * * * * * * //

dimensions      [0 1 -1 0 0 0 0];

internalField   nonuniform List<vector> 
100
(
(1.68803 0 0)
(4.99267 0 0)
(8.2719 0 0)
(11.5778 0 0)
(14.9057 0 0)
(18.2743 0 0)
(21.7794 0 0)
(25.2713 0 0)
(28.7325 0 0)
(32.3191 0 0)
(35.8777 0 0)
(39.3901 0 0)
(42.9688 0 0)
(46.3806 0 0)
(49.8201 0 0)
(53.2522 0 0)
(56.6741 0 0)
(60.074 0 0)
(63.4909 0 0)
(66.8866 0 0)
(70.2615 0 0)
(73.5888 0 0)
(76.8887 0 0)
(80.2038 0 0)
(83.5523 0 0)
(86.9203 0 0)
(90.4654 0 0)
(94.2453 0 0)
(89.5401 0 0)
(-61.7921 0 0)
(-170.347 0 0)
(-176.629 0 0)
(-170.324 0 0)
(-168.568 0 0)
(-168.272 0 0)
(-163.46 0 0)
(-153.81 0 0)
(-148.953 0 0)
(-147.495 0 0)
(-148.193 0 0)
(-152.424 0 0)
(-154.876 0 0)
(-154.191 0 0)
(-152.337 0 0)
(-147.23 0 0)
(-135.028 0 0)
(-125.481 0 0)
(-121.786 0 0)
(-121.474 0 0)
(-123.46 0 0)
(-125.685 0 0)
(-125.615 0 0)
(-124.482 0 0)
(-122.831 0 0)
(-118.215 0 0)
(-112.742 0 0)
(-109.929 0 0)
(-109.447 0 0)
(-108.91 0 0)
(-107.858 0 0)
(-103.257 0 0)
(-97 0 0)
(-92.8477 0 0)
(-91.6465 0 0)
(-92.6002 0 0)
(-91.4946 0 0)
(-90.6132 0 0)
(-84.2907 0 0)
(-78.3899 0 0)
(-74.9467 0 0)
(-74.1944 0 0)
(-79.3124 0 0)
(-79.9485 0 0)
(-80.1293 0 0)
(-73.5297 0 0)
(-64.3263 0 0)
(-57.2234 0 0)
(-51.8055 0 0)
(-53.1343 0 0)
(-53.5723 0 0)
(-54.2085 0 0)
(-53.072 0 0)
(-51.9429 0 0)
(-49.8238 0 0)
(-47.4552 0 0)
(-45.4074 0 0)
(-41.8546 0 0)
(-37.4355 0 0)
(-33.6142 0 0)
(-31.3824 0 0)
(-31.7718 0 0)
(-31.6546 0 0)
(-31.0421 0 0)
(-30.6623 0 0)
(-25.2504 0 0)
(-18.4788 0 0)
(-11.2833 0 0)
(-4.17518 0 0)
(-0.992771 0 0)
(2.71567 0 0)
)
;

boundaryField
{
    sides
    {
        type            fixedValue;
        value           uniform (0 0 0);
    }
    empty
    {
        type            empty;
    }
}


// ************************************************************************* //
