/*--------------------------------*- C++ -*----------------------------------*\
| =========                 |                                                 |
| \\      /  F ield         | OpenFOAM: The Open Source CFD Toolbox           |
|  \\    /   O peration     | Version:  2412                                  |
|   \\  /    A nd           | Website:  www.openfoam.com                      |
|    \\/     M anipulation  |                                                 |
\*---------------------------------------------------------------------------*/
FoamFile
{
    version     2.0;
    format      ascii;
    arch        "LSB;label=32;scalar=64";
    class       volVectorField;
    location    "0.00454277";
    object      U;
}
// * * * * * * * * * * * * * * * * * * * * * * * * * * * * * * * * * * * * * //

dimensions      [0 1 -1 0 0 0 0];

internalField   nonuniform List<vector> 
100
(
(-7.91154e-14 0 0)
(-1.06244e-13 0 0)
(-5.1389e-14 0 0)
(-1.91329e-14 0 0)
(1.67108e-14 0 0)
(-4.77348e-14 0 0)
(-1.31248e-13 0 0)
(-9.9855e-14 0 0)
(-1.63969e-13 0 0)
(-1.43359e-13 0 0)
(-8.76294e-14 0 0)
(-1.22048e-13 0 0)
(-6.46083e-14 0 0)
(-5.38732e-16 0 0)
(-3.17061e-14 0 0)
(-3.7105e-14 0 0)
(-3.45555e-14 0 0)
(1.6054e-14 0 0)
(7.21215e-15 0 0)
(7.43153e-14 0 0)
(9.66859e-14 0 0)
(1.19195e-13 0 0)
(2.2462e-13 0 0)
(3.04155e-13 0 0)
(2.37078e-13 0 0)
(1.97695e-13 0 0)
(1.42858e-13 0 0)
(9.45572e-14 0 0)
(1.92184e-12 0 0)
(9.85085e-10 0 0)
(4.06109e-07 0 0)
(0.000105739 0 0)
(0.0129389 0 0)
(0.521486 0 0)
(5.56382 0 0)
(20.5712 0 0)
(41.2264 0 0)
(61.559 0 0)
(80.0836 0 0)
(98.1573 0 0)
(114.854 0 0)
(133.859 0 0)
(149.415 0 0)
(168.02 0 0)
(185.569 0 0)
(198.78 0 0)
(217.949 0 0)
(236.675 0 0)
(253.092 0 0)
(262.545 0 0)
(277.921 0 0)
(291.89 0 0)
(291.319 0 0)
(279.727 0 0)
(277.76 0 0)
(282.716 0 0)
(287.922 0 0)
(287.007 0 0)
(279.441 0 0)
(276.899 0 0)
(278.879 0 0)
(278.614 0 0)
(279.33 0 0)
(284.381 0 0)
(287.158 0 0)
(284.98 0 0)
(276.228 0 0)
(273.984 0 0)
(275.077 0 0)
(287.534 0 0)
(294.027 0 0)
(250.463 0 0)
(61.0601 0 0)
(0.528541 0 0)
(0.000280077 0 0)
(3.03393e-08 0 0)
(3.32e-12 0 0)
(5.72431e-14 0 0)
(-1.11567e-13 0 0)
(-1.91249e-13 0 0)
(-7.57469e-14 0 0)
(8.84803e-14 0 0)
(-1.65133e-14 0 0)
(-2.53345e-13 0 0)
(-1.90896e-13 0 0)
(-1.61188e-13 0 0)
(-1.70334e-13 0 0)
(-8.48152e-14 0 0)
(-2.3064e-13 0 0)
(-1.56927e-13 0 0)
(-1.07013e-13 0 0)
(-2.32097e-13 0 0)
(-2.01827e-13 0 0)
(-2.65863e-13 0 0)
(-2.75096e-13 0 0)
(-2.73685e-13 0 0)
(-2.24342e-13 0 0)
(-9.08509e-14 0 0)
(-5.63751e-14 0 0)
(-1.06765e-13 0 0)
)
;

boundaryField
{
    sides
    {
        type            fixedValue;
        value           uniform (0 0 0);
    }
    empty
    {
        type            empty;
    }
}


// ************************************************************************* //
