/*--------------------------------*- C++ -*----------------------------------*\
| =========                 |                                                 |
| \\      /  F ield         | OpenFOAM: The Open Source CFD Toolbox           |
|  \\    /   O peration     | Version:  2412                                  |
|   \\  /    A nd           | Website:  www.openfoam.com                      |
|    \\/     M anipulation  |                                                 |
\*---------------------------------------------------------------------------*/
FoamFile
{
    version     2.0;
    format      ascii;
    arch        "LSB;label=32;scalar=64";
    class       volVectorField;
    location    "0.0353969";
    object      U;
}
// * * * * * * * * * * * * * * * * * * * * * * * * * * * * * * * * * * * * * //

dimensions      [0 1 -1 0 0 0 0];

internalField   nonuniform List<vector> 
100
(
(1.85225 0 0)
(5.71854 0 0)
(9.41832 0 0)
(13.3358 0 0)
(16.9488 0 0)
(20.9795 0 0)
(24.461 0 0)
(28.5996 0 0)
(32.0063 0 0)
(36.1318 0 0)
(39.6785 0 0)
(43.6028 0 0)
(47.4342 0 0)
(51.121 0 0)
(55.153 0 0)
(58.6605 0 0)
(62.7507 0 0)
(66.242 0 0)
(70.3049 0 0)
(73.8771 0 0)
(77.8785 0 0)
(81.5399 0 0)
(85.4711 0 0)
(89.1911 0 0)
(93.0495 0 0)
(96.795 0 0)
(100.608 0 0)
(104.372 0 0)
(108.165 0 0)
(111.928 0 0)
(115.694 0 0)
(119.416 0 0)
(123.136 0 0)
(126.794 0 0)
(130.453 0 0)
(134.105 0 0)
(137.704 0 0)
(141.328 0 0)
(145.055 0 0)
(148.748 0 0)
(107.704 0 0)
(-84.6094 0 0)
(-136.061 0 0)
(-128.492 0 0)
(-115.626 0 0)
(-112.51 0 0)
(-114.289 0 0)
(-115.732 0 0)
(-116.028 0 0)
(-114.731 0 0)
(-109.612 0 0)
(-102.727 0 0)
(-98.4826 0 0)
(-97.5387 0 0)
(-96.9265 0 0)
(-97.039 0 0)
(-96.7122 0 0)
(-96.2678 0 0)
(-93.2095 0 0)
(-87.1227 0 0)
(-78.0904 0 0)
(-71.7746 0 0)
(-70.2107 0 0)
(-69.0032 0 0)
(-71.0249 0 0)
(-69.4958 0 0)
(-68.4424 0 0)
(-66.0251 0 0)
(-61.019 0 0)
(-60.1633 0 0)
(-53.505 0 0)
(-53.5568 0 0)
(-50.4893 0 0)
(-49.548 0 0)
(-47.2712 0 0)
(-40.6116 0 0)
(-39.1171 0 0)
(-35.3907 0 0)
(-35.319 0 0)
(-33.7403 0 0)
(-30.5971 0 0)
(-26.4545 0 0)
(-23.364 0 0)
(-23.73 0 0)
(-19.5623 0 0)
(-8.06223 0 0)
(4.17549 0 0)
(8.98395 0 0)
(12.4529 0 0)
(11.4892 0 0)
(6.3828 0 0)
(0.207178 0 0)
(-3.42278 0 0)
(-2.92864 0 0)
(-1.71032 0 0)
(-1.19981 0 0)
(-1.96759 0 0)
(-3.14198 0 0)
(-2.88815 0 0)
(-1.25493 0 0)
)
;

boundaryField
{
    sides
    {
        type            fixedValue;
        value           uniform (0 0 0);
    }
    empty
    {
        type            empty;
    }
}


// ************************************************************************* //
