/*--------------------------------*- C++ -*----------------------------------*\
| =========                 |                                                 |
| \\      /  F ield         | OpenFOAM: The Open Source CFD Toolbox           |
|  \\    /   O peration     | Version:  2412                                  |
|   \\  /    A nd           | Website:  www.openfoam.com                      |
|    \\/     M anipulation  |                                                 |
\*---------------------------------------------------------------------------*/
FoamFile
{
    version     2.0;
    format      ascii;
    arch        "LSB;label=32;scalar=64";
    class       volVectorField;
    location    "0.0338162";
    object      U;
}
// * * * * * * * * * * * * * * * * * * * * * * * * * * * * * * * * * * * * * //

dimensions      [0 1 -1 0 0 0 0];

internalField   nonuniform List<vector> 
100
(
(1.96418 0 0)
(6.00613 0 0)
(9.9267 0 0)
(13.9988 0 0)
(17.8446 0 0)
(22.0301 0 0)
(25.7645 0 0)
(30.0985 0 0)
(33.7367 0 0)
(38.0736 0 0)
(41.7592 0 0)
(45.9573 0 0)
(49.9115 0 0)
(53.8702 0 0)
(58.0811 0 0)
(61.8465 0 0)
(66.1552 0 0)
(69.8712 0 0)
(74.1793 0 0)
(77.9544 0 0)
(82.1961 0 0)
(86.048 0 0)
(90.21 0 0)
(94.1152 0 0)
(98.1875 0 0)
(102.119 0 0)
(106.133 0 0)
(110.097 0 0)
(114.11 0 0)
(118.106 0 0)
(122.12 0 0)
(126.12 0 0)
(130.127 0 0)
(134.11 0 0)
(138.1 0 0)
(142.011 0 0)
(145.907 0 0)
(149.763 0 0)
(153.547 0 0)
(157.353 0 0)
(161.011 0 0)
(164.49 0 0)
(167.593 0 0)
(170.419 0 0)
(173.142 0 0)
(148.259 0 0)
(-43.1371 0 0)
(-117.02 0 0)
(-113.457 0 0)
(-97.9408 0 0)
(-91.7337 0 0)
(-88.8816 0 0)
(-87.1623 0 0)
(-86.7379 0 0)
(-86.8402 0 0)
(-87.0411 0 0)
(-84.4136 0 0)
(-79.0234 0 0)
(-73.4711 0 0)
(-70.9673 0 0)
(-70.1879 0 0)
(-68.663 0 0)
(-69.508 0 0)
(-66.4444 0 0)
(-65.8333 0 0)
(-59.4185 0 0)
(-51.6818 0 0)
(-45.6712 0 0)
(-40.2711 0 0)
(-44.849 0 0)
(-43.3982 0 0)
(-44.2537 0 0)
(-39.8437 0 0)
(-34.7589 0 0)
(-34.6903 0 0)
(-31.3492 0 0)
(-31.2163 0 0)
(-26.6262 0 0)
(-25.2957 0 0)
(-12.4495 0 0)
(3.51358 0 0)
(10.7086 0 0)
(12.098 0 0)
(8.56384 0 0)
(3.55187 0 0)
(0.561087 0 0)
(1.07802 0 0)
(2.0343 0 0)
(1.92107 0 0)
(-2.55725 0 0)
(-6.75232 0 0)
(-7.79866 0 0)
(-5.66555 0 0)
(-0.791696 0 0)
(3.46082 0 0)
(5.40448 0 0)
(5.73503 0 0)
(2.8067 0 0)
(0.264009 0 0)
(0.379709 0 0)
)
;

boundaryField
{
    sides
    {
        type            fixedValue;
        value           uniform (0 0 0);
    }
    empty
    {
        type            empty;
    }
}


// ************************************************************************* //
