/*--------------------------------*- C++ -*----------------------------------*\
| =========                 |                                                 |
| \\      /  F ield         | OpenFOAM: The Open Source CFD Toolbox           |
|  \\    /   O peration     | Version:  2412                                  |
|   \\  /    A nd           | Website:  www.openfoam.com                      |
|    \\/     M anipulation  |                                                 |
\*---------------------------------------------------------------------------*/
FoamFile
{
    version     2.0;
    format      ascii;
    arch        "LSB;label=32;scalar=64";
    class       volVectorField;
    location    "0.00114592";
    object      U;
}
// * * * * * * * * * * * * * * * * * * * * * * * * * * * * * * * * * * * * * //

dimensions      [0 1 -1 0 0 0 0];

internalField   nonuniform List<vector> 
100
(
(5.74117e-14 0 0)
(6.48519e-15 0 0)
(-3.96011e-15 0 0)
(4.38818e-15 0 0)
(-2.36738e-14 0 0)
(5.73014e-14 0 0)
(-1.77926e-14 0 0)
(5.13857e-15 0 0)
(4.16095e-15 0 0)
(-3.05478e-14 0 0)
(-8.13694e-15 0 0)
(-1.92561e-15 0 0)
(-2.45436e-14 0 0)
(-4.06513e-14 0 0)
(8.0526e-15 0 0)
(2.68276e-14 0 0)
(5.77114e-15 0 0)
(1.62913e-14 0 0)
(-3.24789e-14 0 0)
(-6.14909e-15 0 0)
(8.07433e-15 0 0)
(6.30461e-14 0 0)
(-2.41541e-20 0 0)
(-4.87538e-14 0 0)
(3.64677e-14 0 0)
(4.48627e-14 0 0)
(-2.4574e-14 0 0)
(-4.87426e-14 0 0)
(-3.89636e-16 0 0)
(8.56294e-14 0 0)
(1.18048e-13 0 0)
(5.64455e-14 0 0)
(1.54301e-14 0 0)
(-2.26637e-14 0 0)
(3.40956e-15 0 0)
(9.59476e-15 0 0)
(1.04083e-14 0 0)
(-3.34333e-14 0 0)
(-1.11638e-13 0 0)
(-1.22425e-13 0 0)
(3.53008e-11 0 0)
(6.82286e-08 0 0)
(5.07979e-05 0 0)
(0.0132301 0 0)
(0.88497 0 0)
(12.4135 0 0)
(48.9295 0 0)
(105.814 0 0)
(149.321 0 0)
(208.198 0 0)
(279.136 0 0)
(284.887 0 0)
(290.545 0 0)
(298.642 0 0)
(278.129 0 0)
(125.694 0 0)
(3.72729 0 0)
(0.00606071 0 0)
(1.81659e-06 0 0)
(2.11938e-10 0 0)
(-6.88471e-14 0 0)
(-1.26441e-14 0 0)
(-1.40769e-14 0 0)
(-1.3921e-14 0 0)
(5.21725e-14 0 0)
(5.27016e-14 0 0)
(1.52003e-14 0 0)
(-4.19792e-14 0 0)
(-3.54659e-14 0 0)
(-7.07941e-15 0 0)
(-1.47753e-14 0 0)
(-3.64153e-14 0 0)
(2.74813e-14 0 0)
(6.45514e-14 0 0)
(-4.14399e-14 0 0)
(-7.15091e-15 0 0)
(2.78466e-14 0 0)
(6.98183e-15 0 0)
(-5.7386e-15 0 0)
(-5.03655e-14 0 0)
(2.84183e-14 0 0)
(9.39406e-14 0 0)
(4.90226e-15 0 0)
(-8.40381e-14 0 0)
(-4.3223e-14 0 0)
(2.1323e-14 0 0)
(7.9892e-14 0 0)
(-1.61191e-14 0 0)
(-3.45884e-14 0 0)
(-8.02516e-14 0 0)
(-7.18604e-14 0 0)
(5.37818e-16 0 0)
(3.64068e-14 0 0)
(-7.1835e-15 0 0)
(-2.26683e-14 0 0)
(2.16661e-14 0 0)
(-1.37042e-14 0 0)
(1.47946e-14 0 0)
(6.92111e-15 0 0)
(-3.65928e-14 0 0)
)
;

boundaryField
{
    sides
    {
        type            fixedValue;
        value           uniform (0 0 0);
    }
    empty
    {
        type            empty;
    }
}


// ************************************************************************* //
