/*--------------------------------*- C++ -*----------------------------------*\
| =========                 |                                                 |
| \\      /  F ield         | OpenFOAM: The Open Source CFD Toolbox           |
|  \\    /   O peration     | Version:  2412                                  |
|   \\  /    A nd           | Website:  www.openfoam.com                      |
|    \\/     M anipulation  |                                                 |
\*---------------------------------------------------------------------------*/
FoamFile
{
    version     2.0;
    format      ascii;
    arch        "LSB;label=32;scalar=64";
    class       volVectorField;
    location    "0.00423188";
    object      U;
}
// * * * * * * * * * * * * * * * * * * * * * * * * * * * * * * * * * * * * * //

dimensions      [0 1 -1 0 0 0 0];

internalField   nonuniform List<vector> 
100
(
(-6.60408e-15 0 0)
(-1.46558e-13 0 0)
(-1.07827e-13 0 0)
(-3.51746e-14 0 0)
(1.67108e-14 0 0)
(5.6949e-14 0 0)
(1.40096e-14 0 0)
(-1.16171e-13 0 0)
(-1.80129e-13 0 0)
(-1.35316e-13 0 0)
(-5.52652e-14 0 0)
(-5.76637e-14 0 0)
(-6.46083e-14 0 0)
(-3.27715e-14 0 0)
(-7.20167e-14 0 0)
(-6.93379e-14 0 0)
(-1.03259e-14 0 0)
(6.44531e-14 0 0)
(3.93598e-14 0 0)
(1.77187e-15 0 0)
(4.82618e-14 0 0)
(1.51669e-13 0 0)
(2.08443e-13 0 0)
(2.55618e-13 0 0)
(1.24351e-13 0 0)
(1.41371e-13 0 0)
(1.58911e-13 0 0)
(1.18772e-13 0 0)
(1.27052e-13 0 0)
(1.98996e-12 0 0)
(1.04087e-09 0 0)
(4.34228e-07 0 0)
(0.000113618 0 0)
(0.0138857 0 0)
(0.555798 0 0)
(5.87743 0 0)
(21.6009 0 0)
(43.2417 0 0)
(64.5057 0 0)
(84.4713 0 0)
(102.761 0 0)
(122.54 0 0)
(139.408 0 0)
(160.327 0 0)
(177.399 0 0)
(192.617 0 0)
(214.436 0 0)
(233.113 0 0)
(246.01 0 0)
(261.557 0 0)
(284.864 0 0)
(292.752 0 0)
(284.876 0 0)
(277.68 0 0)
(279.364 0 0)
(287.413 0 0)
(287.351 0 0)
(281.326 0 0)
(276.583 0 0)
(277.536 0 0)
(279.048 0 0)
(282.586 0 0)
(286.518 0 0)
(285.708 0 0)
(277.72 0 0)
(274.095 0 0)
(274.303 0 0)
(280.062 0 0)
(295.889 0 0)
(286.451 0 0)
(163.333 0 0)
(7.48362 0 0)
(0.0126384 0 0)
(2.67072e-06 0 0)
(2.15032e-10 0 0)
(6.60517e-14 0 0)
(1.42393e-14 0 0)
(1.46945e-14 0 0)
(-1.32666e-13 0 0)
(-1.55885e-13 0 0)
(-1.11087e-13 0 0)
(4.61541e-14 0 0)
(1.88639e-14 0 0)
(-1.89927e-13 0 0)
(-1.98102e-13 0 0)
(-1.61017e-13 0 0)
(-1.56287e-13 0 0)
(-1.13132e-13 0 0)
(-2.37681e-13 0 0)
(-1.99451e-13 0 0)
(-9.28596e-14 0 0)
(-1.04872e-13 0 0)
(-1.94796e-13 0 0)
(-2.94256e-13 0 0)
(-3.10269e-13 0 0)
(-2.17156e-13 0 0)
(-1.11528e-13 0 0)
(-4.85442e-14 0 0)
(-6.34713e-14 0 0)
(-1.20913e-13 0 0)
)
;

boundaryField
{
    sides
    {
        type            fixedValue;
        value           uniform (0 0 0);
    }
    empty
    {
        type            empty;
    }
}


// ************************************************************************* //
