/*--------------------------------*- C++ -*----------------------------------*\
| =========                 |                                                 |
| \\      /  F ield         | OpenFOAM: The Open Source CFD Toolbox           |
|  \\    /   O peration     | Version:  2412                                  |
|   \\  /    A nd           | Website:  www.openfoam.com                      |
|    \\/     M anipulation  |                                                 |
\*---------------------------------------------------------------------------*/
FoamFile
{
    version     2.0;
    format      ascii;
    arch        "LSB;label=32;scalar=64";
    class       volVectorField;
    location    "0.0491128";
    object      U;
}
// * * * * * * * * * * * * * * * * * * * * * * * * * * * * * * * * * * * * * //

dimensions      [0 1 -1 0 0 0 0];

internalField   nonuniform List<vector> 
100
(
(-9.00732 0 0)
(-33.238 0 0)
(-33.9333 0 0)
(-19.8114 0 0)
(9.03318 0 0)
(40.098 0 0)
(18.6708 0 0)
(-100.715 0 0)
(-240.464 0 0)
(-243.941 0 0)
(-234.614 0 0)
(-226.652 0 0)
(-224.736 0 0)
(-224.284 0 0)
(-230.099 0 0)
(-233.719 0 0)
(-232.872 0 0)
(-230.209 0 0)
(-220.738 0 0)
(-211.239 0 0)
(-208.166 0 0)
(-207.548 0 0)
(-215.486 0 0)
(-227.152 0 0)
(-228.053 0 0)
(-226.394 0 0)
(-220.548 0 0)
(-203.029 0 0)
(-189.679 0 0)
(-185.79 0 0)
(-184.283 0 0)
(-184.016 0 0)
(-190.555 0 0)
(-199.331 0 0)
(-200.166 0 0)
(-198.572 0 0)
(-195.466 0 0)
(-190.921 0 0)
(-187.487 0 0)
(-185.484 0 0)
(-182.836 0 0)
(-178.43 0 0)
(-174.386 0 0)
(-172.536 0 0)
(-171.768 0 0)
(-173.217 0 0)
(-174.497 0 0)
(-173.56 0 0)
(-170.733 0 0)
(-164.424 0 0)
(-159.042 0 0)
(-157.032 0 0)
(-159.858 0 0)
(-175.724 0 0)
(-184.672 0 0)
(-184.48 0 0)
(-182.435 0 0)
(-176.833 0 0)
(-158.612 0 0)
(-136.836 0 0)
(-125.605 0 0)
(-120.869 0 0)
(-117.633 0 0)
(-114.708 0 0)
(-111.261 0 0)
(-107.907 0 0)
(-105.818 0 0)
(-104.893 0 0)
(-104.237 0 0)
(-103.569 0 0)
(-103.268 0 0)
(-101.894 0 0)
(-99.0885 0 0)
(-93.2167 0 0)
(-86.6003 0 0)
(-80.4226 0 0)
(-75.4902 0 0)
(-72.5343 0 0)
(-69.8607 0 0)
(-69.185 0 0)
(-67.1659 0 0)
(-66.5546 0 0)
(-62.5914 0 0)
(-58.41 0 0)
(-54.1501 0 0)
(-50.0062 0 0)
(-47.4737 0 0)
(-43.1945 0 0)
(-39.4766 0 0)
(-35.5226 0 0)
(-32.2239 0 0)
(-28.6301 0 0)
(-25.2966 0 0)
(-21.7012 0 0)
(-18.5064 0 0)
(-15.4336 0 0)
(-12.1077 0 0)
(-9.02618 0 0)
(-5.1484 0 0)
(-1.88158 0 0)
)
;

boundaryField
{
    sides
    {
        type            fixedValue;
        value           uniform (0 0 0);
    }
    empty
    {
        type            empty;
    }
}


// ************************************************************************* //
