/*--------------------------------*- C++ -*----------------------------------*\
| =========                 |                                                 |
| \\      /  F ield         | OpenFOAM: The Open Source CFD Toolbox           |
|  \\    /   O peration     | Version:  2412                                  |
|   \\  /    A nd           | Website:  www.openfoam.com                      |
|    \\/     M anipulation  |                                                 |
\*---------------------------------------------------------------------------*/
FoamFile
{
    version     2.0;
    format      ascii;
    arch        "LSB;label=32;scalar=64";
    class       volVectorField;
    location    "0.0407071";
    object      U;
}
// * * * * * * * * * * * * * * * * * * * * * * * * * * * * * * * * * * * * * //

dimensions      [0 1 -1 0 0 0 0];

internalField   nonuniform List<vector> 
100
(
(1.52917 0 0)
(4.74467 0 0)
(7.97935 0 0)
(11.256 0 0)
(14.5594 0 0)
(17.8733 0 0)
(21.175 0 0)
(24.4389 0 0)
(27.6566 0 0)
(30.8428 0 0)
(33.9974 0 0)
(37.1269 0 0)
(40.2317 0 0)
(43.3229 0 0)
(46.4402 0 0)
(49.6111 0 0)
(52.8326 0 0)
(56.0675 0 0)
(59.3932 0 0)
(63.1347 0 0)
(66.2651 0 0)
(13.9978 0 0)
(-166.584 0 0)
(-209.017 0 0)
(-205.088 0 0)
(-190.885 0 0)
(-182.867 0 0)
(-177.563 0 0)
(-174.77 0 0)
(-173.809 0 0)
(-177.724 0 0)
(-184.595 0 0)
(-185.286 0 0)
(-183.806 0 0)
(-181.344 0 0)
(-173.352 0 0)
(-158.486 0 0)
(-150.899 0 0)
(-148.338 0 0)
(-148.135 0 0)
(-151.845 0 0)
(-156.287 0 0)
(-156.651 0 0)
(-155.304 0 0)
(-153.103 0 0)
(-147.893 0 0)
(-141.956 0 0)
(-139.177 0 0)
(-138.937 0 0)
(-139.616 0 0)
(-138.81 0 0)
(-135.388 0 0)
(-128.543 0 0)
(-122.939 0 0)
(-120.979 0 0)
(-121.793 0 0)
(-123.143 0 0)
(-122.484 0 0)
(-118.596 0 0)
(-111.669 0 0)
(-105.747 0 0)
(-103.754 0 0)
(-105.477 0 0)
(-110.455 0 0)
(-112.257 0 0)
(-109.388 0 0)
(-104.765 0 0)
(-92.8792 0 0)
(-85.9807 0 0)
(-82.1151 0 0)
(-82.2011 0 0)
(-84.5369 0 0)
(-84.8881 0 0)
(-86.394 0 0)
(-82.6259 0 0)
(-81.1618 0 0)
(-77.7001 0 0)
(-75.0914 0 0)
(-73.5918 0 0)
(-69.156 0 0)
(-65.9525 0 0)
(-62.2558 0 0)
(-61.7138 0 0)
(-60.1209 0 0)
(-58.8279 0 0)
(-56.6572 0 0)
(-52.4517 0 0)
(-47.4879 0 0)
(-48.2575 0 0)
(-53.6414 0 0)
(-60.4466 0 0)
(-63.5645 0 0)
(-61.6946 0 0)
(-54.8125 0 0)
(-41.6042 0 0)
(-26.2417 0 0)
(-14.2493 0 0)
(-7.3763 0 0)
(-1.68782 0 0)
(-3.48936 0 0)
)
;

boundaryField
{
    sides
    {
        type            fixedValue;
        value           uniform (0 0 0);
    }
    empty
    {
        type            empty;
    }
}


// ************************************************************************* //
