/*--------------------------------*- C++ -*----------------------------------*\
| =========                 |                                                 |
| \\      /  F ield         | OpenFOAM: The Open Source CFD Toolbox           |
|  \\    /   O peration     | Version:  2412                                  |
|   \\  /    A nd           | Website:  www.openfoam.com                      |
|    \\/     M anipulation  |                                                 |
\*---------------------------------------------------------------------------*/
FoamFile
{
    version     2.0;
    format      ascii;
    arch        "LSB;label=32;scalar=64";
    class       volVectorField;
    location    "0.0442279";
    object      U;
}
// * * * * * * * * * * * * * * * * * * * * * * * * * * * * * * * * * * * * * //

dimensions      [0 1 -1 0 0 0 0];

internalField   nonuniform List<vector> 
100
(
(1.47497 0 0)
(4.34733 0 0)
(7.24928 0 0)
(10.2402 0 0)
(13.5505 0 0)
(17.0114 0 0)
(11.186 0 0)
(-134.947 0 0)
(-231.753 0 0)
(-235.255 0 0)
(-221.274 0 0)
(-217.726 0 0)
(-224.118 0 0)
(-235.503 0 0)
(-235.543 0 0)
(-233.796 0 0)
(-231.253 0 0)
(-225.897 0 0)
(-208.191 0 0)
(-196.323 0 0)
(-192.957 0 0)
(-191.826 0 0)
(-192.741 0 0)
(-201.743 0 0)
(-207.164 0 0)
(-206.456 0 0)
(-204.553 0 0)
(-200.386 0 0)
(-192.396 0 0)
(-187.38 0 0)
(-185.487 0 0)
(-185.818 0 0)
(-188.186 0 0)
(-187.874 0 0)
(-185.602 0 0)
(-179.108 0 0)
(-171.295 0 0)
(-168.068 0 0)
(-167.569 0 0)
(-170.916 0 0)
(-172.919 0 0)
(-171.644 0 0)
(-167.144 0 0)
(-158.302 0 0)
(-152.538 0 0)
(-150.519 0 0)
(-152.891 0 0)
(-161.095 0 0)
(-164.023 0 0)
(-162.71 0 0)
(-158.11 0 0)
(-145.499 0 0)
(-134.371 0 0)
(-130.048 0 0)
(-128.777 0 0)
(-130.073 0 0)
(-134.81 0 0)
(-137.099 0 0)
(-136.396 0 0)
(-134.846 0 0)
(-131.288 0 0)
(-127.632 0 0)
(-125.254 0 0)
(-123.324 0 0)
(-119.624 0 0)
(-115.201 0 0)
(-112.746 0 0)
(-111.738 0 0)
(-112.143 0 0)
(-111.369 0 0)
(-110.192 0 0)
(-105.308 0 0)
(-100.096 0 0)
(-97.3991 0 0)
(-97.2237 0 0)
(-106.352 0 0)
(-114.439 0 0)
(-116.405 0 0)
(-113.358 0 0)
(-107.343 0 0)
(-92.1828 0 0)
(-73.8449 0 0)
(-63.114 0 0)
(-56.1374 0 0)
(-53.3159 0 0)
(-49.5192 0 0)
(-46.8866 0 0)
(-44.7595 0 0)
(-43.974 0 0)
(-42.3269 0 0)
(-39.3338 0 0)
(-35.5013 0 0)
(-31.2503 0 0)
(-25.6524 0 0)
(-19.7498 0 0)
(-14.565 0 0)
(-9.68098 0 0)
(-6.632 0 0)
(-2.84616 0 0)
(-0.381472 0 0)
)
;

boundaryField
{
    sides
    {
        type            fixedValue;
        value           uniform (0 0 0);
    }
    empty
    {
        type            empty;
    }
}


// ************************************************************************* //
