/*--------------------------------*- C++ -*----------------------------------*\
| =========                 |                                                 |
| \\      /  F ield         | OpenFOAM: The Open Source CFD Toolbox           |
|  \\    /   O peration     | Version:  2412                                  |
|   \\  /    A nd           | Website:  www.openfoam.com                      |
|    \\/     M anipulation  |                                                 |
\*---------------------------------------------------------------------------*/
FoamFile
{
    version     2.0;
    format      ascii;
    arch        "LSB;label=32;scalar=64";
    class       volVectorField;
    location    "0.0509205";
    object      U;
}
// * * * * * * * * * * * * * * * * * * * * * * * * * * * * * * * * * * * * * //

dimensions      [0 1 -1 0 0 0 0];

internalField   nonuniform List<vector> 
100
(
(2.65718 0 0)
(-11.8936 0 0)
(-3.86285 0 0)
(10.314 0 0)
(17.5879 0 0)
(11.1483 0 0)
(-12.197 0 0)
(-30.5998 0 0)
(-35.0192 0 0)
(-6.54213 0 0)
(19.9251 0 0)
(-6.81182 0 0)
(-165.362 0 0)
(-244.541 0 0)
(-250.564 0 0)
(-248.097 0 0)
(-245.701 0 0)
(-232.36 0 0)
(-212.491 0 0)
(-205.432 0 0)
(-203.624 0 0)
(-202.574 0 0)
(-203.807 0 0)
(-215.072 0 0)
(-222.382 0 0)
(-222.084 0 0)
(-219.962 0 0)
(-215.928 0 0)
(-210.602 0 0)
(-207.802 0 0)
(-205.717 0 0)
(-202.72 0 0)
(-197.586 0 0)
(-194.055 0 0)
(-192.335 0 0)
(-191.62 0 0)
(-193.802 0 0)
(-195.557 0 0)
(-194.612 0 0)
(-192.191 0 0)
(-185.614 0 0)
(-179.439 0 0)
(-177.146 0 0)
(-179.009 0 0)
(-196.31 0 0)
(-207.818 0 0)
(-207.7 0 0)
(-205.894 0 0)
(-202.042 0 0)
(-186.321 0 0)
(-160.589 0 0)
(-146.834 0 0)
(-141.862 0 0)
(-139.275 0 0)
(-137.274 0 0)
(-134.299 0 0)
(-130.498 0 0)
(-127.142 0 0)
(-125.61 0 0)
(-124.791 0 0)
(-124.2 0 0)
(-124.116 0 0)
(-124.058 0 0)
(-123.463 0 0)
(-121.77 0 0)
(-117.849 0 0)
(-109.981 0 0)
(-102.525 0 0)
(-97.227 0 0)
(-93.2154 0 0)
(-90.6202 0 0)
(-89.3321 0 0)
(-88.6913 0 0)
(-87.7226 0 0)
(-86.8072 0 0)
(-83.4414 0 0)
(-79.1565 0 0)
(-74.2069 0 0)
(-69.6771 0 0)
(-67.0929 0 0)
(-62.9585 0 0)
(-60.1877 0 0)
(-56.6448 0 0)
(-53.9972 0 0)
(-50.6563 0 0)
(-47.1377 0 0)
(-44.1464 0 0)
(-39.7606 0 0)
(-36.9661 0 0)
(-33.521 0 0)
(-30.9718 0 0)
(-27.928 0 0)
(-24.9826 0 0)
(-21.2884 0 0)
(-17.5501 0 0)
(-13.996 0 0)
(-10.4372 0 0)
(-7.55733 0 0)
(-4.13185 0 0)
(-1.59284 0 0)
)
;

boundaryField
{
    sides
    {
        type            fixedValue;
        value           uniform (0 0 0);
    }
    empty
    {
        type            empty;
    }
}


// ************************************************************************* //
