/*--------------------------------*- C++ -*----------------------------------*\
| =========                 |                                                 |
| \\      /  F ield         | OpenFOAM: The Open Source CFD Toolbox           |
|  \\    /   O peration     | Version:  2412                                  |
|   \\  /    A nd           | Website:  www.openfoam.com                      |
|    \\/     M anipulation  |                                                 |
\*---------------------------------------------------------------------------*/
FoamFile
{
    version     2.0;
    format      ascii;
    arch        "LSB;label=32;scalar=64";
    class       volVectorField;
    location    "0.00157801";
    object      U;
}
// * * * * * * * * * * * * * * * * * * * * * * * * * * * * * * * * * * * * * //

dimensions      [0 1 -1 0 0 0 0];

internalField   nonuniform List<vector> 
100
(
(3.34532e-14 0 0)
(-3.36202e-14 0 0)
(4.09141e-15 0 0)
(6.04005e-14 0 0)
(3.23126e-14 0 0)
(5.71914e-14 0 0)
(-4.1809e-14 0 0)
(-5.07379e-14 0 0)
(2.0194e-14 0 0)
(9.30945e-15 0 0)
(3.19005e-14 0 0)
(2.20889e-14 0 0)
(-1.6522e-14 0 0)
(-5.67365e-14 0 0)
(6.91731e-17 0 0)
(2.68276e-14 0 0)
(6.17575e-14 0 0)
(2.58195e-16 0 0)
(-3.24508e-14 0 0)
(-5.41679e-14 0 0)
(1.61399e-14 0 0)
(8.70865e-14 0 0)
(1.59949e-14 0 0)
(-5.67911e-14 0 0)
(4.44155e-15 0 0)
(5.28199e-14 0 0)
(7.46237e-15 0 0)
(-2.46703e-14 0 0)
(4.76394e-14 0 0)
(2.15375e-14 0 0)
(8.62037e-14 0 0)
(7.23703e-14 0 0)
(4.7412e-14 0 0)
(9.72766e-14 0 0)
(3.53394e-14 0 0)
(-3.83118e-14 0 0)
(-6.1459e-14 0 0)
(-8.96327e-14 0 0)
(2.87094e-12 0 0)
(3.89281e-09 0 0)
(2.74991e-06 0 0)
(0.000905602 0 0)
(0.1035 0 0)
(2.97701 0 0)
(20.8541 0 0)
(58.6413 0 0)
(98.3498 0 0)
(149.366 0 0)
(187.999 0 0)
(227.459 0 0)
(279.524 0 0)
(283.391 0 0)
(276.309 0 0)
(279.353 0 0)
(291.909 0 0)
(301.065 0 0)
(287.891 0 0)
(147.532 0 0)
(4.99373 0 0)
(0.00752845 0 0)
(1.81563e-06 0 0)
(1.83064e-10 0 0)
(5.815e-14 0 0)
(2.08794e-14 0 0)
(5.94541e-14 0 0)
(1.08653e-13 0 0)
(1.25021e-15 0 0)
(-1.42467e-14 0 0)
(-3.52957e-14 0 0)
(-5.59963e-14 0 0)
(-7.91788e-15 0 0)
(-1.39212e-15 0 0)
(2.72252e-14 0 0)
(-1.92296e-14 0 0)
(-2.74259e-14 0 0)
(3.47768e-14 0 0)
(7.11383e-15 0 0)
(-9.14854e-17 0 0)
(-5.49186e-14 0 0)
(-1.53574e-14 0 0)
(7.73857e-14 0 0)
(1.08118e-13 0 0)
(-2.17107e-15 0 0)
(-1.25922e-13 0 0)
(-5.02871e-14 0 0)
(6.31665e-14 0 0)
(1.08083e-13 0 0)
(-9.34545e-15 0 0)
(-1.32466e-13 0 0)
(-1.71117e-13 0 0)
(-8.58035e-14 0 0)
(-6.44118e-15 0 0)
(7.12836e-14 0 0)
(2.78835e-14 0 0)
(-5.0535e-14 0 0)
(-2.0455e-14 0 0)
(7.20394e-15 0 0)
(5.67589e-14 0 0)
(6.91397e-15 0 0)
(-7.1506e-14 0 0)
)
;

boundaryField
{
    sides
    {
        type            fixedValue;
        value           uniform (0 0 0);
    }
    empty
    {
        type            empty;
    }
}


// ************************************************************************* //
