/*--------------------------------*- C++ -*----------------------------------*\
| =========                 |                                                 |
| \\      /  F ield         | OpenFOAM: The Open Source CFD Toolbox           |
|  \\    /   O peration     | Version:  2412                                  |
|   \\  /    A nd           | Website:  www.openfoam.com                      |
|    \\/     M anipulation  |                                                 |
\*---------------------------------------------------------------------------*/
FoamFile
{
    version     2.0;
    format      ascii;
    arch        "LSB;label=32;scalar=64";
    class       volVectorField;
    location    "0.0211252";
    object      U;
}
// * * * * * * * * * * * * * * * * * * * * * * * * * * * * * * * * * * * * * //

dimensions      [0 1 -1 0 0 0 0];

internalField   nonuniform List<vector> 
100
(
(3.53063 0 0)
(10.6954 0 0)
(17.7997 0 0)
(24.8852 0 0)
(32.0201 0 0)
(39.1146 0 0)
(46.2323 0 0)
(53.3439 0 0)
(60.4841 0 0)
(67.6576 0 0)
(74.7937 0 0)
(81.9281 0 0)
(88.819 0 0)
(95.7334 0 0)
(102.23 0 0)
(109.226 0 0)
(115.987 0 0)
(123.787 0 0)
(131.096 0 0)
(139.877 0 0)
(149.099 0 0)
(158.897 0 0)
(169.796 0 0)
(182.177 0 0)
(193.223 0 0)
(198.581 0 0)
(202.043 0 0)
(204.339 0 0)
(206.639 0 0)
(209.057 0 0)
(212.386 0 0)
(215.784 0 0)
(220.518 0 0)
(225.631 0 0)
(229.997 0 0)
(233.789 0 0)
(237.592 0 0)
(241.486 0 0)
(245.545 0 0)
(249.616 0 0)
(253.636 0 0)
(257.634 0 0)
(261.553 0 0)
(265.138 0 0)
(269.218 0 0)
(273.03 0 0)
(276.159 0 0)
(279.382 0 0)
(282.39 0 0)
(283.836 0 0)
(284.204 0 0)
(284.021 0 0)
(283.245 0 0)
(282.728 0 0)
(283.604 0 0)
(284.327 0 0)
(282.222 0 0)
(280.829 0 0)
(283.586 0 0)
(286.773 0 0)
(285.291 0 0)
(278.656 0 0)
(277.156 0 0)
(288.424 0 0)
(291.039 0 0)
(283.256 0 0)
(273.267 0 0)
(273.624 0 0)
(290.924 0 0)
(291.293 0 0)
(281.519 0 0)
(271.053 0 0)
(272.285 0 0)
(292.188 0 0)
(295.94 0 0)
(242.821 0 0)
(72.9384 0 0)
(10.4567 0 0)
(16.9639 0 0)
(4.89534 0 0)
(16.9417 0 0)
(13.0619 0 0)
(13.438 0 0)
(23.7042 0 0)
(14.1441 0 0)
(10.1685 0 0)
(10.5356 0 0)
(2.45443 0 0)
(-4.41724 0 0)
(-9.61893 0 0)
(-7.56155 0 0)
(-2.51552 0 0)
(-4.4586 0 0)
(-7.88784 0 0)
(-8.70981 0 0)
(-3.31809 0 0)
(6.31486 0 0)
(15.2978 0 0)
(19.333 0 0)
(9.03185 0 0)
)
;

boundaryField
{
    sides
    {
        type            fixedValue;
        value           uniform (0 0 0);
    }
    empty
    {
        type            empty;
    }
}


// ************************************************************************* //
