/*--------------------------------*- C++ -*----------------------------------*\
| =========                 |                                                 |
| \\      /  F ield         | OpenFOAM: The Open Source CFD Toolbox           |
|  \\    /   O peration     | Version:  2412                                  |
|   \\  /    A nd           | Website:  www.openfoam.com                      |
|    \\/     M anipulation  |                                                 |
\*---------------------------------------------------------------------------*/
FoamFile
{
    version     2.0;
    format      ascii;
    arch        "LSB;label=32;scalar=64";
    class       volVectorField;
    location    "0.0120618";
    object      U;
}
// * * * * * * * * * * * * * * * * * * * * * * * * * * * * * * * * * * * * * //

dimensions      [0 1 -1 0 0 0 0];

internalField   nonuniform List<vector> 
100
(
(1.24338e-14 0 0)
(-3.44984e-14 0 0)
(9.47368e-14 0 0)
(1.28688e-13 0 0)
(4.3786e-13 0 0)
(2.16244e-10 0 0)
(9.24286e-08 0 0)
(2.64256e-05 0 0)
(0.00380662 0 0)
(0.194219 0 0)
(2.62449 0 0)
(11.1836 0 0)
(23.4354 0 0)
(34.5346 0 0)
(43.481 0 0)
(51.1121 0 0)
(58.1824 0 0)
(65.074 0 0)
(71.9333 0 0)
(78.8013 0 0)
(85.6827 0 0)
(92.579 0 0)
(99.4835 0 0)
(106.416 0 0)
(113.332 0 0)
(120.332 0 0)
(127.186 0 0)
(134.326 0 0)
(140.919 0 0)
(148.32 0 0)
(154.55 0 0)
(162.087 0 0)
(168.461 0 0)
(175.368 0 0)
(182.512 0 0)
(188.718 0 0)
(196.003 0 0)
(202.373 0 0)
(209.73 0 0)
(216.056 0 0)
(223.281 0 0)
(230.049 0 0)
(237.184 0 0)
(243.87 0 0)
(250.932 0 0)
(257.477 0 0)
(263.45 0 0)
(270.411 0 0)
(276.875 0 0)
(281.998 0 0)
(282.731 0 0)
(282.426 0 0)
(282.679 0 0)
(286.552 0 0)
(287.546 0 0)
(279.173 0 0)
(276.944 0 0)
(282.142 0 0)
(289.77 0 0)
(289.469 0 0)
(277.298 0 0)
(276.259 0 0)
(281.707 0 0)
(289.59 0 0)
(289.114 0 0)
(278.586 0 0)
(276.432 0 0)
(279.261 0 0)
(287.965 0 0)
(287.731 0 0)
(284.484 0 0)
(277.816 0 0)
(278.488 0 0)
(280.459 0 0)
(287.785 0 0)
(286.828 0 0)
(283.722 0 0)
(281.168 0 0)
(277.805 0 0)
(278.089 0 0)
(280.223 0 0)
(282.529 0 0)
(283.318 0 0)
(279.981 0 0)
(280.27 0 0)
(282.326 0 0)
(284.12 0 0)
(284.445 0 0)
(281.42 0 0)
(278.162 0 0)
(277.889 0 0)
(278.131 0 0)
(279.596 0 0)
(284.169 0 0)
(282.182 0 0)
(210.967 0 0)
(12.8751 0 0)
(-20.9833 0 0)
(-24.721 0 0)
(-51.7965 0 0)
)
;

boundaryField
{
    sides
    {
        type            fixedValue;
        value           uniform (0 0 0);
    }
    empty
    {
        type            empty;
    }
}


// ************************************************************************* //
