/*--------------------------------*- C++ -*----------------------------------*\
| =========                 |                                                 |
| \\      /  F ield         | OpenFOAM: The Open Source CFD Toolbox           |
|  \\    /   O peration     | Version:  2412                                  |
|   \\  /    A nd           | Website:  www.openfoam.com                      |
|    \\/     M anipulation  |                                                 |
\*---------------------------------------------------------------------------*/
FoamFile
{
    version     2.0;
    format      ascii;
    arch        "LSB;label=32;scalar=64";
    class       volVectorField;
    location    "0.00623924";
    object      U;
}
// * * * * * * * * * * * * * * * * * * * * * * * * * * * * * * * * * * * * * //

dimensions      [0 1 -1 0 0 0 0];

internalField   nonuniform List<vector> 
100
(
(-6.36282e-14 0 0)
(-1.40388e-13 0 0)
(-9.24712e-14 0 0)
(-1.07498e-13 0 0)
(-1.86618e-13 0 0)
(-1.44651e-13 0 0)
(-1.79643e-13 0 0)
(-1.4027e-13 0 0)
(-1.71759e-13 0 0)
(-1.67879e-13 0 0)
(-4.63548e-14 0 0)
(-1.47043e-13 0 0)
(-1.30196e-13 0 0)
(-6.51947e-14 0 0)
(-4.81685e-14 0 0)
(-4.4546e-15 0 0)
(9.62234e-14 0 0)
(1.22248e-13 0 0)
(1.61643e-13 0 0)
(1.47394e-13 0 0)
(1.12457e-13 0 0)
(9.42185e-14 0 0)
(2.08043e-13 0 0)
(1.88063e-11 0 0)
(8.94811e-09 0 0)
(3.13175e-06 0 0)
(0.000631621 0 0)
(0.0528602 0 0)
(1.28347 0 0)
(8.65236 0 0)
(23.8939 0 0)
(41.0502 0 0)
(56.5635 0 0)
(70.5545 0 0)
(83.7527 0 0)
(96.8389 0 0)
(109.555 0 0)
(123.064 0 0)
(135.176 0 0)
(149.588 0 0)
(161.076 0 0)
(174.195 0 0)
(187.931 0 0)
(198.308 0 0)
(211.532 0 0)
(224.303 0 0)
(239.821 0 0)
(249.293 0 0)
(258.821 0 0)
(272.646 0 0)
(286.743 0 0)
(291.275 0 0)
(280.152 0 0)
(277.454 0 0)
(282.772 0 0)
(288.11 0 0)
(286.36 0 0)
(277.739 0 0)
(277.443 0 0)
(283.314 0 0)
(288.29 0 0)
(287.137 0 0)
(282.639 0 0)
(278.628 0 0)
(279.174 0 0)
(280.458 0 0)
(282.636 0 0)
(284.511 0 0)
(281.226 0 0)
(277.074 0 0)
(277.246 0 0)
(277.972 0 0)
(280.672 0 0)
(285.04 0 0)
(285.455 0 0)
(282.717 0 0)
(279.426 0 0)
(282.323 0 0)
(288.42 0 0)
(266.629 0 0)
(111.155 0 0)
(2.32393 0 0)
(0.00233706 0 0)
(3.74262e-07 0 0)
(3.54104e-11 0 0)
(-6.63573e-14 0 0)
(-9.22191e-14 0 0)
(-1.92002e-13 0 0)
(-2.38467e-13 0 0)
(-2.27423e-13 0 0)
(-2.12803e-13 0 0)
(-3.03354e-13 0 0)
(-2.66564e-13 0 0)
(-3.59159e-13 0 0)
(-2.89511e-13 0 0)
(-3.44885e-13 0 0)
(-3.16368e-13 0 0)
(-2.68016e-13 0 0)
(-1.77493e-13 0 0)
(-7.0817e-14 0 0)
)
;

boundaryField
{
    sides
    {
        type            fixedValue;
        value           uniform (0 0 0);
    }
    empty
    {
        type            empty;
    }
}


// ************************************************************************* //
