/*--------------------------------*- C++ -*----------------------------------*\
| =========                 |                                                 |
| \\      /  F ield         | OpenFOAM: The Open Source CFD Toolbox           |
|  \\    /   O peration     | Version:  2412                                  |
|   \\  /    A nd           | Website:  www.openfoam.com                      |
|    \\/     M anipulation  |                                                 |
\*---------------------------------------------------------------------------*/
FoamFile
{
    version     2.0;
    format      ascii;
    arch        "LSB;label=32;scalar=64";
    class       volVectorField;
    location    "0.0157975";
    object      U;
}
// * * * * * * * * * * * * * * * * * * * * * * * * * * * * * * * * * * * * * //

dimensions      [0 1 -1 0 0 0 0];

internalField   nonuniform List<vector> 
100
(
(8.8555 0 0)
(26.8488 0 0)
(37.2924 0 0)
(44.05 0 0)
(49.26 0 0)
(54.2869 0 0)
(59.4425 0 0)
(64.695 0 0)
(69.9809 0 0)
(75.2772 0 0)
(80.5807 0 0)
(85.8907 0 0)
(91.2067 0 0)
(96.529 0 0)
(101.857 0 0)
(107.196 0 0)
(112.537 0 0)
(117.898 0 0)
(123.236 0 0)
(128.637 0 0)
(133.912 0 0)
(139.395 0 0)
(144.485 0 0)
(150.124 0 0)
(154.969 0 0)
(160.742 0 0)
(165.601 0 0)
(171.158 0 0)
(176.43 0 0)
(181.495 0 0)
(187.046 0 0)
(191.947 0 0)
(197.568 0 0)
(202.418 0 0)
(208.065 0 0)
(213.097 0 0)
(218.632 0 0)
(223.736 0 0)
(229.238 0 0)
(234.547 0 0)
(239.941 0 0)
(245.136 0 0)
(250.41 0 0)
(255.788 0 0)
(260.91 0 0)
(265.718 0 0)
(270.846 0 0)
(275.796 0 0)
(279.232 0 0)
(282.171 0 0)
(283.992 0 0)
(284.918 0 0)
(284.946 0 0)
(283.832 0 0)
(280.698 0 0)
(279.646 0 0)
(286.212 0 0)
(288.205 0 0)
(283.388 0 0)
(276.52 0 0)
(276.846 0 0)
(289.622 0 0)
(290.82 0 0)
(282.516 0 0)
(274.29 0 0)
(275.738 0 0)
(290.474 0 0)
(290.59 0 0)
(284.048 0 0)
(274.952 0 0)
(275.035 0 0)
(286.775 0 0)
(289.902 0 0)
(286.941 0 0)
(276.003 0 0)
(276.073 0 0)
(278.413 0 0)
(288.077 0 0)
(287.67 0 0)
(285.17 0 0)
(276.012 0 0)
(276.293 0 0)
(276.666 0 0)
(285.17 0 0)
(288.764 0 0)
(285.681 0 0)
(233.365 0 0)
(68.4458 0 0)
(7.05919 0 0)
(27.3719 0 0)
(22.2938 0 0)
(17.9008 0 0)
(14.2356 0 0)
(8.97109 0 0)
(4.6977 0 0)
(4.77153 0 0)
(2.20563 0 0)
(0.25639 0 0)
(0.681128 0 0)
(-3.65143 0 0)
)
;

boundaryField
{
    sides
    {
        type            fixedValue;
        value           uniform (0 0 0);
    }
    empty
    {
        type            empty;
    }
}


// ************************************************************************* //
