/*--------------------------------*- C++ -*----------------------------------*\
| =========                 |                                                 |
| \\      /  F ield         | OpenFOAM: The Open Source CFD Toolbox           |
|  \\    /   O peration     | Version:  2412                                  |
|   \\  /    A nd           | Website:  www.openfoam.com                      |
|    \\/     M anipulation  |                                                 |
\*---------------------------------------------------------------------------*/
FoamFile
{
    version     2.0;
    format      ascii;
    arch        "LSB;label=32;scalar=64";
    class       volVectorField;
    location    "0.0542025";
    object      U;
}
// * * * * * * * * * * * * * * * * * * * * * * * * * * * * * * * * * * * * * //

dimensions      [0 1 -1 0 0 0 0];

internalField   nonuniform List<vector> 
100
(
(5.25476 0 0)
(-10.2857 0 0)
(-13.9645 0 0)
(-15.2648 0 0)
(-8.55896 0 0)
(1.6813 0 0)
(11.5144 0 0)
(20.6609 0 0)
(19.4654 0 0)
(4.87885 0 0)
(-10.6957 0 0)
(-19.5627 0 0)
(-12.2122 0 0)
(0.584577 0 0)
(7.4954 0 0)
(9.02696 0 0)
(0.498817 0 0)
(-4.27006 0 0)
(-6.74902 0 0)
(-76.5067 0 0)
(-206.936 0 0)
(-231.424 0 0)
(-229.437 0 0)
(-221.221 0 0)
(-214.436 0 0)
(-211.993 0 0)
(-214.197 0 0)
(-235.872 0 0)
(-248.687 0 0)
(-248.336 0 0)
(-246.325 0 0)
(-243.916 0 0)
(-231.581 0 0)
(-199.959 0 0)
(-180.413 0 0)
(-175.476 0 0)
(-173.983 0 0)
(-173.609 0 0)
(-172.694 0 0)
(-171.23 0 0)
(-167.229 0 0)
(-162.167 0 0)
(-159.4 0 0)
(-158.458 0 0)
(-157.62 0 0)
(-157.283 0 0)
(-158.069 0 0)
(-159.074 0 0)
(-158.839 0 0)
(-157.914 0 0)
(-156.242 0 0)
(-151.571 0 0)
(-140.485 0 0)
(-130.919 0 0)
(-126.302 0 0)
(-124.191 0 0)
(-123.387 0 0)
(-122.656 0 0)
(-122.332 0 0)
(-122.368 0 0)
(-121.919 0 0)
(-120.572 0 0)
(-117.134 0 0)
(-110.812 0 0)
(-105.349 0 0)
(-101.766 0 0)
(-98.9408 0 0)
(-96.6949 0 0)
(-94.2104 0 0)
(-91.2929 0 0)
(-88.1234 0 0)
(-84.8553 0 0)
(-81.8587 0 0)
(-78.5842 0 0)
(-75.7462 0 0)
(-72.5806 0 0)
(-69.913 0 0)
(-67.0641 0 0)
(-64.395 0 0)
(-61.5401 0 0)
(-58.2653 0 0)
(-55.6837 0 0)
(-51.8281 0 0)
(-49.2573 0 0)
(-46.0584 0 0)
(-42.9597 0 0)
(-40.0491 0 0)
(-36.9122 0 0)
(-34.6516 0 0)
(-31.2751 0 0)
(-28.6008 0 0)
(-25.4314 0 0)
(-22.7869 0 0)
(-19.649 0 0)
(-16.5456 0 0)
(-13.2655 0 0)
(-9.91032 0 0)
(-7.00133 0 0)
(-3.66116 0 0)
(-1.3016 0 0)
)
;

boundaryField
{
    sides
    {
        type            fixedValue;
        value           uniform (0 0 0);
    }
    empty
    {
        type            empty;
    }
}


// ************************************************************************* //
