/*--------------------------------*- C++ -*----------------------------------*\
| =========                 |                                                 |
| \\      /  F ield         | OpenFOAM: The Open Source CFD Toolbox           |
|  \\    /   O peration     | Version:  2412                                  |
|   \\  /    A nd           | Website:  www.openfoam.com                      |
|    \\/     M anipulation  |                                                 |
\*---------------------------------------------------------------------------*/
FoamFile
{
    version     2.0;
    format      ascii;
    arch        "LSB;label=32;scalar=64";
    class       volVectorField;
    location    "0.0189467";
    object      U;
}
// * * * * * * * * * * * * * * * * * * * * * * * * * * * * * * * * * * * * * //

dimensions      [0 1 -1 0 0 0 0];

internalField   nonuniform List<vector> 
100
(
(4.05234 0 0)
(12.2402 0 0)
(20.3655 0 0)
(28.382 0 0)
(36.3272 0 0)
(44.1199 0 0)
(51.9968 0 0)
(60.2341 0 0)
(68.8943 0 0)
(78.3605 0 0)
(89.0863 0 0)
(100.928 0 0)
(112.875 0 0)
(123.986 0 0)
(133.398 0 0)
(140.979 0 0)
(145.236 0 0)
(148.463 0 0)
(151.279 0 0)
(155.2 0 0)
(159.243 0 0)
(164.409 0 0)
(168.841 0 0)
(173.501 0 0)
(177.921 0 0)
(182.145 0 0)
(186.762 0 0)
(190.891 0 0)
(195.612 0 0)
(199.697 0 0)
(204.405 0 0)
(208.608 0 0)
(213.268 0 0)
(217.541 0 0)
(222.136 0 0)
(226.543 0 0)
(231.098 0 0)
(235.517 0 0)
(239.992 0 0)
(244.446 0 0)
(248.934 0 0)
(253.395 0 0)
(257.758 0 0)
(261.894 0 0)
(266.333 0 0)
(270.652 0 0)
(274.341 0 0)
(277.997 0 0)
(281.594 0 0)
(283.548 0 0)
(284.318 0 0)
(284.072 0 0)
(283.001 0 0)
(282.797 0 0)
(284.195 0 0)
(284.697 0 0)
(281.181 0 0)
(279.541 0 0)
(284.679 0 0)
(288.051 0 0)
(285.199 0 0)
(277.287 0 0)
(275.882 0 0)
(289.105 0 0)
(291.526 0 0)
(283.952 0 0)
(273.384 0 0)
(273.162 0 0)
(290.474 0 0)
(291.557 0 0)
(284.595 0 0)
(273.348 0 0)
(272.691 0 0)
(288.029 0 0)
(291.943 0 0)
(287.422 0 0)
(273.944 0 0)
(274.041 0 0)
(279.901 0 0)
(290.125 0 0)
(148.49 0 0)
(31.7284 0 0)
(6.31395 0 0)
(27.3471 0 0)
(11.5282 0 0)
(9.6062 0 0)
(17.5932 0 0)
(12.7754 0 0)
(8.0839 0 0)
(18.7436 0 0)
(22.4183 0 0)
(20.5775 0 0)
(8.90718 0 0)
(2.96941 0 0)
(-0.149858 0 0)
(-3.11342 0 0)
(-5.43449 0 0)
(-6.76663 0 0)
(-5.01601 0 0)
(-4.57587 0 0)
)
;

boundaryField
{
    sides
    {
        type            fixedValue;
        value           uniform (0 0 0);
    }
    empty
    {
        type            empty;
    }
}


// ************************************************************************* //
