/*--------------------------------*- C++ -*----------------------------------*\
| =========                 |                                                 |
| \\      /  F ield         | OpenFOAM: The Open Source CFD Toolbox           |
|  \\    /   O peration     | Version:  2412                                  |
|   \\  /    A nd           | Website:  www.openfoam.com                      |
|    \\/     M anipulation  |                                                 |
\*---------------------------------------------------------------------------*/
FoamFile
{
    version     2.0;
    format      ascii;
    arch        "LSB;label=32;scalar=64";
    class       volVectorField;
    location    "0.0548183";
    object      U;
}
// * * * * * * * * * * * * * * * * * * * * * * * * * * * * * * * * * * * * * //

dimensions      [0 1 -1 0 0 0 0];

internalField   nonuniform List<vector> 
100
(
(-12.7964 0 0)
(-23.2608 0 0)
(-14.2569 0 0)
(6.56499 0 0)
(22.5352 0 0)
(26.5814 0 0)
(16.5691 0 0)
(-5.80915 0 0)
(-19.5969 0 0)
(-13.6251 0 0)
(-5.09663 0 0)
(2.12572 0 0)
(1.24558 0 0)
(-2.68784 0 0)
(-4.3407 0 0)
(3.57662 0 0)
(10.0615 0 0)
(8.23788 0 0)
(-3.05149 0 0)
(-14.6302 0 0)
(-36.6379 0 0)
(-156.729 0 0)
(-218.324 0 0)
(-225.771 0 0)
(-249.627 0 0)
(-256.058 0 0)
(-254.838 0 0)
(-252.728 0 0)
(-249.2 0 0)
(-231.2 0 0)
(-198.705 0 0)
(-184.333 0 0)
(-181.064 0 0)
(-180.261 0 0)
(-179.883 0 0)
(-179.267 0 0)
(-177.644 0 0)
(-173.982 0 0)
(-168.458 0 0)
(-165.533 0 0)
(-164.3 0 0)
(-163.49 0 0)
(-163.037 0 0)
(-163.977 0 0)
(-165.175 0 0)
(-165.156 0 0)
(-164.268 0 0)
(-163.041 0 0)
(-159.477 0 0)
(-149.186 0 0)
(-137.913 0 0)
(-132.484 0 0)
(-130.241 0 0)
(-129.444 0 0)
(-128.667 0 0)
(-128.257 0 0)
(-128.365 0 0)
(-128.23 0 0)
(-127.395 0 0)
(-124.94 0 0)
(-119.584 0 0)
(-112.994 0 0)
(-108.75 0 0)
(-105.853 0 0)
(-103.566 0 0)
(-101.349 0 0)
(-98.6839 0 0)
(-95.6453 0 0)
(-92.4264 0 0)
(-89.313 0 0)
(-86.3115 0 0)
(-83.2424 0 0)
(-80.3278 0 0)
(-77.248 0 0)
(-74.725 0 0)
(-72.0086 0 0)
(-69.64 0 0)
(-66.6728 0 0)
(-63.3929 0 0)
(-59.9705 0 0)
(-56.7434 0 0)
(-54.2333 0 0)
(-50.7469 0 0)
(-48.5013 0 0)
(-45.5644 0 0)
(-42.7915 0 0)
(-39.9988 0 0)
(-36.8727 0 0)
(-34.4606 0 0)
(-31.1684 0 0)
(-28.4496 0 0)
(-24.836 0 0)
(-21.7086 0 0)
(-18.3047 0 0)
(-15.5199 0 0)
(-12.9481 0 0)
(-10.3594 0 0)
(-8.00859 0 0)
(-4.84946 0 0)
(-1.74825 0 0)
)
;

boundaryField
{
    sides
    {
        type            fixedValue;
        value           uniform (0 0 0);
    }
    empty
    {
        type            empty;
    }
}


// ************************************************************************* //
