/*--------------------------------*- C++ -*----------------------------------*\
| =========                 |                                                 |
| \\      /  F ield         | OpenFOAM: The Open Source CFD Toolbox           |
|  \\    /   O peration     | Version:  2412                                  |
|   \\  /    A nd           | Website:  www.openfoam.com                      |
|    \\/     M anipulation  |                                                 |
\*---------------------------------------------------------------------------*/
FoamFile
{
    version     2.0;
    format      ascii;
    arch        "LSB;label=32;scalar=64";
    class       volVectorField;
    location    "0.00243978";
    object      U;
}
// * * * * * * * * * * * * * * * * * * * * * * * * * * * * * * * * * * * * * //

dimensions      [0 1 -1 0 0 0 0];

internalField   nonuniform List<vector> 
100
(
(-6.59715e-15 0 0)
(-1.54661e-15 0 0)
(2.00371e-14 0 0)
(3.6418e-14 0 0)
(4.83261e-14 0 0)
(2.52926e-14 0 0)
(1.40227e-14 0 0)
(-3.48079e-14 0 0)
(-3.75036e-15 0 0)
(2.52167e-14 0 0)
(4.52216e-17 0 0)
(-4.96807e-14 0 0)
(-1.64252e-14 0 0)
(-1.05152e-15 0 0)
(4.01054e-14 0 0)
(8.2554e-14 0 0)
(-2.60151e-14 0 0)
(-3.15426e-14 0 0)
(-2.44639e-14 0 0)
(1.75647e-14 0 0)
(-3.96933e-14 0 0)
(-8.85809e-14 0 0)
(-2.38219e-14 0 0)
(7.0918e-14 0 0)
(1.24118e-13 0 0)
(9.25902e-14 0 0)
(1.27226e-13 0 0)
(8.68937e-14 0 0)
(3.96561e-14 0 0)
(2.95001e-14 0 0)
(9.42577e-14 0 0)
(9.63248e-14 0 0)
(7.92152e-14 0 0)
(4.1534e-14 0 0)
(-4.67636e-15 0 0)
(4.1126e-12 0 0)
(3.12526e-09 0 0)
(1.54271e-06 0 0)
(0.00041945 0 0)
(0.0465759 0 0)
(1.48324 0 0)
(12.1653 0 0)
(37.6284 0 0)
(70.0125 0 0)
(99.5874 0 0)
(134.063 0 0)
(160.147 0 0)
(189.458 0 0)
(228.416 0 0)
(244.455 0 0)
(271.728 0 0)
(293.651 0 0)
(291.949 0 0)
(279.375 0 0)
(275.593 0 0)
(274.885 0 0)
(273.354 0 0)
(279.453 0 0)
(286.619 0 0)
(300.99 0 0)
(296.913 0 0)
(199.5 0 0)
(16.199 0 0)
(0.0445389 0 0)
(1.24763e-05 0 0)
(1.0017e-09 0 0)
(1.94665e-14 0 0)
(-1.45277e-16 0 0)
(3.46812e-14 0 0)
(1.04532e-13 0 0)
(5.48623e-14 0 0)
(-4.34792e-14 0 0)
(-1.26129e-13 0 0)
(-1.91022e-14 0 0)
(9.81212e-14 0 0)
(5.57159e-14 0 0)
(-6.9746e-14 0 0)
(-4.18694e-14 0 0)
(-2.01386e-14 0 0)
(4.75095e-14 0 0)
(5.64251e-14 0 0)
(-1.08521e-13 0 0)
(-5.07981e-14 0 0)
(6.53663e-15 0 0)
(6.84941e-14 0 0)
(4.91902e-14 0 0)
(-1.50224e-13 0 0)
(-1.14211e-13 0 0)
(-2.06198e-14 0 0)
(-1.08138e-13 0 0)
(-2.60397e-13 0 0)
(-2.30026e-13 0 0)
(6.4414e-14 0 0)
(1.88569e-13 0 0)
(1.90371e-14 0 0)
(-1.04293e-13 0 0)
(-9.0203e-14 0 0)
(5.64678e-14 0 0)
(2.0885e-14 0 0)
(-8.54173e-14 0 0)
)
;

boundaryField
{
    sides
    {
        type            fixedValue;
        value           uniform (0 0 0);
    }
    empty
    {
        type            empty;
    }
}


// ************************************************************************* //
