/*--------------------------------*- C++ -*----------------------------------*\
| =========                 |                                                 |
| \\      /  F ield         | OpenFOAM: The Open Source CFD Toolbox           |
|  \\    /   O peration     | Version:  2412                                  |
|   \\  /    A nd           | Website:  www.openfoam.com                      |
|    \\/     M anipulation  |                                                 |
\*---------------------------------------------------------------------------*/
FoamFile
{
    version     2.0;
    format      ascii;
    arch        "LSB;label=32;scalar=64";
    class       volVectorField;
    location    "0.0123121";
    object      U;
}
// * * * * * * * * * * * * * * * * * * * * * * * * * * * * * * * * * * * * * //

dimensions      [0 1 -1 0 0 0 0];

internalField   nonuniform List<vector> 
100
(
(-1.99108e-14 0 0)
(-2.65894e-14 0 0)
(1.02968e-13 0 0)
(2.6554e-13 0 0)
(5.89767e-11 0 0)
(2.67764e-08 0 0)
(8.48879e-06 0 0)
(0.00144991 0 0)
(0.0948048 0 0)
(1.69348 0 0)
(8.85262 0 0)
(20.7334 0 0)
(32.1523 0 0)
(41.3591 0 0)
(49.0504 0 0)
(56.0565 0 0)
(62.8294 0 0)
(69.5524 0 0)
(76.2803 0 0)
(83.0228 0 0)
(89.7774 0 0)
(96.5472 0 0)
(103.323 0 0)
(110.132 0 0)
(116.911 0 0)
(123.795 0 0)
(130.481 0 0)
(137.522 0 0)
(143.911 0 0)
(151.216 0 0)
(157.293 0 0)
(164.631 0 0)
(171.001 0 0)
(177.615 0 0)
(184.697 0 0)
(190.793 0 0)
(197.914 0 0)
(204.151 0 0)
(211.392 0 0)
(217.658 0 0)
(224.678 0 0)
(231.31 0 0)
(238.331 0 0)
(244.89 0 0)
(251.683 0 0)
(258.481 0 0)
(264.111 0 0)
(270.202 0 0)
(276.969 0 0)
(282.222 0 0)
(284.782 0 0)
(282.69 0 0)
(280.4 0 0)
(284.897 0 0)
(287.36 0 0)
(284.649 0 0)
(277.528 0 0)
(276.366 0 0)
(287.986 0 0)
(289.861 0 0)
(284.505 0 0)
(276.279 0 0)
(276.18 0 0)
(287.852 0 0)
(289.522 0 0)
(285.35 0 0)
(276.81 0 0)
(276.619 0 0)
(283.055 0 0)
(288.58 0 0)
(287.736 0 0)
(280.17 0 0)
(277.104 0 0)
(278.68 0 0)
(284.074 0 0)
(288.655 0 0)
(285.061 0 0)
(283.917 0 0)
(278.961 0 0)
(277.715 0 0)
(278.823 0 0)
(280.466 0 0)
(282.819 0 0)
(283.615 0 0)
(280.129 0 0)
(279.819 0 0)
(281.475 0 0)
(283.532 0 0)
(284.383 0 0)
(283.528 0 0)
(279.357 0 0)
(278.298 0 0)
(277.527 0 0)
(280.823 0 0)
(256.961 0 0)
(68.4872 0 0)
(-30.8785 0 0)
(-15.8356 0 0)
(0.287324 0 0)
(-32.349 0 0)
)
;

boundaryField
{
    sides
    {
        type            fixedValue;
        value           uniform (0 0 0);
    }
    empty
    {
        type            empty;
    }
}


// ************************************************************************* //
