/*--------------------------------*- C++ -*----------------------------------*\
| =========                 |                                                 |
| \\      /  F ield         | OpenFOAM: The Open Source CFD Toolbox           |
|  \\    /   O peration     | Version:  2412                                  |
|   \\  /    A nd           | Website:  www.openfoam.com                      |
|    \\/     M anipulation  |                                                 |
\*---------------------------------------------------------------------------*/
FoamFile
{
    version     2.0;
    format      ascii;
    arch        "LSB;label=32;scalar=64";
    class       volVectorField;
    location    "0.028255";
    object      U;
}
// * * * * * * * * * * * * * * * * * * * * * * * * * * * * * * * * * * * * * //

dimensions      [0 1 -1 0 0 0 0];

internalField   nonuniform List<vector> 
100
(
(2.47485 0 0)
(7.47064 0 0)
(12.412 0 0)
(17.3821 0 0)
(22.2897 0 0)
(27.2507 0 0)
(32.0901 0 0)
(37.1484 0 0)
(41.9224 0 0)
(47.1612 0 0)
(51.8018 0 0)
(57.0905 0 0)
(61.698 0 0)
(66.9231 0 0)
(71.7701 0 0)
(76.7687 0 0)
(81.8567 0 0)
(86.6327 0 0)
(91.867 0 0)
(96.5657 0 0)
(101.841 0 0)
(106.579 0 0)
(111.804 0 0)
(116.612 0 0)
(121.771 0 0)
(126.656 0 0)
(131.748 0 0)
(136.685 0 0)
(141.733 0 0)
(146.693 0 0)
(151.718 0 0)
(156.707 0 0)
(161.726 0 0)
(166.729 0 0)
(171.735 0 0)
(176.705 0 0)
(181.63 0 0)
(186.54 0 0)
(191.435 0 0)
(196.277 0 0)
(201.174 0 0)
(206.217 0 0)
(211.264 0 0)
(216.111 0 0)
(220.991 0 0)
(225.745 0 0)
(229.682 0 0)
(232.857 0 0)
(235.54 0 0)
(237.652 0 0)
(238.388 0 0)
(238.4 0 0)
(240.236 0 0)
(246.179 0 0)
(252.232 0 0)
(253.079 0 0)
(253.453 0 0)
(254.06 0 0)
(252.657 0 0)
(254.92 0 0)
(269.265 0 0)
(131.151 0 0)
(13.9429 0 0)
(10.862 0 0)
(8.19869 0 0)
(-3.32484 0 0)
(-8.82291 0 0)
(-10.7959 0 0)
(-1.74185 0 0)
(-4.55899 0 0)
(5.04078 0 0)
(3.74322 0 0)
(3.38072 0 0)
(5.22606 0 0)
(-1.56691 0 0)
(1.58928 0 0)
(-3.41664 0 0)
(-0.541261 0 0)
(2.47779 0 0)
(3.61338 0 0)
(7.44792 0 0)
(1.94915 0 0)
(-4.88246 0 0)
(-8.90896 0 0)
(-8.50386 0 0)
(-2.67226 0 0)
(4.625 0 0)
(8.81322 0 0)
(7.95231 0 0)
(2.3297 0 0)
(-2.81403 0 0)
(-5.35246 0 0)
(-5.06163 0 0)
(-2.11251 0 0)
(1.61853 0 0)
(1.91292 0 0)
(-0.179638 0 0)
(-3.55292 0 0)
(-4.36024 0 0)
(-2.63011 0 0)
)
;

boundaryField
{
    sides
    {
        type            fixedValue;
        value           uniform (0 0 0);
    }
    empty
    {
        type            empty;
    }
}


// ************************************************************************* //
