/*--------------------------------*- C++ -*----------------------------------*\
| =========                 |                                                 |
| \\      /  F ield         | OpenFOAM: The Open Source CFD Toolbox           |
|  \\    /   O peration     | Version:  2412                                  |
|   \\  /    A nd           | Website:  www.openfoam.com                      |
|    \\/     M anipulation  |                                                 |
\*---------------------------------------------------------------------------*/
FoamFile
{
    version     2.0;
    format      ascii;
    arch        "LSB;label=32;scalar=64";
    class       volVectorField;
    location    "0.024139";
    object      U;
}
// * * * * * * * * * * * * * * * * * * * * * * * * * * * * * * * * * * * * * //

dimensions      [0 1 -1 0 0 0 0];

internalField   nonuniform List<vector> 
100
(
(3.01697 0 0)
(9.10115 0 0)
(15.1382 0 0)
(21.1924 0 0)
(27.2344 0 0)
(33.2557 0 0)
(39.2579 0 0)
(45.2715 0 0)
(51.2319 0 0)
(57.3233 0 0)
(63.2215 0 0)
(69.4372 0 0)
(75.1869 0 0)
(81.5203 0 0)
(87.1841 0 0)
(93.4965 0 0)
(99.236 0 0)
(105.382 0 0)
(111.415 0 0)
(117.27 0 0)
(123.456 0 0)
(129.249 0 0)
(135.623 0 0)
(141.419 0 0)
(147.751 0 0)
(153.448 0 0)
(159.413 0 0)
(164.927 0 0)
(170.643 0 0)
(176.257 0 0)
(182.162 0 0)
(188.365 0 0)
(195.142 0 0)
(202.051 0 0)
(208.581 0 0)
(214.452 0 0)
(221.311 0 0)
(233.166 0 0)
(251.353 0 0)
(260.999 0 0)
(264.579 0 0)
(267.896 0 0)
(271.196 0 0)
(273.521 0 0)
(273.608 0 0)
(274.257 0 0)
(277.318 0 0)
(279.312 0 0)
(281.051 0 0)
(283.131 0 0)
(284.415 0 0)
(283.869 0 0)
(283.465 0 0)
(283.384 0 0)
(282.812 0 0)
(282.424 0 0)
(283.697 0 0)
(284.495 0 0)
(282.402 0 0)
(281.035 0 0)
(283.86 0 0)
(286.97 0 0)
(284.943 0 0)
(278.535 0 0)
(277.909 0 0)
(288.649 0 0)
(291.041 0 0)
(279.604 0 0)
(268.538 0 0)
(215.963 0 0)
(42.0186 0 0)
(3.75181 0 0)
(16.0782 0 0)
(24.299 0 0)
(10.2461 0 0)
(19.4104 0 0)
(5.95395 0 0)
(1.12488 0 0)
(-4.50234 0 0)
(-10.9524 0 0)
(-3.90676 0 0)
(-6.93319 0 0)
(-9.19672 0 0)
(-4.06489 0 0)
(-1.14564 0 0)
(7.5576 0 0)
(13.0379 0 0)
(11.9854 0 0)
(2.76654 0 0)
(-8.18845 0 0)
(-10.7158 0 0)
(-4.5067 0 0)
(3.56758 0 0)
(8.8694 0 0)
(8.28687 0 0)
(3.12776 0 0)
(-6.25067 0 0)
(-11.8892 0 0)
(-9.82404 0 0)
(-5.059 0 0)
)
;

boundaryField
{
    sides
    {
        type            fixedValue;
        value           uniform (0 0 0);
    }
    empty
    {
        type            empty;
    }
}


// ************************************************************************* //
