/*--------------------------------*- C++ -*----------------------------------*\
| =========                 |                                                 |
| \\      /  F ield         | OpenFOAM: The Open Source CFD Toolbox           |
|  \\    /   O peration     | Version:  2412                                  |
|   \\  /    A nd           | Website:  www.openfoam.com                      |
|    \\/     M anipulation  |                                                 |
\*---------------------------------------------------------------------------*/
FoamFile
{
    version     2.0;
    format      ascii;
    arch        "LSB;label=32;scalar=64";
    class       volVectorField;
    location    "0.0202237";
    object      U;
}
// * * * * * * * * * * * * * * * * * * * * * * * * * * * * * * * * * * * * * //

dimensions      [0 1 -1 0 0 0 0];

internalField   nonuniform List<vector> 
100
(
(3.72648 0 0)
(11.3099 0 0)
(18.7739 0 0)
(26.1979 0 0)
(33.7275 0 0)
(41.246 0 0)
(48.8167 0 0)
(56.3334 0 0)
(63.7564 0 0)
(71.034 0 0)
(78.1986 0 0)
(85.4562 0 0)
(92.8696 0 0)
(100.789 0 0)
(108.969 0 0)
(118.235 0 0)
(128.109 0 0)
(139.333 0 0)
(150.11 0 0)
(161.765 0 0)
(171.093 0 0)
(177.243 0 0)
(180.269 0 0)
(182.692 0 0)
(185.517 0 0)
(188.282 0 0)
(192.046 0 0)
(196.395 0 0)
(201.667 0 0)
(205.858 0 0)
(210.158 0 0)
(214.005 0 0)
(218.259 0 0)
(222.369 0 0)
(226.673 0 0)
(230.824 0 0)
(235.057 0 0)
(239.25 0 0)
(243.466 0 0)
(247.634 0 0)
(251.795 0 0)
(255.877 0 0)
(259.988 0 0)
(264.188 0 0)
(268.162 0 0)
(271.567 0 0)
(275.717 0 0)
(279.323 0 0)
(281.744 0 0)
(283.552 0 0)
(284.374 0 0)
(283.93 0 0)
(283.435 0 0)
(283.562 0 0)
(282.656 0 0)
(281.77 0 0)
(283.445 0 0)
(285.793 0 0)
(284.818 0 0)
(279.551 0 0)
(278.114 0 0)
(287.347 0 0)
(289.926 0 0)
(283.497 0 0)
(274.93 0 0)
(275.59 0 0)
(291.045 0 0)
(291.739 0 0)
(281.066 0 0)
(271.67 0 0)
(273.564 0 0)
(292.317 0 0)
(291.676 0 0)
(282.963 0 0)
(271.994 0 0)
(272.23 0 0)
(289.726 0 0)
(230.008 0 0)
(58.2851 0 0)
(4.7034 0 0)
(27.6421 0 0)
(19.0454 0 0)
(5.82594 0 0)
(13.1015 0 0)
(6.97192 0 0)
(12.2793 0 0)
(21.3556 0 0)
(23.0683 0 0)
(14.3546 0 0)
(11.1982 0 0)
(-0.818397 0 0)
(-11.8368 0 0)
(-13.095 0 0)
(-9.58306 0 0)
(-1.64459 0 0)
(2.14678 0 0)
(-2.05684 0 0)
(-9.48788 0 0)
(-8.45821 0 0)
(-5.85718 0 0)
)
;

boundaryField
{
    sides
    {
        type            fixedValue;
        value           uniform (0 0 0);
    }
    empty
    {
        type            empty;
    }
}


// ************************************************************************* //
