/*--------------------------------*- C++ -*----------------------------------*\
| =========                 |                                                 |
| \\      /  F ield         | OpenFOAM: The Open Source CFD Toolbox           |
|  \\    /   O peration     | Version:  2412                                  |
|   \\  /    A nd           | Website:  www.openfoam.com                      |
|    \\/     M anipulation  |                                                 |
\*---------------------------------------------------------------------------*/
FoamFile
{
    version     2.0;
    format      ascii;
    arch        "LSB;label=32;scalar=64";
    class       volVectorField;
    location    "0.0463741";
    object      U;
}
// * * * * * * * * * * * * * * * * * * * * * * * * * * * * * * * * * * * * * //

dimensions      [0 1 -1 0 0 0 0];

internalField   nonuniform List<vector> 
100
(
(-160.559 0 0)
(-213.021 0 0)
(-262.707 0 0)
(-261.87 0 0)
(-260.53 0 0)
(-257.203 0 0)
(-243.487 0 0)
(-224.098 0 0)
(-217.919 0 0)
(-215.671 0 0)
(-214.623 0 0)
(-217.824 0 0)
(-230.877 0 0)
(-235.416 0 0)
(-234.166 0 0)
(-232.171 0 0)
(-226.203 0 0)
(-217.343 0 0)
(-213.321 0 0)
(-212.055 0 0)
(-212.863 0 0)
(-216.154 0 0)
(-215.899 0 0)
(-214.098 0 0)
(-208.065 0 0)
(-199.051 0 0)
(-194.966 0 0)
(-193.666 0 0)
(-196.321 0 0)
(-200.33 0 0)
(-199.813 0 0)
(-197.302 0 0)
(-189.581 0 0)
(-180.5 0 0)
(-177.009 0 0)
(-176.32 0 0)
(-183.002 0 0)
(-191.95 0 0)
(-192.669 0 0)
(-190.534 0 0)
(-183.52 0 0)
(-167.89 0 0)
(-158.227 0 0)
(-154.798 0 0)
(-153.86 0 0)
(-155.83 0 0)
(-162.759 0 0)
(-165.976 0 0)
(-165.302 0 0)
(-163.431 0 0)
(-159.678 0 0)
(-155.751 0 0)
(-153.412 0 0)
(-151.386 0 0)
(-147.723 0 0)
(-143.288 0 0)
(-140.61 0 0)
(-139.728 0 0)
(-140.149 0 0)
(-140.782 0 0)
(-139.817 0 0)
(-136.545 0 0)
(-130.523 0 0)
(-125.982 0 0)
(-124.462 0 0)
(-128.678 0 0)
(-141.73 0 0)
(-147.353 0 0)
(-147.016 0 0)
(-143.422 0 0)
(-134.921 0 0)
(-115.085 0 0)
(-98.8984 0 0)
(-89.4718 0 0)
(-84.5575 0 0)
(-81.5427 0 0)
(-77.341 0 0)
(-75.0439 0 0)
(-72.3853 0 0)
(-72.3265 0 0)
(-70.6862 0 0)
(-69.3401 0 0)
(-68.3375 0 0)
(-63.9873 0 0)
(-58.9698 0 0)
(-52.4408 0 0)
(-47.8629 0 0)
(-43.5471 0 0)
(-40.344 0 0)
(-36.8876 0 0)
(-34.7939 0 0)
(-32.4785 0 0)
(-30.1622 0 0)
(-26.3843 0 0)
(-22.1757 0 0)
(-17.987 0 0)
(-13.5934 0 0)
(-9.87922 0 0)
(-5.64879 0 0)
(-2.03539 0 0)
)
;

boundaryField
{
    sides
    {
        type            fixedValue;
        value           uniform (0 0 0);
    }
    empty
    {
        type            empty;
    }
}


// ************************************************************************* //
