/*--------------------------------*- C++ -*----------------------------------*\
| =========                 |                                                 |
| \\      /  F ield         | OpenFOAM: The Open Source CFD Toolbox           |
|  \\    /   O peration     | Version:  2412                                  |
|   \\  /    A nd           | Website:  www.openfoam.com                      |
|    \\/     M anipulation  |                                                 |
\*---------------------------------------------------------------------------*/
FoamFile
{
    version     2.0;
    format      ascii;
    arch        "LSB;label=32;scalar=64";
    class       volVectorField;
    location    "0.0362287";
    object      U;
}
// * * * * * * * * * * * * * * * * * * * * * * * * * * * * * * * * * * * * * //

dimensions      [0 1 -1 0 0 0 0];

internalField   nonuniform List<vector> 
100
(
(1.80499 0 0)
(5.5995 0 0)
(9.18863 0 0)
(13.0258 0 0)
(16.512 0 0)
(20.4631 0 0)
(23.834 0 0)
(27.8785 0 0)
(31.1967 0 0)
(35.1999 0 0)
(38.6733 0 0)
(42.454 0 0)
(46.2178 0 0)
(49.7691 0 0)
(53.7197 0 0)
(57.1168 0 0)
(61.1087 0 0)
(64.5026 0 0)
(68.4588 0 0)
(71.9295 0 0)
(75.8038 0 0)
(79.3533 0 0)
(83.1471 0 0)
(86.7575 0 0)
(90.5003 0 0)
(94.1455 0 0)
(97.8528 0 0)
(101.515 0 0)
(105.207 0 0)
(108.875 0 0)
(112.555 0 0)
(116.177 0 0)
(119.781 0 0)
(123.294 0 0)
(126.78 0 0)
(130.486 0 0)
(134.233 0 0)
(117.518 0 0)
(-63.3917 0 0)
(-143.198 0 0)
(-141.184 0 0)
(-128.137 0 0)
(-124.92 0 0)
(-129.429 0 0)
(-131.304 0 0)
(-130.175 0 0)
(-126.336 0 0)
(-119.046 0 0)
(-113.051 0 0)
(-111.044 0 0)
(-110.612 0 0)
(-111.025 0 0)
(-111.743 0 0)
(-111.634 0 0)
(-110.261 0 0)
(-105.764 0 0)
(-96.3943 0 0)
(-88.1644 0 0)
(-83.8417 0 0)
(-83.6268 0 0)
(-84.215 0 0)
(-84.2346 0 0)
(-84.0853 0 0)
(-81.0617 0 0)
(-80.2646 0 0)
(-75.1601 0 0)
(-72.2508 0 0)
(-69.5933 0 0)
(-67.4626 0 0)
(-67.6245 0 0)
(-61.2597 0 0)
(-58.508 0 0)
(-51.7464 0 0)
(-50.7587 0 0)
(-50.6685 0 0)
(-49.5381 0 0)
(-49.6669 0 0)
(-43.9217 0 0)
(-39.276 0 0)
(-34.6961 0 0)
(-34.0349 0 0)
(-36.5119 0 0)
(-37.9522 0 0)
(-36.9991 0 0)
(-30.7841 0 0)
(-23.2076 0 0)
(-17.1492 0 0)
(-7.74165 0 0)
(4.61145 0 0)
(6.43519 0 0)
(8.13703 0 0)
(9.87732 0 0)
(7.10952 0 0)
(0.590019 0 0)
(-3.32493 0 0)
(-2.91954 0 0)
(-0.897026 0 0)
(0.91019 0 0)
(2.14622 0 0)
(0.506471 0 0)
)
;

boundaryField
{
    sides
    {
        type            fixedValue;
        value           uniform (0 0 0);
    }
    empty
    {
        type            empty;
    }
}


// ************************************************************************* //
