/*--------------------------------*- C++ -*----------------------------------*\
| =========                 |                                                 |
| \\      /  F ield         | OpenFOAM: The Open Source CFD Toolbox           |
|  \\    /   O peration     | Version:  2412                                  |
|   \\  /    A nd           | Website:  www.openfoam.com                      |
|    \\/     M anipulation  |                                                 |
\*---------------------------------------------------------------------------*/
FoamFile
{
    version     2.0;
    format      ascii;
    arch        "LSB;label=32;scalar=64";
    class       volVectorField;
    location    "0.0382578";
    object      U;
}
// * * * * * * * * * * * * * * * * * * * * * * * * * * * * * * * * * * * * * //

dimensions      [0 1 -1 0 0 0 0];

internalField   nonuniform List<vector> 
100
(
(1.71341 0 0)
(5.15791 0 0)
(8.5316 0 0)
(11.8749 0 0)
(15.1915 0 0)
(18.5866 0 0)
(21.8654 0 0)
(25.5626 0 0)
(29.0453 0 0)
(32.7654 0 0)
(36.3536 0 0)
(39.9247 0 0)
(43.6319 0 0)
(47.0702 0 0)
(50.7592 0 0)
(54.1297 0 0)
(57.6515 0 0)
(61.047 0 0)
(64.4894 0 0)
(67.8549 0 0)
(71.2147 0 0)
(74.5526 0 0)
(77.9396 0 0)
(81.3617 0 0)
(84.8029 0 0)
(88.2418 0 0)
(91.6603 0 0)
(95.0695 0 0)
(98.7972 0 0)
(102.364 0 0)
(76.1366 0 0)
(-103.862 0 0)
(-168.492 0 0)
(-167.158 0 0)
(-161.504 0 0)
(-161.951 0 0)
(-162.369 0 0)
(-157.939 0 0)
(-148.417 0 0)
(-142.936 0 0)
(-141.177 0 0)
(-141.247 0 0)
(-144.211 0 0)
(-146.855 0 0)
(-146.638 0 0)
(-145.062 0 0)
(-140.803 0 0)
(-130.088 0 0)
(-119.615 0 0)
(-115.275 0 0)
(-114.53 0 0)
(-116.056 0 0)
(-117.976 0 0)
(-117.895 0 0)
(-116.859 0 0)
(-115.323 0 0)
(-111.045 0 0)
(-105.975 0 0)
(-102.75 0 0)
(-102.196 0 0)
(-101.397 0 0)
(-99.9656 0 0)
(-95.9329 0 0)
(-89.6165 0 0)
(-85.8686 0 0)
(-83.5248 0 0)
(-85.2628 0 0)
(-84.4556 0 0)
(-81.43 0 0)
(-77.096 0 0)
(-70.0844 0 0)
(-68.8669 0 0)
(-66.6267 0 0)
(-71.7325 0 0)
(-73.0749 0 0)
(-69.9571 0 0)
(-65.2124 0 0)
(-54.4966 0 0)
(-48.8804 0 0)
(-44.2141 0 0)
(-45.4549 0 0)
(-47.1698 0 0)
(-48.2965 0 0)
(-47.5966 0 0)
(-44.7054 0 0)
(-41.2276 0 0)
(-37.1954 0 0)
(-34.684 0 0)
(-32.7843 0 0)
(-31.1911 0 0)
(-29.652 0 0)
(-28.4249 0 0)
(-28.4124 0 0)
(-22.2652 0 0)
(-15.2943 0 0)
(-3.43924 0 0)
(9.93911 0 0)
(16.2814 0 0)
(15.8162 0 0)
(7.9817 0 0)
)
;

boundaryField
{
    sides
    {
        type            fixedValue;
        value           uniform (0 0 0);
    }
    empty
    {
        type            empty;
    }
}


// ************************************************************************* //
