/*--------------------------------*- C++ -*----------------------------------*\
| =========                 |                                                 |
| \\      /  F ield         | OpenFOAM: The Open Source CFD Toolbox           |
|  \\    /   O peration     | Version:  2412                                  |
|   \\  /    A nd           | Website:  www.openfoam.com                      |
|    \\/     M anipulation  |                                                 |
\*---------------------------------------------------------------------------*/
FoamFile
{
    version     2.0;
    format      ascii;
    arch        "LSB;label=32;scalar=64";
    class       volVectorField;
    location    "0.0502948";
    object      U;
}
// * * * * * * * * * * * * * * * * * * * * * * * * * * * * * * * * * * * * * //

dimensions      [0 1 -1 0 0 0 0];

internalField   nonuniform List<vector> 
100
(
(18.0661 0 0)
(16.6363 0 0)
(8.01908 0 0)
(-8.50879 0 0)
(-23.8049 0 0)
(-22.7969 0 0)
(-15.9863 0 0)
(-1.63707 0 0)
(17.5909 0 0)
(-1.36154 0 0)
(-99.6041 0 0)
(-232.442 0 0)
(-230.325 0 0)
(-221.75 0 0)
(-219.851 0 0)
(-220.145 0 0)
(-232.795 0 0)
(-242.134 0 0)
(-241.781 0 0)
(-239.738 0 0)
(-231.946 0 0)
(-211.655 0 0)
(-200.651 0 0)
(-197.86 0 0)
(-196.668 0 0)
(-196.891 0 0)
(-204.794 0 0)
(-214.364 0 0)
(-214.905 0 0)
(-213.321 0 0)
(-209.629 0 0)
(-204.577 0 0)
(-200.988 0 0)
(-198.988 0 0)
(-196.224 0 0)
(-191.629 0 0)
(-187.507 0 0)
(-185.672 0 0)
(-184.775 0 0)
(-186.409 0 0)
(-188.385 0 0)
(-187.766 0 0)
(-185.584 0 0)
(-179.562 0 0)
(-173.059 0 0)
(-170.382 0 0)
(-171.232 0 0)
(-186.205 0 0)
(-199.214 0 0)
(-199.952 0 0)
(-198.33 0 0)
(-194.75 0 0)
(-180.421 0 0)
(-155.522 0 0)
(-140.968 0 0)
(-135.36 0 0)
(-132.327 0 0)
(-129.985 0 0)
(-126.908 0 0)
(-123.299 0 0)
(-120.173 0 0)
(-118.763 0 0)
(-117.954 0 0)
(-117.396 0 0)
(-117.177 0 0)
(-116.893 0 0)
(-116.017 0 0)
(-113.459 0 0)
(-108.037 0 0)
(-100.214 0 0)
(-93.9626 0 0)
(-88.9405 0 0)
(-85.7402 0 0)
(-83.2331 0 0)
(-82.2529 0 0)
(-81.2395 0 0)
(-80.2516 0 0)
(-78.1202 0 0)
(-74.3594 0 0)
(-69.8839 0 0)
(-64.2556 0 0)
(-61.4377 0 0)
(-57.7553 0 0)
(-54.8374 0 0)
(-51.5433 0 0)
(-48.0227 0 0)
(-45.044 0 0)
(-40.6072 0 0)
(-37.8554 0 0)
(-34.6875 0 0)
(-31.7525 0 0)
(-27.7385 0 0)
(-24.512 0 0)
(-21.0812 0 0)
(-17.9049 0 0)
(-14.7829 0 0)
(-11.2124 0 0)
(-8.11139 0 0)
(-4.51431 0 0)
(-1.86073 0 0)
)
;

boundaryField
{
    sides
    {
        type            fixedValue;
        value           uniform (0 0 0);
    }
    empty
    {
        type            empty;
    }
}


// ************************************************************************* //
