/*--------------------------------*- C++ -*----------------------------------*\
| =========                 |                                                 |
| \\      /  F ield         | OpenFOAM: The Open Source CFD Toolbox           |
|  \\    /   O peration     | Version:  2412                                  |
|   \\  /    A nd           | Website:  www.openfoam.com                      |
|    \\/     M anipulation  |                                                 |
\*---------------------------------------------------------------------------*/
FoamFile
{
    version     2.0;
    format      ascii;
    arch        "LSB;label=32;scalar=64";
    class       volVectorField;
    location    "0.0275995";
    object      U;
}
// * * * * * * * * * * * * * * * * * * * * * * * * * * * * * * * * * * * * * //

dimensions      [0 1 -1 0 0 0 0];

internalField   nonuniform List<vector> 
100
(
(2.53331 0 0)
(7.6572 0 0)
(12.7323 0 0)
(17.8287 0 0)
(22.8981 0 0)
(28.0235 0 0)
(33.0593 0 0)
(38.2568 0 0)
(43.2035 0 0)
(48.5488 0 0)
(53.3588 0 0)
(58.804 0 0)
(63.5467 0 0)
(68.936 0 0)
(73.8684 0 0)
(79.061 0 0)
(84.2505 0 0)
(89.1983 0 0)
(94.5439 0 0)
(99.3783 0 0)
(104.787 0 0)
(109.654 0 0)
(115.032 0 0)
(119.961 0 0)
(125.275 0 0)
(130.292 0 0)
(135.53 0 0)
(140.6 0 0)
(145.808 0 0)
(150.927 0 0)
(156.12 0 0)
(161.252 0 0)
(166.398 0 0)
(171.499 0 0)
(176.586 0 0)
(181.65 0 0)
(186.742 0 0)
(191.9 0 0)
(197.079 0 0)
(202.318 0 0)
(207.636 0 0)
(212.805 0 0)
(217.602 0 0)
(222.337 0 0)
(227.139 0 0)
(231.369 0 0)
(234.874 0 0)
(237.872 0 0)
(240.622 0 0)
(243.667 0 0)
(249.538 0 0)
(252.709 0 0)
(253.561 0 0)
(253.356 0 0)
(253.121 0 0)
(254.547 0 0)
(264.704 0 0)
(284.017 0 0)
(287.52 0 0)
(290.862 0 0)
(291.413 0 0)
(288.376 0 0)
(202.201 0 0)
(39.2629 0 0)
(-4.06472 0 0)
(0.766805 0 0)
(0.979407 0 0)
(-5.54814 0 0)
(-2.11424 0 0)
(-11.2611 0 0)
(-4.46305 0 0)
(-4.99977 0 0)
(0.897286 0 0)
(8.82172 0 0)
(5.2838 0 0)
(9.90754 0 0)
(0.748748 0 0)
(-1.96499 0 0)
(-1.9206 0 0)
(-4.07158 0 0)
(0.242368 0 0)
(1.57679 0 0)
(2.54543 0 0)
(1.68602 0 0)
(-1.70228 0 0)
(-2.69721 0 0)
(-0.786939 0 0)
(-1.37546 0 0)
(1.68217 0 0)
(2.49534 0 0)
(0.538156 0 0)
(1.1113 0 0)
(1.10791 0 0)
(-0.357518 0 0)
(-3.11606 0 0)
(-3.6658 0 0)
(-2.19841 0 0)
(-0.846197 0 0)
(1.62006 0 0)
(0.877472 0 0)
)
;

boundaryField
{
    sides
    {
        type            fixedValue;
        value           uniform (0 0 0);
    }
    empty
    {
        type            empty;
    }
}


// ************************************************************************* //
