/*--------------------------------*- C++ -*----------------------------------*\
| =========                 |                                                 |
| \\      /  F ield         | OpenFOAM: The Open Source CFD Toolbox           |
|  \\    /   O peration     | Version:  2412                                  |
|   \\  /    A nd           | Website:  www.openfoam.com                      |
|    \\/     M anipulation  |                                                 |
\*---------------------------------------------------------------------------*/
FoamFile
{
    version     2.0;
    format      ascii;
    arch        "LSB;label=32;scalar=64";
    class       volVectorField;
    location    "0.00655535";
    object      U;
}
// * * * * * * * * * * * * * * * * * * * * * * * * * * * * * * * * * * * * * //

dimensions      [0 1 -1 0 0 0 0];

internalField   nonuniform List<vector> 
100
(
(-1.12654e-13 0 0)
(-2.30601e-13 0 0)
(-1.98873e-13 0 0)
(-4.19544e-14 0 0)
(-8.83723e-14 0 0)
(-1.20106e-13 0 0)
(-2.12411e-13 0 0)
(-1.6474e-13 0 0)
(-1.1444e-13 0 0)
(-1.43453e-13 0 0)
(-1.9364e-13 0 0)
(-1.4709e-13 0 0)
(-1.13735e-13 0 0)
(-4.89001e-14 0 0)
(-3.99438e-14 0 0)
(9.37661e-14 0 0)
(1.20859e-13 0 0)
(1.13997e-13 0 0)
(1.61687e-13 0 0)
(1.30848e-13 0 0)
(1.28959e-13 0 0)
(1.92564e-13 0 0)
(1.8273e-11 0 0)
(8.69986e-09 0 0)
(3.04959e-06 0 0)
(0.000616203 0 0)
(0.0516667 0 0)
(1.25603 0 0)
(8.46604 0 0)
(23.3416 0 0)
(39.9971 0 0)
(54.9674 0 0)
(68.3679 0 0)
(81.0516 0 0)
(93.3931 0 0)
(105.907 0 0)
(117.951 0 0)
(131.066 0 0)
(142.407 0 0)
(156.179 0 0)
(167.317 0 0)
(179.213 0 0)
(192.63 0 0)
(202.929 0 0)
(215.271 0 0)
(226.994 0 0)
(241.538 0 0)
(254.011 0 0)
(261.017 0 0)
(269.889 0 0)
(284.231 0 0)
(290.99 0 0)
(287.38 0 0)
(278.14 0 0)
(277.091 0 0)
(286.808 0 0)
(288.379 0 0)
(283.86 0 0)
(277.586 0 0)
(277.186 0 0)
(285.622 0 0)
(287.534 0 0)
(286.534 0 0)
(281.245 0 0)
(278.496 0 0)
(280.004 0 0)
(280.986 0 0)
(281.691 0 0)
(284.158 0 0)
(283.971 0 0)
(279.167 0 0)
(277.139 0 0)
(277.317 0 0)
(277.717 0 0)
(281.34 0 0)
(285.221 0 0)
(284.879 0 0)
(281.742 0 0)
(281.092 0 0)
(287.146 0 0)
(285.545 0 0)
(213.166 0 0)
(27.7931 0 0)
(0.123682 0 0)
(4.56236e-05 0 0)
(4.10501e-09 0 0)
(3.21006e-13 0 0)
(-2.13525e-13 0 0)
(-2.24102e-13 0 0)
(-1.84342e-13 0 0)
(-1.62616e-13 0 0)
(-2.67554e-13 0 0)
(-3.67052e-13 0 0)
(-3.95121e-13 0 0)
(-3.32324e-13 0 0)
(-2.58791e-13 0 0)
(-2.66286e-13 0 0)
(-1.8885e-13 0 0)
(-3.39944e-14 0 0)
(-2.79601e-14 0 0)
)
;

boundaryField
{
    sides
    {
        type            fixedValue;
        value           uniform (0 0 0);
    }
    empty
    {
        type            empty;
    }
}


// ************************************************************************* //
