/*--------------------------------*- C++ -*----------------------------------*\
| =========                 |                                                 |
| \\      /  F ield         | OpenFOAM: The Open Source CFD Toolbox           |
|  \\    /   O peration     | Version:  2412                                  |
|   \\  /    A nd           | Website:  www.openfoam.com                      |
|    \\/     M anipulation  |                                                 |
\*---------------------------------------------------------------------------*/
FoamFile
{
    version     2.0;
    format      ascii;
    arch        "LSB;label=32;scalar=64";
    class       volVectorField;
    location    "0.00225515";
    object      U;
}
// * * * * * * * * * * * * * * * * * * * * * * * * * * * * * * * * * * * * * //

dimensions      [0 1 -1 0 0 0 0];

internalField   nonuniform List<vector> 
100
(
(-6.59716e-15 0 0)
(-4.14328e-14 0 0)
(1.20779e-14 0 0)
(5.23815e-14 0 0)
(8.0208e-14 0 0)
(2.52926e-14 0 0)
(-1.96462e-15 0 0)
(-6.6666e-14 0 0)
(2.81766e-14 0 0)
(3.31999e-14 0 0)
(1.60087e-14 0 0)
(-4.18143e-14 0 0)
(-8.39711e-15 0 0)
(-2.49742e-14 0 0)
(2.42108e-14 0 0)
(9.04444e-14 0 0)
(-2.0475e-15 0 0)
(-3.15426e-14 0 0)
(-4.04273e-14 0 0)
(1.60129e-15 0 0)
(-3.96933e-14 0 0)
(-6.46821e-14 0 0)
(8.12895e-15 0 0)
(4.69953e-14 0 0)
(8.41871e-14 0 0)
(1.00594e-13 0 0)
(8.73848e-14 0 0)
(7.89584e-14 0 0)
(3.1628e-14 0 0)
(1.35366e-14 0 0)
(7.83392e-14 0 0)
(9.63248e-14 0 0)
(1.11097e-13 0 0)
(8.14202e-14 0 0)
(-1.26459e-14 0 0)
(-3.03472e-14 0 0)
(5.13386e-11 0 0)
(3.57197e-08 0 0)
(1.5131e-05 0 0)
(0.0031192 0 0)
(0.226062 0 0)
(4.17802 0 0)
(21.9638 0 0)
(53.1917 0 0)
(85.7863 0 0)
(122.226 0 0)
(150.138 0 0)
(182.967 0 0)
(221.362 0 0)
(240.781 0 0)
(276.629 0 0)
(295.102 0 0)
(287.76 0 0)
(275.76 0 0)
(273.531 0 0)
(272.878 0 0)
(279.33 0 0)
(286.62 0 0)
(300.383 0 0)
(298.825 0 0)
(215.803 0 0)
(23.6695 0 0)
(0.0860651 0 0)
(2.76281e-05 0 0)
(2.34382e-09 0 0)
(3.16153e-13 0 0)
(-8.25025e-14 0 0)
(-4.20364e-14 0 0)
(-7.42799e-15 0 0)
(4.88116e-14 0 0)
(4.10077e-14 0 0)
(5.37525e-15 0 0)
(-7.04299e-14 0 0)
(-6.79751e-14 0 0)
(5.62954e-14 0 0)
(6.27235e-14 0 0)
(-5.57711e-14 0 0)
(-2.79544e-14 0 0)
(-6.18179e-15 0 0)
(1.96796e-14 0 0)
(7.04611e-14 0 0)
(-3.18583e-14 0 0)
(-3.6904e-14 0 0)
(-4.91628e-14 0 0)
(3.36361e-14 0 0)
(7.71019e-14 0 0)
(-9.44652e-14 0 0)
(-7.93107e-14 0 0)
(-5.54358e-14 0 0)
(-1.22236e-13 0 0)
(-2.18451e-13 0 0)
(-1.81193e-13 0 0)
(5.04182e-14 0 0)
(1.53672e-13 0 0)
(5.12193e-15 0 0)
(-4.13823e-14 0 0)
(-8.33978e-14 0 0)
(2.8557e-14 0 0)
(4.8896e-14 0 0)
(-5.05991e-14 0 0)
)
;

boundaryField
{
    sides
    {
        type            fixedValue;
        value           uniform (0 0 0);
    }
    empty
    {
        type            empty;
    }
}


// ************************************************************************* //
