/*--------------------------------*- C++ -*----------------------------------*\
| =========                 |                                                 |
| \\      /  F ield         | OpenFOAM: The Open Source CFD Toolbox           |
|  \\    /   O peration     | Version:  2412                                  |
|   \\  /    A nd           | Website:  www.openfoam.com                      |
|    \\/     M anipulation  |                                                 |
\*---------------------------------------------------------------------------*/
FoamFile
{
    version     2.0;
    format      ascii;
    arch        "LSB;label=32;scalar=64";
    class       volVectorField;
    location    "0.0418708";
    object      U;
}
// * * * * * * * * * * * * * * * * * * * * * * * * * * * * * * * * * * * * * //

dimensions      [0 1 -1 0 0 0 0];

internalField   nonuniform List<vector> 
100
(
(1.67012 0 0)
(5.09029 0 0)
(8.37663 0 0)
(11.5655 0 0)
(14.6535 0 0)
(17.6667 0 0)
(20.6465 0 0)
(23.6295 0 0)
(26.6467 0 0)
(29.6814 0 0)
(32.7412 0 0)
(35.8164 0 0)
(38.8835 0 0)
(41.9424 0 0)
(45.3721 0 0)
(48.6351 0 0)
(35.6133 0 0)
(-137.42 0 0)
(-221.97 0 0)
(-220.896 0 0)
(-199.309 0 0)
(-192.162 0 0)
(-190.166 0 0)
(-189.203 0 0)
(-191.872 0 0)
(-200.315 0 0)
(-202.487 0 0)
(-201.101 0 0)
(-199.209 0 0)
(-193.526 0 0)
(-177.942 0 0)
(-167.275 0 0)
(-163.683 0 0)
(-162.602 0 0)
(-164.428 0 0)
(-171.337 0 0)
(-173.995 0 0)
(-172.968 0 0)
(-171.17 0 0)
(-167.043 0 0)
(-160.348 0 0)
(-156.187 0 0)
(-154.862 0 0)
(-155.718 0 0)
(-156.354 0 0)
(-154.853 0 0)
(-150.012 0 0)
(-142.487 0 0)
(-138.171 0 0)
(-137.142 0 0)
(-138.993 0 0)
(-140.381 0 0)
(-139.137 0 0)
(-134.742 0 0)
(-126.913 0 0)
(-121.694 0 0)
(-119.929 0 0)
(-122.707 0 0)
(-128.504 0 0)
(-129.779 0 0)
(-127.564 0 0)
(-121.46 0 0)
(-109.384 0 0)
(-101.729 0 0)
(-98.6197 0 0)
(-98.2234 0 0)
(-100.909 0 0)
(-102.608 0 0)
(-103.25 0 0)
(-101.204 0 0)
(-99.0168 0 0)
(-95.7375 0 0)
(-92.086 0 0)
(-91.4425 0 0)
(-86.6563 0 0)
(-84.111 0 0)
(-79.8106 0 0)
(-79.166 0 0)
(-78.6239 0 0)
(-77.5414 0 0)
(-77.0539 0 0)
(-71.5511 0 0)
(-66.8636 0 0)
(-64.3169 0 0)
(-66.6598 0 0)
(-73.0378 0 0)
(-77.8763 0 0)
(-80.7598 0 0)
(-77.3014 0 0)
(-64.2247 0 0)
(-47.4135 0 0)
(-33.8365 0 0)
(-26.239 0 0)
(-21.7537 0 0)
(-17.9205 0 0)
(-14.5734 0 0)
(-10.9592 0 0)
(-7.80089 0 0)
(-4.46327 0 0)
(-0.877882 0 0)
)
;

boundaryField
{
    sides
    {
        type            fixedValue;
        value           uniform (0 0 0);
    }
    empty
    {
        type            empty;
    }
}


// ************************************************************************* //
