/*--------------------------------*- C++ -*----------------------------------*\
| =========                 |                                                 |
| \\      /  F ield         | OpenFOAM: The Open Source CFD Toolbox           |
|  \\    /   O peration     | Version:  2412                                  |
|   \\  /    A nd           | Website:  www.openfoam.com                      |
|    \\/     M anipulation  |                                                 |
\*---------------------------------------------------------------------------*/
FoamFile
{
    version     2.0;
    format      ascii;
    arch        "LSB;label=32;scalar=64";
    class       volVectorField;
    location    "0.0305295";
    object      U;
}
// * * * * * * * * * * * * * * * * * * * * * * * * * * * * * * * * * * * * * //

dimensions      [0 1 -1 0 0 0 0];

internalField   nonuniform List<vector> 
100
(
(2.2263 0 0)
(6.74809 0 0)
(11.2272 0 0)
(15.7798 0 0)
(20.2324 0 0)
(24.8442 0 0)
(29.1925 0 0)
(33.9179 0 0)
(38.1452 0 0)
(42.9881 0 0)
(47.1164 0 0)
(51.9152 0 0)
(56.1681 0 0)
(60.7941 0 0)
(65.3504 0 0)
(69.7615 0 0)
(74.5218 0 0)
(78.7914 0 0)
(83.6286 0 0)
(87.8951 0 0)
(92.7135 0 0)
(97.0504 0 0)
(101.802 0 0)
(106.225 0 0)
(110.903 0 0)
(115.379 0 0)
(120.001 0 0)
(124.512 0 0)
(129.103 0 0)
(133.642 0 0)
(138.209 0 0)
(142.745 0 0)
(147.284 0 0)
(151.807 0 0)
(156.322 0 0)
(160.83 0 0)
(165.346 0 0)
(169.852 0 0)
(174.314 0 0)
(178.714 0 0)
(183.153 0 0)
(187.483 0 0)
(191.706 0 0)
(195.879 0 0)
(199.975 0 0)
(203.627 0 0)
(206.561 0 0)
(208.726 0 0)
(210.794 0 0)
(212.681 0 0)
(214.018 0 0)
(215.592 0 0)
(217.876 0 0)
(220.739 0 0)
(223.938 0 0)
(148.739 0 0)
(-30.0722 0 0)
(-67.8074 0 0)
(-57.109 0 0)
(-49.8994 0 0)
(-51.4929 0 0)
(-45.6211 0 0)
(-39.1096 0 0)
(-28.439 0 0)
(-26.7742 0 0)
(-26.3121 0 0)
(-26.5223 0 0)
(-27.4229 0 0)
(-11.104 0 0)
(-0.168993 0 0)
(11.7766 0 0)
(10.556 0 0)
(9.21067 0 0)
(5.26348 0 0)
(-3.99937 0 0)
(-3.62569 0 0)
(-6.76194 0 0)
(-1.99187 0 0)
(1.79374 0 0)
(2.82907 0 0)
(4.53704 0 0)
(2.14665 0 0)
(-0.398866 0 0)
(-1.35292 0 0)
(-1.0459 0 0)
(0.184653 0 0)
(1.24615 0 0)
(1.63101 0 0)
(-1.08578 0 0)
(-2.80138 0 0)
(-3.17218 0 0)
(-2.34098 0 0)
(-2.23257 0 0)
(-0.40114 0 0)
(1.6319 0 0)
(2.88469 0 0)
(3.87071 0 0)
(3.42405 0 0)
(2.8083 0 0)
(-0.844027 0 0)
)
;

boundaryField
{
    sides
    {
        type            fixedValue;
        value           uniform (0 0 0);
    }
    empty
    {
        type            empty;
    }
}


// ************************************************************************* //
