/*--------------------------------*- C++ -*----------------------------------*\
| =========                 |                                                 |
| \\      /  F ield         | OpenFOAM: The Open Source CFD Toolbox           |
|  \\    /   O peration     | Version:  2412                                  |
|   \\  /    A nd           | Website:  www.openfoam.com                      |
|    \\/     M anipulation  |                                                 |
\*---------------------------------------------------------------------------*/
FoamFile
{
    version     2.0;
    format      ascii;
    arch        "LSB;label=32;scalar=64";
    class       volVectorField;
    location    "0.0130015";
    object      U;
}
// * * * * * * * * * * * * * * * * * * * * * * * * * * * * * * * * * * * * * //

dimensions      [0 1 -1 0 0 0 0];

internalField   nonuniform List<vector> 
100
(
(-2.82202e-14 0 0)
(4.17458e-13 0 0)
(1.78815e-10 0 0)
(7.7302e-08 0 0)
(2.24878e-05 0 0)
(0.00332292 0 0)
(0.175408 0 0)
(2.45161 0 0)
(10.6704 0 0)
(22.5464 0 0)
(33.2483 0 0)
(41.7548 0 0)
(48.9142 0 0)
(55.4971 0 0)
(61.8966 0 0)
(68.2649 0 0)
(74.6441 0 0)
(81.0392 0 0)
(87.4464 0 0)
(93.8653 0 0)
(100.292 0 0)
(106.74 0 0)
(113.18 0 0)
(119.678 0 0)
(126.08 0 0)
(132.679 0 0)
(138.891 0 0)
(145.692 0 0)
(151.566 0 0)
(158.574 0 0)
(164.389 0 0)
(171.088 0 0)
(177.493 0 0)
(183.446 0 0)
(190.224 0 0)
(196.106 0 0)
(202.892 0 0)
(208.742 0 0)
(215.573 0 0)
(221.748 0 0)
(228.371 0 0)
(234.572 0 0)
(241.203 0 0)
(247.524 0 0)
(253.758 0 0)
(260.125 0 0)
(266.576 0 0)
(271.353 0 0)
(276.121 0 0)
(281.274 0 0)
(285.504 0 0)
(287.065 0 0)
(282.874 0 0)
(279.739 0 0)
(280.783 0 0)
(287.393 0 0)
(288.851 0 0)
(279.259 0 0)
(275.956 0 0)
(280.501 0 0)
(289.702 0 0)
(290.324 0 0)
(278.414 0 0)
(275.798 0 0)
(280.188 0 0)
(289.742 0 0)
(289.772 0 0)
(281.032 0 0)
(276.005 0 0)
(277.435 0 0)
(287.145 0 0)
(287.801 0 0)
(286.077 0 0)
(277.411 0 0)
(277.267 0 0)
(277.533 0 0)
(286.49 0 0)
(288.353 0 0)
(284.674 0 0)
(283.835 0 0)
(278.667 0 0)
(278.051 0 0)
(279.297 0 0)
(280.729 0 0)
(280.927 0 0)
(282.895 0 0)
(283.886 0 0)
(281.109 0 0)
(279.449 0 0)
(280.392 0 0)
(281.098 0 0)
(284.711 0 0)
(273.378 0 0)
(103.603 0 0)
(-19.5002 0 0)
(-20.8253 0 0)
(-2.06858 0 0)
(3.30279 0 0)
(6.4788 0 0)
(-1.31117 0 0)
)
;

boundaryField
{
    sides
    {
        type            fixedValue;
        value           uniform (0 0 0);
    }
    empty
    {
        type            empty;
    }
}


// ************************************************************************* //
