/*--------------------------------*- C++ -*----------------------------------*\
| =========                 |                                                 |
| \\      /  F ield         | OpenFOAM: The Open Source CFD Toolbox           |
|  \\    /   O peration     | Version:  2412                                  |
|   \\  /    A nd           | Website:  www.openfoam.com                      |
|    \\/     M anipulation  |                                                 |
\*---------------------------------------------------------------------------*/
FoamFile
{
    version     2.0;
    format      ascii;
    arch        "LSB;label=32;scalar=64";
    class       volVectorField;
    location    "0.0295135";
    object      U;
}
// * * * * * * * * * * * * * * * * * * * * * * * * * * * * * * * * * * * * * //

dimensions      [0 1 -1 0 0 0 0];

internalField   nonuniform List<vector> 
100
(
(2.3422 0 0)
(7.06203 0 0)
(11.7339 0 0)
(16.46 0 0)
(21.1155 0 0)
(25.8958 0 0)
(30.4658 0 0)
(35.3214 0 0)
(39.7647 0 0)
(44.7421 0 0)
(49.0477 0 0)
(54.0492 0 0)
(58.4572 0 0)
(63.3477 0 0)
(68.0368 0 0)
(72.7131 0 0)
(77.6283 0 0)
(82.1134 0 0)
(87.1268 0 0)
(91.5737 0 0)
(96.5899 0 0)
(101.096 0 0)
(106.05 0 0)
(110.641 0 0)
(115.525 0 0)
(120.178 0 0)
(125.006 0 0)
(129.701 0 0)
(134.484 0 0)
(139.199 0 0)
(143.957 0 0)
(148.686 0 0)
(153.429 0 0)
(158.15 0 0)
(162.859 0 0)
(167.561 0 0)
(172.257 0 0)
(176.938 0 0)
(181.639 0 0)
(186.358 0 0)
(191.01 0 0)
(195.489 0 0)
(200.036 0 0)
(204.512 0 0)
(208.678 0 0)
(212.511 0 0)
(216.127 0 0)
(219.329 0 0)
(221.801 0 0)
(223.694 0 0)
(225.644 0 0)
(228.078 0 0)
(229.894 0 0)
(231.816 0 0)
(234.151 0 0)
(236.32 0 0)
(238.157 0 0)
(232.153 0 0)
(92.1259 0 0)
(-36.2215 0 0)
(-41.7696 0 0)
(-33.8847 0 0)
(-39.8487 0 0)
(-33.9675 0 0)
(-23.5325 0 0)
(-7.44641 0 0)
(9.35273 0 0)
(13.2877 0 0)
(17.257 0 0)
(5.2007 0 0)
(3.30177 0 0)
(-3.35139 0 0)
(-3.58278 0 0)
(0.798938 0 0)
(-0.371692 0 0)
(5.00364 0 0)
(0.482379 0 0)
(-0.804193 0 0)
(-4.96223 0 0)
(-6.68117 0 0)
(-2.5682 0 0)
(1.66856 0 0)
(4.43804 0 0)
(6.04387 0 0)
(5.65349 0 0)
(2.51133 0 0)
(-1.32998 0 0)
(-4.06431 0 0)
(-5.54403 0 0)
(-3.39367 0 0)
(-1.52054 0 0)
(1.38078 0 0)
(2.13418 0 0)
(2.51531 0 0)
(0.559598 0 0)
(-0.603045 0 0)
(-0.209007 0 0)
(-0.233349 0 0)
(0.316525 0 0)
(1.11366 0 0)
)
;

boundaryField
{
    sides
    {
        type            fixedValue;
        value           uniform (0 0 0);
    }
    empty
    {
        type            empty;
    }
}


// ************************************************************************* //
