/*--------------------------------*- C++ -*----------------------------------*\
| =========                 |                                                 |
| \\      /  F ield         | OpenFOAM: The Open Source CFD Toolbox           |
|  \\    /   O peration     | Version:  2412                                  |
|   \\  /    A nd           | Website:  www.openfoam.com                      |
|    \\/     M anipulation  |                                                 |
\*---------------------------------------------------------------------------*/
FoamFile
{
    version     2.0;
    format      ascii;
    arch        "LSB;label=32;scalar=64";
    class       volVectorField;
    location    "0.0255738";
    object      U;
}
// * * * * * * * * * * * * * * * * * * * * * * * * * * * * * * * * * * * * * //

dimensions      [0 1 -1 0 0 0 0];

internalField   nonuniform List<vector> 
100
(
(2.80344 0 0)
(8.44466 0 0)
(14.0266 0 0)
(19.6191 0 0)
(25.2164 0 0)
(30.8208 0 0)
(36.4299 0 0)
(42.1002 0 0)
(47.637 0 0)
(53.3951 0 0)
(58.8061 0 0)
(64.6911 0 0)
(69.9467 0 0)
(75.8619 0 0)
(81.1193 0 0)
(86.9693 0 0)
(92.4944 0 0)
(98.0823 0 0)
(103.814 0 0)
(109.197 0 0)
(115.048 0 0)
(120.351 0 0)
(126.242 0 0)
(131.607 0 0)
(137.417 0 0)
(142.838 0 0)
(148.588 0 0)
(154.144 0 0)
(159.959 0 0)
(165.668 0 0)
(171.487 0 0)
(177.14 0 0)
(182.705 0 0)
(188.055 0 0)
(193.317 0 0)
(198.468 0 0)
(203.576 0 0)
(208.776 0 0)
(214.511 0 0)
(221.007 0 0)
(227.96 0 0)
(234.044 0 0)
(238.29 0 0)
(242.119 0 0)
(248.916 0 0)
(265.57 0 0)
(282.936 0 0)
(286.803 0 0)
(289.566 0 0)
(290.36 0 0)
(289.837 0 0)
(289.028 0 0)
(286.258 0 0)
(282.007 0 0)
(280.89 0 0)
(281.684 0 0)
(282.096 0 0)
(281.567 0 0)
(281.747 0 0)
(284.633 0 0)
(286.255 0 0)
(282.101 0 0)
(279.656 0 0)
(283.695 0 0)
(287.811 0 0)
(289.985 0 0)
(221.08 0 0)
(52.3803 0 0)
(12.767 0 0)
(-1.31726 0 0)
(16.4958 0 0)
(11.1922 0 0)
(7.14477 0 0)
(3.77416 0 0)
(-15.3432 0 0)
(-10.9544 0 0)
(-12.2411 0 0)
(-4.09308 0 0)
(2.52353 0 0)
(3.00686 0 0)
(9.34268 0 0)
(7.53007 0 0)
(5.09349 0 0)
(1.8871 0 0)
(-3.97247 0 0)
(-3.56393 0 0)
(-1.93351 0 0)
(-1.19625 0 0)
(3.57839 0 0)
(3.57524 0 0)
(-0.51401 0 0)
(-3.02422 0 0)
(-4.58686 0 0)
(-4.71321 0 0)
(-2.53941 0 0)
(0.330387 0 0)
(4.39416 0 0)
(6.65823 0 0)
(7.41804 0 0)
(3.24852 0 0)
)
;

boundaryField
{
    sides
    {
        type            fixedValue;
        value           uniform (0 0 0);
    }
    empty
    {
        type            empty;
    }
}


// ************************************************************************* //
