/*--------------------------------*- C++ -*----------------------------------*\
| =========                 |                                                 |
| \\      /  F ield         | OpenFOAM: The Open Source CFD Toolbox           |
|  \\    /   O peration     | Version:  2412                                  |
|   \\  /    A nd           | Website:  www.openfoam.com                      |
|    \\/     M anipulation  |                                                 |
\*---------------------------------------------------------------------------*/
FoamFile
{
    version     2.0;
    format      ascii;
    arch        "LSB;label=32;scalar=64";
    class       volVectorField;
    location    "0.0116248";
    object      U;
}
// * * * * * * * * * * * * * * * * * * * * * * * * * * * * * * * * * * * * * //

dimensions      [0 1 -1 0 0 0 0];

internalField   nonuniform List<vector> 
100
(
(5.2876e-14 0 0)
(1.41549e-14 0 0)
(5.41724e-14 0 0)
(5.5869e-14 0 0)
(-3.98864e-14 0 0)
(1.10505e-14 0 0)
(2.0358e-11 0 0)
(9.50518e-09 0 0)
(3.23769e-06 0 0)
(0.000629825 0 0)
(0.0501511 0 0)
(1.14116 0 0)
(7.22743 0 0)
(18.9226 0 0)
(31.011 0 0)
(40.9625 0 0)
(49.2398 0 0)
(56.7158 0 0)
(63.9041 0 0)
(71.0218 0 0)
(78.1376 0 0)
(85.2669 0 0)
(92.4077 0 0)
(99.5696 0 0)
(106.731 0 0)
(113.95 0 0)
(121.09 0 0)
(128.424 0 0)
(135.379 0 0)
(142.949 0 0)
(149.512 0 0)
(157.344 0 0)
(163.793 0 0)
(171.24 0 0)
(178.412 0 0)
(184.925 0 0)
(192.525 0 0)
(199.073 0 0)
(206.62 0 0)
(213.145 0 0)
(220.759 0 0)
(227.689 0 0)
(235.014 0 0)
(242.022 0 0)
(249.332 0 0)
(255.77 0 0)
(262.948 0 0)
(269.995 0 0)
(276.272 0 0)
(279.367 0 0)
(282.101 0 0)
(283.993 0 0)
(286.991 0 0)
(287.309 0 0)
(279.63 0 0)
(277.432 0 0)
(282.075 0 0)
(289.567 0 0)
(289.493 0 0)
(277.374 0 0)
(275.988 0 0)
(281.39 0 0)
(289.357 0 0)
(289.103 0 0)
(278.654 0 0)
(276.662 0 0)
(279.791 0 0)
(288.23 0 0)
(288.237 0 0)
(284.066 0 0)
(277.716 0 0)
(278.488 0 0)
(281.105 0 0)
(287.752 0 0)
(286.101 0 0)
(283.807 0 0)
(280.443 0 0)
(277.766 0 0)
(278.741 0 0)
(281.251 0 0)
(282.737 0 0)
(281.128 0 0)
(280.822 0 0)
(283.265 0 0)
(284.602 0 0)
(282.889 0 0)
(278.577 0 0)
(277.901 0 0)
(277.901 0 0)
(278.865 0 0)
(282.192 0 0)
(283.471 0 0)
(283.274 0 0)
(282.446 0 0)
(279.488 0 0)
(282.764 0 0)
(221.11 0 0)
(40.6894 0 0)
(-42.4784 0 0)
(-33.3455 0 0)
)
;

boundaryField
{
    sides
    {
        type            fixedValue;
        value           uniform (0 0 0);
    }
    empty
    {
        type            empty;
    }
}


// ************************************************************************* //
