/*--------------------------------*- C++ -*----------------------------------*\
| =========                 |                                                 |
| \\      /  F ield         | OpenFOAM: The Open Source CFD Toolbox           |
|  \\    /   O peration     | Version:  2412                                  |
|   \\  /    A nd           | Website:  www.openfoam.com                      |
|    \\/     M anipulation  |                                                 |
\*---------------------------------------------------------------------------*/
FoamFile
{
    version     2.0;
    format      ascii;
    arch        "LSB;label=32;scalar=64";
    class       volVectorField;
    location    "0.0229132";
    object      U;
}
// * * * * * * * * * * * * * * * * * * * * * * * * * * * * * * * * * * * * * //

dimensions      [0 1 -1 0 0 0 0];

internalField   nonuniform List<vector> 
100
(
(3.21224 0 0)
(9.70056 0 0)
(16.1379 0 0)
(22.5861 0 0)
(29.0261 0 0)
(35.458 0 0)
(41.9063 0 0)
(48.3505 0 0)
(54.7602 0 0)
(61.2071 0 0)
(67.518 0 0)
(74.0156 0 0)
(80.2339 0 0)
(86.8921 0 0)
(92.9732 0 0)
(99.7085 0 0)
(105.842 0 0)
(112.607 0 0)
(118.895 0 0)
(125.288 0 0)
(131.634 0 0)
(137.478 0 0)
(143.684 0 0)
(149.526 0 0)
(156.01 0 0)
(162.308 0 0)
(169.504 0 0)
(176.584 0 0)
(184.242 0 0)
(191.55 0 0)
(200.15 0 0)
(212.841 0 0)
(228.493 0 0)
(236.691 0 0)
(240.385 0 0)
(243.645 0 0)
(246.388 0 0)
(247.782 0 0)
(249.257 0 0)
(252.06 0 0)
(255.363 0 0)
(258.71 0 0)
(262.934 0 0)
(267.71 0 0)
(271.825 0 0)
(274.518 0 0)
(277.207 0 0)
(280.511 0 0)
(282.763 0 0)
(283.791 0 0)
(284.15 0 0)
(283.894 0 0)
(283.142 0 0)
(282.939 0 0)
(283.574 0 0)
(283.493 0 0)
(282.226 0 0)
(282.301 0 0)
(284.933 0 0)
(285.685 0 0)
(280.766 0 0)
(278.922 0 0)
(285.307 0 0)
(289.45 0 0)
(285.327 0 0)
(275.748 0 0)
(274.241 0 0)
(289.308 0 0)
(291.081 0 0)
(280.277 0 0)
(272.426 0 0)
(269.593 0 0)
(115.923 0 0)
(21.6358 0 0)
(-2.56957 0 0)
(26.7493 0 0)
(20.3544 0 0)
(17.3082 0 0)
(13.7437 0 0)
(2.06303 0 0)
(11.4923 0 0)
(6.11751 0 0)
(-1.77326 0 0)
(-3.76296 0 0)
(-12.4762 0 0)
(-10.2541 0 0)
(-4.07242 0 0)
(-0.371224 0 0)
(1.0773 0 0)
(6.24818 0 0)
(8.13549 0 0)
(6.87346 0 0)
(-0.121483 0 0)
(-6.12526 0 0)
(-9.73235 0 0)
(-4.94278 0 0)
(2.8037 0 0)
(9.97461 0 0)
(13.3649 0 0)
(3.8121 0 0)
)
;

boundaryField
{
    sides
    {
        type            fixedValue;
        value           uniform (0 0 0);
    }
    empty
    {
        type            empty;
    }
}


// ************************************************************************* //
