/*--------------------------------*- C++ -*----------------------------------*\
| =========                 |                                                 |
| \\      /  F ield         | OpenFOAM: The Open Source CFD Toolbox           |
|  \\    /   O peration     | Version:  2412                                  |
|   \\  /    A nd           | Website:  www.openfoam.com                      |
|    \\/     M anipulation  |                                                 |
\*---------------------------------------------------------------------------*/
FoamFile
{
    version     2.0;
    format      ascii;
    arch        "LSB;label=32;scalar=64";
    class       volVectorField;
    location    "0.00317917";
    object      U;
}
// * * * * * * * * * * * * * * * * * * * * * * * * * * * * * * * * * * * * * //

dimensions      [0 1 -1 0 0 0 0];

internalField   nonuniform List<vector> 
100
(
(1.73697e-14 0 0)
(3.84626e-14 0 0)
(1.99525e-14 0 0)
(-7.55872e-14 0 0)
(-7.52931e-15 0 0)
(4.14494e-14 0 0)
(-1.78271e-14 0 0)
(1.28627e-14 0 0)
(3.61896e-14 0 0)
(-3.07253e-14 0 0)
(-7.16767e-14 0 0)
(-9.59966e-15 0 0)
(-5.65089e-14 0 0)
(-2.50158e-14 0 0)
(3.20904e-14 0 0)
(-1.31383e-14 0 0)
(-2.61584e-14 0 0)
(4.05151e-14 0 0)
(-7.15201e-16 0 0)
(9.62063e-15 0 0)
(-7.76773e-15 0 0)
(5.53019e-14 0 0)
(6.3914e-14 0 0)
(3.11054e-14 0 0)
(6.01477e-14 0 0)
(9.2548e-14 0 0)
(2.06917e-13 0 0)
(1.50823e-13 0 0)
(1.19428e-13 0 0)
(1.2541e-13 0 0)
(9.43123e-14 0 0)
(4.02944e-14 0 0)
(1.12048e-13 0 0)
(8.63262e-11 0 0)
(4.58088e-08 0 0)
(1.59843e-05 0 0)
(0.00286554 0 0)
(0.189351 0 0)
(3.33666 0 0)
(17.3836 0 0)
(41.8326 0 0)
(68.711 0 0)
(93.1521 0 0)
(119.289 0 0)
(140.667 0 0)
(167.191 0 0)
(191.083 0 0)
(208.267 0 0)
(238.165 0 0)
(264.08 0 0)
(276.123 0 0)
(280.942 0 0)
(284.127 0 0)
(287.423 0 0)
(285.234 0 0)
(277.566 0 0)
(278.369 0 0)
(282.928 0 0)
(281.09 0 0)
(273.771 0 0)
(275.01 0 0)
(277.24 0 0)
(288.296 0 0)
(301.068 0 0)
(280.868 0 0)
(123.732 0 0)
(2.80499 0 0)
(0.00289947 0 0)
(4.73066e-07 0 0)
(4.38629e-11 0 0)
(1.40608e-13 0 0)
(-4.38073e-14 0 0)
(-5.6078e-14 0 0)
(-4.84795e-15 0 0)
(7.67707e-14 0 0)
(9.78952e-14 0 0)
(-5.58046e-14 0 0)
(-6.81454e-15 0 0)
(-4.07835e-14 0 0)
(-3.66626e-14 0 0)
(-9.76347e-14 0 0)
(-1.5712e-13 0 0)
(-6.4707e-14 0 0)
(4.86075e-14 0 0)
(6.80984e-14 0 0)
(-2.77988e-14 0 0)
(-2.55041e-13 0 0)
(-3.09663e-13 0 0)
(-1.18443e-13 0 0)
(-4.5067e-14 0 0)
(-1.48455e-13 0 0)
(-3.45004e-14 0 0)
(-1.97215e-14 0 0)
(-2.44785e-13 0 0)
(-1.13796e-13 0 0)
(-2.04522e-14 0 0)
(-6.20214e-14 0 0)
(-2.04418e-14 0 0)
(-2.1346e-14 0 0)
(-8.55059e-14 0 0)
)
;

boundaryField
{
    sides
    {
        type            fixedValue;
        value           uniform (0 0 0);
    }
    empty
    {
        type            empty;
    }
}


// ************************************************************************* //
