/*--------------------------------*- C++ -*----------------------------------*\
| =========                 |                                                 |
| \\      /  F ield         | OpenFOAM: The Open Source CFD Toolbox           |
|  \\    /   O peration     | Version:  2412                                  |
|   \\  /    A nd           | Website:  www.openfoam.com                      |
|    \\/     M anipulation  |                                                 |
\*---------------------------------------------------------------------------*/
FoamFile
{
    version     2.0;
    format      ascii;
    arch        "LSB;label=32;scalar=64";
    class       volVectorField;
    location    "0.0451397";
    object      U;
}
// * * * * * * * * * * * * * * * * * * * * * * * * * * * * * * * * * * * * * //

dimensions      [0 1 -1 0 0 0 0];

internalField   nonuniform List<vector> 
100
(
(1.54179 0 0)
(4.8549 0 0)
(2.82978 0 0)
(-124.759 0 0)
(-235.072 0 0)
(-243.209 0 0)
(-235.03 0 0)
(-233.212 0 0)
(-243.765 0 0)
(-247.076 0 0)
(-245.6 0 0)
(-243.553 0 0)
(-238.593 0 0)
(-222.46 0 0)
(-207.818 0 0)
(-203.719 0 0)
(-202.022 0 0)
(-202.164 0 0)
(-209.991 0 0)
(-219.058 0 0)
(-219.455 0 0)
(-217.953 0 0)
(-214.699 0 0)
(-206.801 0 0)
(-200.047 0 0)
(-197.581 0 0)
(-196.842 0 0)
(-199.168 0 0)
(-200.108 0 0)
(-198.582 0 0)
(-194.313 0 0)
(-185.701 0 0)
(-180.454 0 0)
(-178.693 0 0)
(-180.307 0 0)
(-184.414 0 0)
(-184.491 0 0)
(-182.239 0 0)
(-175.364 0 0)
(-166.335 0 0)
(-162.447 0 0)
(-161.581 0 0)
(-167.164 0 0)
(-175.456 0 0)
(-176.33 0 0)
(-174.155 0 0)
(-167.38 0 0)
(-152.663 0 0)
(-143.704 0 0)
(-140.447 0 0)
(-139.772 0 0)
(-142.114 0 0)
(-147.829 0 0)
(-149.712 0 0)
(-148.723 0 0)
(-146.761 0 0)
(-142.877 0 0)
(-139.27 0 0)
(-137.166 0 0)
(-135.021 0 0)
(-131.025 0 0)
(-126.769 0 0)
(-124.517 0 0)
(-123.94 0 0)
(-124.315 0 0)
(-124.131 0 0)
(-122.589 0 0)
(-117.841 0 0)
(-112.367 0 0)
(-108.939 0 0)
(-109.797 0 0)
(-117.737 0 0)
(-128.03 0 0)
(-129.811 0 0)
(-126.869 0 0)
(-122.848 0 0)
(-106.86 0 0)
(-88.9666 0 0)
(-75.6952 0 0)
(-70.3677 0 0)
(-65.7723 0 0)
(-61.9162 0 0)
(-60.0326 0 0)
(-57.1513 0 0)
(-56.4847 0 0)
(-54.7699 0 0)
(-53.6126 0 0)
(-51.0212 0 0)
(-47.2157 0 0)
(-41.4899 0 0)
(-35.8382 0 0)
(-30.5892 0 0)
(-26.1615 0 0)
(-21.8859 0 0)
(-19.2721 0 0)
(-17.1749 0 0)
(-14.3722 0 0)
(-11.3617 0 0)
(-7.26122 0 0)
(-2.73553 0 0)
)
;

boundaryField
{
    sides
    {
        type            fixedValue;
        value           uniform (0 0 0);
    }
    empty
    {
        type            empty;
    }
}


// ************************************************************************* //
