/*--------------------------------*- C++ -*----------------------------------*\
| =========                 |                                                 |
| \\      /  F ield         | OpenFOAM: The Open Source CFD Toolbox           |
|  \\    /   O peration     | Version:  2412                                  |
|   \\  /    A nd           | Website:  www.openfoam.com                      |
|    \\/     M anipulation  |                                                 |
\*---------------------------------------------------------------------------*/
FoamFile
{
    version     2.0;
    format      ascii;
    arch        "LSB;label=32;scalar=64";
    class       volVectorField;
    location    "0.00293237";
    object      U;
}
// * * * * * * * * * * * * * * * * * * * * * * * * * * * * * * * * * * * * * //

dimensions      [0 1 -1 0 0 0 0];

internalField   nonuniform List<vector> 
100
(
(-6.59712e-15 0 0)
(3.04184e-14 0 0)
(5.18461e-14 0 0)
(2.05424e-14 0 0)
(-7.52931e-15 0 0)
(-2.26209e-14 0 0)
(-3.37175e-14 0 0)
(2.88659e-14 0 0)
(6.01287e-14 0 0)
(-6.68248e-15 0 0)
(-2.39113e-14 0 0)
(-4.96457e-14 0 0)
(-2.43988e-14 0 0)
(-9.04034e-15 0 0)
(4.01346e-14 0 0)
(-2.11826e-14 0 0)
(-1.00701e-14 0 0)
(3.22822e-14 0 0)
(-5.26401e-16 0 0)
(9.62064e-15 0 0)
(-7.76775e-15 0 0)
(-2.47394e-14 0 0)
(8.08133e-15 0 0)
(7.08569e-15 0 0)
(1.24105e-13 0 0)
(1.00592e-13 0 0)
(1.82978e-13 0 0)
(1.42779e-13 0 0)
(9.54938e-14 0 0)
(1.01282e-13 0 0)
(1.18309e-13 0 0)
(5.6401e-14 0 0)
(-2.46035e-14 0 0)
(4.1608e-13 0 0)
(2.945e-10 0 0)
(1.52443e-07 0 0)
(4.92292e-05 0 0)
(0.00759217 0 0)
(0.397137 0 0)
(5.35705 0 0)
(22.9752 0 0)
(50.0302 0 0)
(77.5547 0 0)
(105.654 0 0)
(128.883 0 0)
(158.261 0 0)
(181.455 0 0)
(202.5 0 0)
(236.452 0 0)
(260.864 0 0)
(272.004 0 0)
(281.832 0 0)
(288.744 0 0)
(287.893 0 0)
(281.104 0 0)
(277.27 0 0)
(280.734 0 0)
(279.145 0 0)
(273.162 0 0)
(275.957 0 0)
(279.569 0 0)
(293.884 0 0)
(301.238 0 0)
(263.093 0 0)
(75.5342 0 0)
(0.816313 0 0)
(0.0005 0 0)
(5.99661e-08 0 0)
(6.53607e-12 0 0)
(2.23325e-13 0 0)
(1.0379e-13 0 0)
(-7.85359e-14 0 0)
(-1.05008e-13 0 0)
(1.8597e-15 0 0)
(9.79807e-14 0 0)
(7.6686e-14 0 0)
(-5.57386e-14 0 0)
(-2.7768e-14 0 0)
(-4.09247e-14 0 0)
(-1.55435e-14 0 0)
(1.4448e-14 0 0)
(-1.78339e-13 0 0)
(-1.13677e-13 0 0)
(5.56219e-14 0 0)
(1.45044e-13 0 0)
(3.70772e-16 0 0)
(-2.06075e-13 0 0)
(-2.25936e-13 0 0)
(-1.53383e-13 0 0)
(-6.60402e-14 0 0)
(-1.69413e-13 0 0)
(-1.46232e-13 0 0)
(1.52268e-14 0 0)
(-1.04881e-13 0 0)
(-2.98543e-14 0 0)
(-2.74236e-14 0 0)
(-6.90639e-14 0 0)
(-6.44775e-15 0 0)
(-3.51866e-14 0 0)
(-9.94966e-14 0 0)
)
;

boundaryField
{
    sides
    {
        type            fixedValue;
        value           uniform (0 0 0);
    }
    empty
    {
        type            empty;
    }
}


// ************************************************************************* //
