/*--------------------------------*- C++ -*----------------------------------*\
| =========                 |                                                 |
| \\      /  F ield         | OpenFOAM: The Open Source CFD Toolbox           |
|  \\    /   O peration     | Version:  2412                                  |
|   \\  /    A nd           | Website:  www.openfoam.com                      |
|    \\/     M anipulation  |                                                 |
\*---------------------------------------------------------------------------*/
FoamFile
{
    version     2.0;
    format      ascii;
    arch        "LSB;label=32;scalar=64";
    class       volVectorField;
    location    "0.0427312";
    object      U;
}
// * * * * * * * * * * * * * * * * * * * * * * * * * * * * * * * * * * * * * //

dimensions      [0 1 -1 0 0 0 0];

internalField   nonuniform List<vector> 
100
(
(1.67806 0 0)
(4.97539 0 0)
(8.20892 0 0)
(11.3634 0 0)
(14.423 0 0)
(17.3948 0 0)
(20.3112 0 0)
(23.1909 0 0)
(26.0588 0 0)
(28.9404 0 0)
(32.006 0 0)
(35.4989 0 0)
(37.178 0 0)
(-62.3356 0 0)
(-210.54 0 0)
(-229.486 0 0)
(-213.169 0 0)
(-202.439 0 0)
(-199.883 0 0)
(-200.498 0 0)
(-208.307 0 0)
(-215.151 0 0)
(-214.727 0 0)
(-212.831 0 0)
(-210.279 0 0)
(-201.148 0 0)
(-184.03 0 0)
(-176.215 0 0)
(-173.855 0 0)
(-173.173 0 0)
(-176.959 0 0)
(-184.764 0 0)
(-186.328 0 0)
(-184.871 0 0)
(-182.517 0 0)
(-177.192 0 0)
(-170.378 0 0)
(-167.046 0 0)
(-166.238 0 0)
(-167.689 0 0)
(-168.199 0 0)
(-166.554 0 0)
(-161.468 0 0)
(-153.649 0 0)
(-149.532 0 0)
(-148.517 0 0)
(-150.792 0 0)
(-152.635 0 0)
(-151.516 0 0)
(-147.263 0 0)
(-139.222 0 0)
(-133.527 0 0)
(-131.553 0 0)
(-133.789 0 0)
(-140.53 0 0)
(-142.757 0 0)
(-141.096 0 0)
(-135.626 0 0)
(-123.486 0 0)
(-114.327 0 0)
(-110.378 0 0)
(-109.83 0 0)
(-111.644 0 0)
(-114.975 0 0)
(-115.794 0 0)
(-114.368 0 0)
(-112.818 0 0)
(-108.597 0 0)
(-105.879 0 0)
(-103.226 0 0)
(-101.822 0 0)
(-97.5832 0 0)
(-93.0325 0 0)
(-91.8022 0 0)
(-90.1675 0 0)
(-91.5114 0 0)
(-89.3967 0 0)
(-86.5056 0 0)
(-81.1905 0 0)
(-77.0885 0 0)
(-77.4804 0 0)
(-81.4263 0 0)
(-90.1454 0 0)
(-92.7555 0 0)
(-92.4933 0 0)
(-88.0113 0 0)
(-70.1646 0 0)
(-52.7912 0 0)
(-43.3457 0 0)
(-36.5221 0 0)
(-31.0539 0 0)
(-26.9564 0 0)
(-23.2515 0 0)
(-20.0647 0 0)
(-18.6328 0 0)
(-18.0445 0 0)
(-16.8144 0 0)
(-14.5104 0 0)
(-9.7456 0 0)
(-3.64772 0 0)
)
;

boundaryField
{
    sides
    {
        type            fixedValue;
        value           uniform (0 0 0);
    }
    empty
    {
        type            empty;
    }
}


// ************************************************************************* //
