/*--------------------------------*- C++ -*----------------------------------*\
| =========                 |                                                 |
| \\      /  F ield         | OpenFOAM: The Open Source CFD Toolbox           |
|  \\    /   O peration     | Version:  2412                                  |
|   \\  /    A nd           | Website:  www.openfoam.com                      |
|    \\/     M anipulation  |                                                 |
\*---------------------------------------------------------------------------*/
FoamFile
{
    version     2.0;
    format      ascii;
    arch        "LSB;label=32;scalar=64";
    class       volVectorField;
    location    "0.023882";
    object      U;
}
// * * * * * * * * * * * * * * * * * * * * * * * * * * * * * * * * * * * * * //

dimensions      [0 1 -1 0 0 0 0];

internalField   nonuniform List<vector> 
100
(
(3.0575 0 0)
(9.22482 0 0)
(15.3419 0 0)
(21.4765 0 0)
(27.5942 0 0)
(33.7096 0 0)
(39.8083 0 0)
(45.9034 0 0)
(51.9377 0 0)
(58.0824 0 0)
(64.0669 0 0)
(70.3535 0 0)
(76.207 0 0)
(82.6084 0 0)
(88.35 0 0)
(94.7562 0 0)
(100.546 0 0)
(106.763 0 0)
(112.855 0 0)
(118.855 0 0)
(125.159 0 0)
(131.07 0 0)
(137.534 0 0)
(143.316 0 0)
(149.547 0 0)
(155.133 0 0)
(161.026 0 0)
(166.601 0 0)
(172.498 0 0)
(178.437 0 0)
(184.948 0 0)
(191.779 0 0)
(198.785 0 0)
(205.271 0 0)
(211.581 0 0)
(219.59 0 0)
(234.076 0 0)
(250.571 0 0)
(257.191 0 0)
(260.709 0 0)
(263.971 0 0)
(266.988 0 0)
(268.661 0 0)
(268.978 0 0)
(270.336 0 0)
(273.885 0 0)
(276.761 0 0)
(279.397 0 0)
(282.379 0 0)
(284.394 0 0)
(284.445 0 0)
(283.695 0 0)
(283.311 0 0)
(283.037 0 0)
(282.612 0 0)
(283.003 0 0)
(284.088 0 0)
(283.744 0 0)
(281.72 0 0)
(281.727 0 0)
(285.798 0 0)
(287.12 0 0)
(280.36 0 0)
(277.672 0 0)
(284.184 0 0)
(290.012 0 0)
(287.184 0 0)
(273.492 0 0)
(270.11 0 0)
(282.851 0 0)
(125.046 0 0)
(23.1295 0 0)
(12.3982 0 0)
(21.2672 0 0)
(9.96505 0 0)
(19.0235 0 0)
(6.98039 0 0)
(7.13548 0 0)
(4.47916 0 0)
(-5.199 0 0)
(-5.12551 0 0)
(-11.4381 0 0)
(-12.9955 0 0)
(-5.29378 0 0)
(-2.7799 0 0)
(5.31455 0 0)
(11.3909 0 0)
(10.9682 0 0)
(7.27327 0 0)
(-1.75538 0 0)
(-8.16259 0 0)
(-6.26825 0 0)
(-2.3908 0 0)
(3.0462 0 0)
(5.48669 0 0)
(2.99351 0 0)
(-0.882318 0 0)
(-5.8881 0 0)
(-6.99357 0 0)
(-2.38104 0 0)
)
;

boundaryField
{
    sides
    {
        type            fixedValue;
        value           uniform (0 0 0);
    }
    empty
    {
        type            empty;
    }
}


// ************************************************************************* //
