/*--------------------------------*- C++ -*----------------------------------*\
| =========                 |                                                 |
| \\      /  F ield         | OpenFOAM: The Open Source CFD Toolbox           |
|  \\    /   O peration     | Version:  2412                                  |
|   \\  /    A nd           | Website:  www.openfoam.com                      |
|    \\/     M anipulation  |                                                 |
\*---------------------------------------------------------------------------*/
FoamFile
{
    version     2.0;
    format      ascii;
    arch        "LSB;label=32;scalar=64";
    class       volVectorField;
    location    "0.0206749";
    object      U;
}
// * * * * * * * * * * * * * * * * * * * * * * * * * * * * * * * * * * * * * //

dimensions      [0 1 -1 0 0 0 0];

internalField   nonuniform List<vector> 
100
(
(3.62776 0 0)
(10.9852 0 0)
(18.2886 0 0)
(25.5343 0 0)
(32.8471 0 0)
(40.1242 0 0)
(47.4567 0 0)
(54.8039 0 0)
(62.1652 0 0)
(69.4834 0 0)
(76.6592 0 0)
(83.7158 0 0)
(90.6081 0 0)
(97.7454 0 0)
(104.824 0 0)
(112.617 0 0)
(120.252 0 0)
(129.456 0 0)
(138.85 0 0)
(149.512 0 0)
(160.353 0 0)
(172.351 0 0)
(182.591 0 0)
(188.127 0 0)
(191.417 0 0)
(193.633 0 0)
(196.271 0 0)
(198.83 0 0)
(202.298 0 0)
(206.147 0 0)
(211.421 0 0)
(216.032 0 0)
(220.242 0 0)
(224.071 0 0)
(228.118 0 0)
(232.159 0 0)
(236.317 0 0)
(240.439 0 0)
(244.578 0 0)
(248.666 0 0)
(252.743 0 0)
(256.798 0 0)
(260.66 0 0)
(264.697 0 0)
(268.793 0 0)
(272.345 0 0)
(275.695 0 0)
(279.514 0 0)
(282.199 0 0)
(283.609 0 0)
(284.355 0 0)
(283.976 0 0)
(283.091 0 0)
(283.308 0 0)
(283.931 0 0)
(282.469 0 0)
(281.299 0 0)
(283.495 0 0)
(286.257 0 0)
(285.074 0 0)
(279.13 0 0)
(277.68 0 0)
(287.901 0 0)
(290.486 0 0)
(283.431 0 0)
(274.174 0 0)
(274.665 0 0)
(290.915 0 0)
(291.42 0 0)
(281.361 0 0)
(271.407 0 0)
(272.892 0 0)
(292.345 0 0)
(291.772 0 0)
(283.471 0 0)
(272.405 0 0)
(229.825 0 0)
(50.1107 0 0)
(12.8645 0 0)
(1.12432 0 0)
(23.5953 0 0)
(18.8575 0 0)
(14.1459 0 0)
(17.986 0 0)
(5.35349 0 0)
(9.33558 0 0)
(17.9509 0 0)
(16.7635 0 0)
(9.57199 0 0)
(2.49394 0 0)
(-4.64724 0 0)
(-11.3314 0 0)
(-17.3717 0 0)
(-15.1209 0 0)
(-8.44553 0 0)
(0.649344 0 0)
(8.1584 0 0)
(11.9555 0 0)
(9.4656 0 0)
(-1.15523 0 0)
)
;

boundaryField
{
    sides
    {
        type            fixedValue;
        value           uniform (0 0 0);
    }
    empty
    {
        type            empty;
    }
}


// ************************************************************************* //
