/*--------------------------------*- C++ -*----------------------------------*\
| =========                 |                                                 |
| \\      /  F ield         | OpenFOAM: The Open Source CFD Toolbox           |
|  \\    /   O peration     | Version:  2412                                  |
|   \\  /    A nd           | Website:  www.openfoam.com                      |
|    \\/     M anipulation  |                                                 |
\*---------------------------------------------------------------------------*/
FoamFile
{
    version     2.0;
    format      ascii;
    arch        "LSB;label=32;scalar=64";
    class       volVectorField;
    location    "0.0237567";
    object      U;
}
// * * * * * * * * * * * * * * * * * * * * * * * * * * * * * * * * * * * * * //

dimensions      [0 1 -1 0 0 0 0];

internalField   nonuniform List<vector> 
100
(
(3.07724 0 0)
(9.28544 0 0)
(15.4424 0 0)
(21.6167 0 0)
(27.7712 0 0)
(33.9305 0 0)
(40.0779 0 0)
(46.2158 0 0)
(52.2894 0 0)
(58.4622 0 0)
(64.4872 0 0)
(70.8079 0 0)
(76.7147 0 0)
(83.1481 0 0)
(88.9242 0 0)
(95.3729 0 0)
(101.195 0 0)
(107.452 0 0)
(113.577 0 0)
(119.661 0 0)
(126.024 0 0)
(131.975 0 0)
(138.443 0 0)
(144.19 0 0)
(150.356 0 0)
(155.913 0 0)
(161.819 0 0)
(167.484 0 0)
(173.545 0 0)
(179.739 0 0)
(186.575 0 0)
(193.554 0 0)
(200.422 0 0)
(206.775 0 0)
(213.94 0 0)
(225.466 0 0)
(243.113 0 0)
(253.124 0 0)
(256.959 0 0)
(260.357 0 0)
(263.474 0 0)
(265.657 0 0)
(266.308 0 0)
(267.567 0 0)
(270.093 0 0)
(273.748 0 0)
(276.702 0 0)
(280.069 0 0)
(282.909 0 0)
(284.491 0 0)
(284.291 0 0)
(283.554 0 0)
(283.274 0 0)
(282.936 0 0)
(282.594 0 0)
(283.391 0 0)
(284.259 0 0)
(283.051 0 0)
(281.452 0 0)
(282.819 0 0)
(286.129 0 0)
(285.855 0 0)
(279.525 0 0)
(277.63 0 0)
(287.552 0 0)
(290.196 0 0)
(283.16 0 0)
(272.517 0 0)
(273.403 0 0)
(292.716 0 0)
(177.518 0 0)
(38.1132 0 0)
(10.2597 0 0)
(20.0947 0 0)
(9.30931 0 0)
(18.7511 0 0)
(7.42581 0 0)
(9.67622 0 0)
(9.81111 0 0)
(-2.39639 0 0)
(-5.67736 0 0)
(-13.7528 0 0)
(-13.5293 0 0)
(-4.84928 0 0)
(-3.47953 0 0)
(3.50127 0 0)
(9.5842 0 0)
(9.21171 0 0)
(8.08458 0 0)
(2.48205 0 0)
(-4.94716 0 0)
(-5.94497 0 0)
(-4.84159 0 0)
(-1.17461 0 0)
(2.23154 0 0)
(2.35931 0 0)
(2.06091 0 0)
(-1.98652 0 0)
(-3.98724 0 0)
(-0.179313 0 0)
)
;

boundaryField
{
    sides
    {
        type            fixedValue;
        value           uniform (0 0 0);
    }
    empty
    {
        type            empty;
    }
}


// ************************************************************************* //
