/*--------------------------------*- C++ -*----------------------------------*\
| =========                 |                                                 |
| \\      /  F ield         | OpenFOAM: The Open Source CFD Toolbox           |
|  \\    /   O peration     | Version:  2412                                  |
|   \\  /    A nd           | Website:  www.openfoam.com                      |
|    \\/     M anipulation  |                                                 |
\*---------------------------------------------------------------------------*/
FoamFile
{
    version     2.0;
    format      ascii;
    arch        "LSB;label=32;scalar=64";
    class       volVectorField;
    location    "0.00373503";
    object      U;
}
// * * * * * * * * * * * * * * * * * * * * * * * * * * * * * * * * * * * * * //

dimensions      [0 1 -1 0 0 0 0];

internalField   nonuniform List<vector> 
100
(
(1.37492e-15 0 0)
(-6.56032e-14 0 0)
(-1.40352e-13 0 0)
(-7.55483e-14 0 0)
(8.69183e-15 0 0)
(5.73035e-14 0 0)
(9.43976e-14 0 0)
(2.08369e-14 0 0)
(-7.58677e-14 0 0)
(-9.48957e-14 0 0)
(-1.43676e-13 0 0)
(-4.96629e-14 0 0)
(-4.84728e-14 0 0)
(-4.10046e-14 0 0)
(-2.38751e-14 0 0)
(-4.51768e-14 0 0)
(-1.01723e-14 0 0)
(6.44791e-14 0 0)
(1.53491e-14 0 0)
(9.62066e-15 0 0)
(4.82618e-14 0 0)
(8.73669e-14 0 0)
(1.43991e-13 0 0)
(1.5103e-13 0 0)
(1.08266e-13 0 0)
(3.66079e-14 0 0)
(1.10697e-13 0 0)
(1.7485e-13 0 0)
(1.83483e-13 0 0)
(1.33319e-13 0 0)
(1.34222e-13 0 0)
(2.48143e-11 0 0)
(1.30043e-08 0 0)
(4.74833e-06 0 0)
(0.000965525 0 0)
(0.0791148 0 0)
(1.8403 0 0)
(11.9651 0 0)
(32.6369 0 0)
(56.5871 0 0)
(78.999 0 0)
(101.071 0 0)
(120.545 0 0)
(144.052 0 0)
(162.389 0 0)
(181.644 0 0)
(207.089 0 0)
(221.272 0 0)
(240.851 0 0)
(266.183 0 0)
(284.81 0 0)
(285.737 0 0)
(278.848 0 0)
(280.46 0 0)
(287.351 0 0)
(286.641 0 0)
(278.911 0 0)
(276.211 0 0)
(278.863 0 0)
(283.838 0 0)
(286.405 0 0)
(279.853 0 0)
(274.128 0 0)
(274.479 0 0)
(276.318 0 0)
(290.626 0 0)
(298.345 0 0)
(256.922 0 0)
(67.0815 0 0)
(0.631153 0 0)
(0.000351182 0 0)
(3.93904e-08 0 0)
(4.53786e-12 0 0)
(-3.2702e-14 0 0)
(-6.33151e-14 0 0)
(8.40047e-14 0 0)
(-3.48931e-14 0 0)
(2.99447e-16 0 0)
(-4.81226e-14 0 0)
(-1.62833e-13 0 0)
(-1.53497e-13 0 0)
(-3.11033e-14 0 0)
(5.41555e-14 0 0)
(-9.8477e-14 0 0)
(-9.28126e-14 0 0)
(-1.89142e-13 0 0)
(-2.82989e-13 0 0)
(-1.41418e-13 0 0)
(-1.81372e-13 0 0)
(-1.71235e-13 0 0)
(-3.64311e-14 0 0)
(-6.25941e-14 0 0)
(-1.66796e-13 0 0)
(-2.30658e-13 0 0)
(-2.25741e-13 0 0)
(-1.32666e-13 0 0)
(-5.50906e-14 0 0)
(-2.0366e-14 0 0)
(-7.75242e-14 0 0)
(-1.34696e-13 0 0)
)
;

boundaryField
{
    sides
    {
        type            fixedValue;
        value           uniform (0 0 0);
    }
    empty
    {
        type            empty;
    }
}


// ************************************************************************* //
