/*--------------------------------*- C++ -*----------------------------------*\
| =========                 |                                                 |
| \\      /  F ield         | OpenFOAM: The Open Source CFD Toolbox           |
|  \\    /   O peration     | Version:  2412                                  |
|   \\  /    A nd           | Website:  www.openfoam.com                      |
|    \\/     M anipulation  |                                                 |
\*---------------------------------------------------------------------------*/
FoamFile
{
    version     2.0;
    format      ascii;
    arch        "LSB;label=32;scalar=64";
    class       volVectorField;
    location    "0.00139309";
    object      U;
}
// * * * * * * * * * * * * * * * * * * * * * * * * * * * * * * * * * * * * * //

dimensions      [0 1 -1 0 0 0 0];

internalField   nonuniform List<vector> 
100
(
(5.74136e-14 0 0)
(-1.52629e-15 0 0)
(-1.19556e-14 0 0)
(2.03932e-14 0 0)
(8.35229e-15 0 0)
(8.13179e-14 0 0)
(-4.18091e-14 0 0)
(-5.09041e-14 0 0)
(2.0194e-14 0 0)
(-6.57142e-15 0 0)
(3.99223e-14 0 0)
(-1.92561e-15 0 0)
(-1.6522e-14 0 0)
(-4.06895e-14 0 0)
(6.91795e-17 0 0)
(2.68276e-14 0 0)
(3.77972e-14 0 0)
(2.58189e-16 0 0)
(-3.24508e-14 0 0)
(-3.81752e-14 0 0)
(2.41075e-14 0 0)
(7.10396e-14 0 0)
(1.59949e-14 0 0)
(-4.07442e-14 0 0)
(4.44155e-15 0 0)
(5.28742e-14 0 0)
(-5.59393e-16 0 0)
(-4.87425e-14 0 0)
(-3.89619e-16 0 0)
(7.7646e-14 0 0)
(1.09998e-13 0 0)
(6.4457e-14 0 0)
(2.34517e-14 0 0)
(4.13885e-14 0 0)
(2.74261e-14 0 0)
(-1.44058e-14 0 0)
(-2.16178e-14 0 0)
(-8.15085e-14 0 0)
(-9.55142e-14 0 0)
(2.8375e-11 0 0)
(3.79673e-08 0 0)
(2.43939e-05 0 0)
(0.00616433 0 0)
(0.467747 0 0)
(7.81599 0 0)
(36.7565 0 0)
(79.2521 0 0)
(133.817 0 0)
(173.086 0 0)
(219.86 0 0)
(279.518 0 0)
(281.161 0 0)
(280.586 0 0)
(289.459 0 0)
(299.744 0 0)
(291.247 0 0)
(167.322 0 0)
(8.44302 0 0)
(0.0185857 0 0)
(5.9531e-06 0 0)
(6.58533e-10 0 0)
(7.64369e-14 0 0)
(6.92056e-15 0 0)
(9.80546e-17 0 0)
(8.02343e-14 0 0)
(9.47503e-14 0 0)
(-5.82322e-15 0 0)
(-2.80042e-14 0 0)
(-3.54412e-14 0 0)
(-2.80926e-14 0 0)
(-7.7723e-15 0 0)
(-5.04178e-14 0 0)
(2.74689e-14 0 0)
(3.65276e-14 0 0)
(-1.34251e-14 0 0)
(6.8731e-15 0 0)
(6.82288e-15 0 0)
(6.98181e-15 0 0)
(-1.27735e-14 0 0)
(-2.9308e-14 0 0)
(4.24088e-14 0 0)
(1.07973e-13 0 0)
(4.90219e-15 0 0)
(-1.33093e-13 0 0)
(-2.92131e-14 0 0)
(4.2336e-14 0 0)
(9.39366e-14 0 0)
(-2.12676e-15 0 0)
(-9.06597e-14 0 0)
(-1.36285e-13 0 0)
(-9.28767e-14 0 0)
(4.86585e-16 0 0)
(7.14769e-14 0 0)
(6.85998e-15 0 0)
(-5.06807e-14 0 0)
(-6.40659e-15 0 0)
(7.30186e-15 0 0)
(4.98314e-14 0 0)
(-7.03944e-15 0 0)
(-7.16521e-14 0 0)
)
;

boundaryField
{
    sides
    {
        type            fixedValue;
        value           uniform (0 0 0);
    }
    empty
    {
        type            empty;
    }
}


// ************************************************************************* //
