/*--------------------------------*- C++ -*----------------------------------*\
| =========                 |                                                 |
| \\      /  F ield         | OpenFOAM: The Open Source CFD Toolbox           |
|  \\    /   O peration     | Version:  2412                                  |
|   \\  /    A nd           | Website:  www.openfoam.com                      |
|    \\/     M anipulation  |                                                 |
\*---------------------------------------------------------------------------*/
FoamFile
{
    version     2.0;
    format      ascii;
    arch        "LSB;label=32;scalar=64";
    class       volVectorField;
    location    "0.0182396";
    object      U;
}
// * * * * * * * * * * * * * * * * * * * * * * * * * * * * * * * * * * * * * //

dimensions      [0 1 -1 0 0 0 0];

internalField   nonuniform List<vector> 
100
(
(4.18417 0 0)
(12.7673 0 0)
(20.8862 0 0)
(29.042 0 0)
(37.6264 0 0)
(46.5673 0 0)
(56.4093 0 0)
(67.5408 0 0)
(79.879 0 0)
(92.3438 0 0)
(103.573 0 0)
(112.863 0 0)
(120.294 0 0)
(124.913 0 0)
(128.337 0 0)
(131.948 0 0)
(136.074 0 0)
(140.903 0 0)
(145.579 0 0)
(150.574 0 0)
(154.827 0 0)
(159.792 0 0)
(163.983 0 0)
(168.895 0 0)
(173.374 0 0)
(177.947 0 0)
(182.702 0 0)
(187.024 0 0)
(191.88 0 0)
(196.116 0 0)
(201.03 0 0)
(205.323 0 0)
(210.167 0 0)
(214.577 0 0)
(219.398 0 0)
(223.918 0 0)
(228.632 0 0)
(233.205 0 0)
(237.91 0 0)
(242.559 0 0)
(247.189 0 0)
(251.724 0 0)
(256.213 0 0)
(260.877 0 0)
(265.386 0 0)
(269.466 0 0)
(273.632 0 0)
(277.903 0 0)
(280.992 0 0)
(283.049 0 0)
(284.322 0 0)
(283.987 0 0)
(283.831 0 0)
(284.12 0 0)
(282.752 0 0)
(281.015 0 0)
(281.859 0 0)
(286.457 0 0)
(287.655 0 0)
(279.457 0 0)
(276.892 0 0)
(282.524 0 0)
(290.524 0 0)
(289.869 0 0)
(275.596 0 0)
(273.781 0 0)
(283.12 0 0)
(292.274 0 0)
(290.117 0 0)
(274.568 0 0)
(274.107 0 0)
(280.597 0 0)
(291.685 0 0)
(291.054 0 0)
(277.489 0 0)
(273.319 0 0)
(276.1 0 0)
(289.343 0 0)
(288.816 0 0)
(284.616 0 0)
(276.88 0 0)
(229.137 0 0)
(52.3589 0 0)
(15.5733 0 0)
(-8.49555 0 0)
(10.2753 0 0)
(28.5313 0 0)
(26.7869 0 0)
(16.5222 0 0)
(11.3335 0 0)
(4.82681 0 0)
(3.23856 0 0)
(7.28988 0 0)
(13.0583 0 0)
(16.5391 0 0)
(17.1617 0 0)
(16.6562 0 0)
(14.5332 0 0)
(10.3599 0 0)
(4.66493 0 0)
)
;

boundaryField
{
    sides
    {
        type            fixedValue;
        value           uniform (0 0 0);
    }
    empty
    {
        type            empty;
    }
}


// ************************************************************************* //
