/*--------------------------------*- C++ -*----------------------------------*\
| =========                 |                                                 |
| \\      /  F ield         | OpenFOAM: The Open Source CFD Toolbox           |
|  \\    /   O peration     | Version:  2412                                  |
|   \\  /    A nd           | Website:  www.openfoam.com                      |
|    \\/     M anipulation  |                                                 |
\*---------------------------------------------------------------------------*/
FoamFile
{
    version     2.0;
    format      ascii;
    arch        "LSB;label=32;scalar=64";
    class       volVectorField;
    location    "0.00548277";
    object      U;
}
// * * * * * * * * * * * * * * * * * * * * * * * * * * * * * * * * * * * * * //

dimensions      [0 1 -1 0 0 0 0];

internalField   nonuniform List<vector> 
100
(
(5.07799e-14 0 0)
(8.84016e-14 0 0)
(-3.50275e-14 0 0)
(-2.0598e-13 0 0)
(-1.70226e-13 0 0)
(-1.61008e-13 0 0)
(-1.715e-13 0 0)
(-1.7287e-13 0 0)
(-2.29137e-13 0 0)
(-1.43386e-13 0 0)
(-1.03529e-13 0 0)
(-8.18001e-14 0 0)
(-7.28918e-14 0 0)
(-5.68387e-14 0 0)
(-4.00286e-14 0 0)
(-6.17733e-14 0 0)
(-1.82286e-14 0 0)
(7.87009e-15 0 0)
(1.21172e-13 0 0)
(1.88088e-13 0 0)
(1.37035e-13 0 0)
(2.16415e-13 0 0)
(2.32361e-13 0 0)
(2.23368e-13 0 0)
(2.53353e-13 0 0)
(1.98398e-12 0 0)
(8.5281e-10 0 0)
(3.46469e-07 0 0)
(8.99777e-05 0 0)
(0.0110948 0 0)
(0.454436 0 0)
(4.9298 0 0)
(18.3729 0 0)
(36.7957 0 0)
(54.5813 0 0)
(70.6806 0 0)
(85.6601 0 0)
(100.557 0 0)
(114.721 0 0)
(130.369 0 0)
(143.66 0 0)
(159.907 0 0)
(173.34 0 0)
(186.457 0 0)
(202.576 0 0)
(215.813 0 0)
(229.215 0 0)
(242.501 0 0)
(261.006 0 0)
(275.305 0 0)
(280.413 0 0)
(279.943 0 0)
(280.944 0 0)
(287.705 0 0)
(287.741 0 0)
(279.779 0 0)
(277.883 0 0)
(282.134 0 0)
(288.494 0 0)
(287.963 0 0)
(282.913 0 0)
(277.803 0 0)
(278.169 0 0)
(281.602 0 0)
(282.83 0 0)
(277.678 0 0)
(277.258 0 0)
(279.355 0 0)
(282.852 0 0)
(285.971 0 0)
(285.878 0 0)
(281.221 0 0)
(275.717 0 0)
(277.428 0 0)
(289.362 0 0)
(284.399 0 0)
(182.588 0 0)
(12.6397 0 0)
(0.0304714 0 0)
(8.03256e-06 0 0)
(6.34779e-10 0 0)
(-2.61789e-13 0 0)
(-2.09279e-13 0 0)
(-8.9661e-14 0 0)
(-1.33712e-13 0 0)
(-1.82133e-13 0 0)
(-8.52811e-14 0 0)
(-5.6043e-14 0 0)
(-1.95222e-13 0 0)
(-3.27579e-13 0 0)
(-3.27512e-13 0 0)
(-2.82055e-13 0 0)
(-1.73586e-13 0 0)
(-1.58812e-13 0 0)
(-2.74977e-13 0 0)
(-3.87848e-13 0 0)
(-4.16608e-13 0 0)
(-2.61028e-13 0 0)
(-1.56107e-13 0 0)
(-7.79613e-14 0 0)
)
;

boundaryField
{
    sides
    {
        type            fixedValue;
        value           uniform (0 0 0);
    }
    empty
    {
        type            empty;
    }
}


// ************************************************************************* //
