/*--------------------------------*- C++ -*----------------------------------*\
| =========                 |                                                 |
| \\      /  F ield         | OpenFOAM: The Open Source CFD Toolbox           |
|  \\    /   O peration     | Version:  2412                                  |
|   \\  /    A nd           | Website:  www.openfoam.com                      |
|    \\/     M anipulation  |                                                 |
\*---------------------------------------------------------------------------*/
FoamFile
{
    version     2.0;
    format      ascii;
    arch        "LSB;label=32;scalar=64";
    class       volVectorField;
    location    "0.00937823";
    object      U;
}
// * * * * * * * * * * * * * * * * * * * * * * * * * * * * * * * * * * * * * //

dimensions      [0 1 -1 0 0 0 0];

internalField   nonuniform List<vector> 
100
(
(2.6837e-14 0 0)
(1.50124e-14 0 0)
(3.05831e-14 0 0)
(-7.33504e-14 0 0)
(-3.95071e-14 0 0)
(3.49095e-14 0 0)
(1.11605e-13 0 0)
(1.18642e-13 0 0)
(1.1236e-13 0 0)
(5.88383e-14 0 0)
(6.62509e-14 0 0)
(3.14697e-14 0 0)
(4.04175e-14 0 0)
(1.11578e-11 0 0)
(5.30407e-09 0 0)
(1.88758e-06 0 0)
(0.000394396 0 0)
(0.0350424 0 0)
(0.923277 0 0)
(6.65617 0 0)
(18.9639 0 0)
(32.6427 0 0)
(44.411 0 0)
(54.4453 0 0)
(63.6196 0 0)
(72.4803 0 0)
(81.2538 0 0)
(90.0283 0 0)
(98.7968 0 0)
(107.647 0 0)
(116.388 0 0)
(125.434 0 0)
(133.904 0 0)
(143.342 0 0)
(151.286 0 0)
(160.951 0 0)
(169.029 0 0)
(177.608 0 0)
(186.937 0 0)
(194.564 0 0)
(203.86 0 0)
(212.019 0 0)
(221.344 0 0)
(229.701 0 0)
(238.89 0 0)
(246.63 0 0)
(255.945 0 0)
(265.048 0 0)
(273.162 0 0)
(276.616 0 0)
(280.328 0 0)
(284.344 0 0)
(288.452 0 0)
(287.825 0 0)
(278.338 0 0)
(276.972 0 0)
(283.086 0 0)
(289.907 0 0)
(288.763 0 0)
(277.578 0 0)
(277.009 0 0)
(281.552 0 0)
(287.969 0 0)
(287.797 0 0)
(279.714 0 0)
(277.483 0 0)
(279.055 0 0)
(287.246 0 0)
(288.05 0 0)
(286.654 0 0)
(282.582 0 0)
(278.244 0 0)
(278.456 0 0)
(280.705 0 0)
(281.496 0 0)
(278.631 0 0)
(279.375 0 0)
(282.374 0 0)
(283.957 0 0)
(283.173 0 0)
(280.045 0 0)
(279.583 0 0)
(279.7 0 0)
(281.182 0 0)
(283.503 0 0)
(283.668 0 0)
(282.686 0 0)
(278.803 0 0)
(276.833 0 0)
(276.57 0 0)
(276.59 0 0)
(277.663 0 0)
(286.593 0 0)
(298.354 0 0)
(283.873 0 0)
(146.244 0 0)
(5.07578 0 0)
(0.00745807 0 0)
(1.54547e-06 0 0)
(1.3424e-10 0 0)
)
;

boundaryField
{
    sides
    {
        type            fixedValue;
        value           uniform (0 0 0);
    }
    empty
    {
        type            empty;
    }
}


// ************************************************************************* //
