/*--------------------------------*- C++ -*----------------------------------*\
| =========                 |                                                 |
| \\      /  F ield         | OpenFOAM: The Open Source CFD Toolbox           |
|  \\    /   O peration     | Version:  2412                                  |
|   \\  /    A nd           | Website:  www.openfoam.com                      |
|    \\/     M anipulation  |                                                 |
\*---------------------------------------------------------------------------*/
FoamFile
{
    version     2.0;
    format      ascii;
    arch        "LSB;label=32;scalar=64";
    class       volVectorField;
    location    "0.03268";
    object      U;
}
// * * * * * * * * * * * * * * * * * * * * * * * * * * * * * * * * * * * * * //

dimensions      [0 1 -1 0 0 0 0];

internalField   nonuniform List<vector> 
100
(
(2.05082 0 0)
(6.23991 0 0)
(10.3452 0 0)
(14.5756 0 0)
(18.6173 0 0)
(22.9199 0 0)
(26.8281 0 0)
(31.2656 0 0)
(35.0691 0 0)
(39.5847 0 0)
(43.4156 0 0)
(47.843 0 0)
(51.9165 0 0)
(56.0994 0 0)
(60.4379 0 0)
(64.4091 0 0)
(68.8644 0 0)
(72.7429 0 0)
(77.2184 0 0)
(81.1248 0 0)
(85.5243 0 0)
(89.5046 0 0)
(93.8191 0 0)
(97.8871 0 0)
(102.171 0 0)
(106.314 0 0)
(110.563 0 0)
(114.73 0 0)
(118.937 0 0)
(123.104 0 0)
(127.285 0 0)
(131.451 0 0)
(135.621 0 0)
(139.778 0 0)
(143.944 0 0)
(148.084 0 0)
(152.234 0 0)
(156.266 0 0)
(160.285 0 0)
(164.35 0 0)
(168.208 0 0)
(172.018 0 0)
(175.773 0 0)
(179.12 0 0)
(181.964 0 0)
(184.16 0 0)
(185.834 0 0)
(188.159 0 0)
(188.671 0 0)
(77.1886 0 0)
(-82.0996 0 0)
(-102.249 0 0)
(-90.1943 0 0)
(-81.2897 0 0)
(-76.0977 0 0)
(-71.95 0 0)
(-67.6759 0 0)
(-66.2866 0 0)
(-66.2539 0 0)
(-66.0118 0 0)
(-64.7192 0 0)
(-59.206 0 0)
(-55.9574 0 0)
(-49.2764 0 0)
(-49.4615 0 0)
(-48.0027 0 0)
(-47.6489 0 0)
(-49.3177 0 0)
(-43.6571 0 0)
(-42.361 0 0)
(-32.3039 0 0)
(-28.3217 0 0)
(-23.7334 0 0)
(-22.1207 0 0)
(-24.632 0 0)
(-14.6537 0 0)
(-3.39953 0 0)
(7.2378 0 0)
(8.57473 0 0)
(8.37753 0 0)
(4.41499 0 0)
(-1.13831 0 0)
(-1.97868 0 0)
(-1.08078 0 0)
(1.09464 0 0)
(2.28963 0 0)
(0.801297 0 0)
(-0.903473 0 0)
(-3.57114 0 0)
(-1.89763 0 0)
(1.0297 0 0)
(3.7241 0 0)
(2.76589 0 0)
(0.174296 0 0)
(-2.76544 0 0)
(-3.63394 0 0)
(-2.56124 0 0)
(-0.194841 0 0)
(1.24432 0 0)
(-1.71249 0 0)
)
;

boundaryField
{
    sides
    {
        type            fixedValue;
        value           uniform (0 0 0);
    }
    empty
    {
        type            empty;
    }
}


// ************************************************************************* //
