/*--------------------------------*- C++ -*----------------------------------*\
| =========                 |                                                 |
| \\      /  F ield         | OpenFOAM: The Open Source CFD Toolbox           |
|  \\    /   O peration     | Version:  2412                                  |
|   \\  /    A nd           | Website:  www.openfoam.com                      |
|    \\/     M anipulation  |                                                 |
\*---------------------------------------------------------------------------*/
FoamFile
{
    version     2.0;
    format      ascii;
    arch        "LSB;label=32;scalar=64";
    class       volVectorField;
    location    "0.0274034";
    object      U;
}
// * * * * * * * * * * * * * * * * * * * * * * * * * * * * * * * * * * * * * //

dimensions      [0 1 -1 0 0 0 0];

internalField   nonuniform List<vector> 
100
(
(2.54799 0 0)
(7.70922 0 0)
(12.8273 0 0)
(17.9675 0 0)
(23.0906 0 0)
(28.2698 0 0)
(33.3654 0 0)
(38.6064 0 0)
(43.603 0 0)
(48.9814 0 0)
(53.842 0 0)
(59.3333 0 0)
(64.1204 0 0)
(69.5575 0 0)
(74.5167 0 0)
(79.7728 0 0)
(84.9946 0 0)
(89.9961 0 0)
(95.3731 0 0)
(100.249 0 0)
(105.699 0 0)
(110.607 0 0)
(116.032 0 0)
(120.999 0 0)
(126.359 0 0)
(131.416 0 0)
(136.705 0 0)
(141.821 0 0)
(147.081 0 0)
(152.245 0 0)
(157.48 0 0)
(162.64 0 0)
(167.811 0 0)
(172.937 0 0)
(178.066 0 0)
(183.206 0 0)
(188.412 0 0)
(193.697 0 0)
(198.974 0 0)
(204.273 0 0)
(209.55 0 0)
(214.552 0 0)
(219.258 0 0)
(224.006 0 0)
(228.706 0 0)
(232.583 0 0)
(235.946 0 0)
(239.581 0 0)
(243.707 0 0)
(249.992 0 0)
(253.163 0 0)
(253.544 0 0)
(253.66 0 0)
(253.27 0 0)
(254.671 0 0)
(266.439 0 0)
(285.646 0 0)
(288.485 0 0)
(289.138 0 0)
(291.381 0 0)
(290.31 0 0)
(288.48 0 0)
(264.417 0 0)
(82.4516 0 0)
(0.636319 0 0)
(3.89801 0 0)
(4.88335 0 0)
(-2.65221 0 0)
(-2.5042 0 0)
(-13.2409 0 0)
(-5.66791 0 0)
(-5.98797 0 0)
(-0.206161 0 0)
(7.21377 0 0)
(3.64714 0 0)
(9.47026 0 0)
(3.24437 0 0)
(2.41996 0 0)
(-0.585579 0 0)
(-6.9155 0 0)
(-3.77861 0 0)
(-1.224 0 0)
(3.0384 0 0)
(6.39311 0 0)
(3.83309 0 0)
(-1.01815 0 0)
(-3.09395 0 0)
(-5.13812 0 0)
(-2.83185 0 0)
(0.900231 0 0)
(2.4252 0 0)
(5.05622 0 0)
(3.35028 0 0)
(-1.00754 0 0)
(-4.35311 0 0)
(-4.8576 0 0)
(-2.23801 0 0)
(0.74289 0 0)
(3.1792 0 0)
(1.00742 0 0)
)
;

boundaryField
{
    sides
    {
        type            fixedValue;
        value           uniform (0 0 0);
    }
    empty
    {
        type            empty;
    }
}


// ************************************************************************* //
