/*--------------------------------*- C++ -*----------------------------------*\
| =========                 |                                                 |
| \\      /  F ield         | OpenFOAM: The Open Source CFD Toolbox           |
|  \\    /   O peration     | Version:  2412                                  |
|   \\  /    A nd           | Website:  www.openfoam.com                      |
|    \\/     M anipulation  |                                                 |
\*---------------------------------------------------------------------------*/
FoamFile
{
    version     2.0;
    format      ascii;
    arch        "LSB;label=32;scalar=64";
    class       volVectorField;
    location    "0.0255074";
    object      U;
}
// * * * * * * * * * * * * * * * * * * * * * * * * * * * * * * * * * * * * * //

dimensions      [0 1 -1 0 0 0 0];

internalField   nonuniform List<vector> 
100
(
(2.81319 0 0)
(8.47693 0 0)
(14.0799 0 0)
(19.6909 0 0)
(25.3046 0 0)
(30.924 0 0)
(36.55 0 0)
(42.2366 0 0)
(47.7939 0 0)
(53.5667 0 0)
(58.999 0 0)
(64.8995 0 0)
(70.1776 0 0)
(76.1102 0 0)
(81.3794 0 0)
(87.2504 0 0)
(92.7876 0 0)
(98.4 0 0)
(104.146 0 0)
(109.551 0 0)
(115.42 0 0)
(120.738 0 0)
(126.642 0 0)
(132.019 0 0)
(137.842 0 0)
(143.281 0 0)
(149.062 0 0)
(154.651 0 0)
(160.505 0 0)
(166.234 0 0)
(172.05 0 0)
(177.677 0 0)
(183.203 0 0)
(188.526 0 0)
(193.777 0 0)
(198.929 0 0)
(204.073 0 0)
(209.416 0 0)
(215.425 0 0)
(222.196 0 0)
(228.978 0 0)
(234.49 0 0)
(238.457 0 0)
(242.91 0 0)
(252.282 0 0)
(272.312 0 0)
(284.265 0 0)
(287.077 0 0)
(289.643 0 0)
(290.277 0 0)
(289.705 0 0)
(288.418 0 0)
(284.52 0 0)
(281.347 0 0)
(280.999 0 0)
(281.787 0 0)
(282.23 0 0)
(281.67 0 0)
(282.204 0 0)
(284.941 0 0)
(286.006 0 0)
(281.446 0 0)
(279.571 0 0)
(284.901 0 0)
(287.977 0 0)
(288.1 0 0)
(239.306 0 0)
(68.6065 0 0)
(12.8525 0 0)
(-2.34172 0 0)
(17.6945 0 0)
(13.8303 0 0)
(9.30314 0 0)
(3.61502 0 0)
(-15.9635 0 0)
(-10.788 0 0)
(-11.3551 0 0)
(-3.93052 0 0)
(1.74888 0 0)
(1.55851 0 0)
(7.87702 0 0)
(6.8275 0 0)
(5.5426 0 0)
(4.06415 0 0)
(-2.13654 0 0)
(-3.67829 0 0)
(-3.44883 0 0)
(-2.70195 0 0)
(2.72967 0 0)
(4.48644 0 0)
(1.25149 0 0)
(-1.42814 0 0)
(-4.33624 0 0)
(-5.58647 0 0)
(-3.7684 0 0)
(-0.592776 0 0)
(4.11996 0 0)
(6.93466 0 0)
(7.97089 0 0)
(3.27492 0 0)
)
;

boundaryField
{
    sides
    {
        type            fixedValue;
        value           uniform (0 0 0);
    }
    empty
    {
        type            empty;
    }
}


// ************************************************************************* //
