/*--------------------------------*- C++ -*----------------------------------*\
| =========                 |                                                 |
| \\      /  F ield         | OpenFOAM: The Open Source CFD Toolbox           |
|  \\    /   O peration     | Version:  2412                                  |
|   \\  /    A nd           | Website:  www.openfoam.com                      |
|    \\/     M anipulation  |                                                 |
\*---------------------------------------------------------------------------*/
FoamFile
{
    version     2.0;
    format      ascii;
    arch        "LSB;label=32;scalar=64";
    class       volVectorField;
    location    "0.0539266";
    object      U;
}
// * * * * * * * * * * * * * * * * * * * * * * * * * * * * * * * * * * * * * //

dimensions      [0 1 -1 0 0 0 0];

internalField   nonuniform List<vector> 
100
(
(9.04792 0 0)
(8.64571 0 0)
(-1.60891 0 0)
(-17.3177 0 0)
(-25.1677 0 0)
(-15.3671 0 0)
(5.91501 0 0)
(22.5506 0 0)
(24.8958 0 0)
(17.0992 0 0)
(-4.07285 0 0)
(-17.5416 0 0)
(-12.2664 0 0)
(-1.22478 0 0)
(7.75316 0 0)
(2.40711 0 0)
(-8.09879 0 0)
(-11.7693 0 0)
(-32.4602 0 0)
(-154.432 0 0)
(-224.404 0 0)
(-229.508 0 0)
(-229.021 0 0)
(-227.034 0 0)
(-222.768 0 0)
(-214.062 0 0)
(-210.113 0 0)
(-209.09 0 0)
(-220.593 0 0)
(-242.426 0 0)
(-245.644 0 0)
(-244.153 0 0)
(-241.907 0 0)
(-236.569 0 0)
(-211.796 0 0)
(-183.808 0 0)
(-174.064 0 0)
(-171.664 0 0)
(-170.857 0 0)
(-170.227 0 0)
(-168.944 0 0)
(-166.006 0 0)
(-160.82 0 0)
(-157.414 0 0)
(-156.062 0 0)
(-155.287 0 0)
(-154.648 0 0)
(-155.019 0 0)
(-156.094 0 0)
(-156.173 0 0)
(-155.279 0 0)
(-153.92 0 0)
(-150.22 0 0)
(-140.678 0 0)
(-130.23 0 0)
(-124.727 0 0)
(-121.981 0 0)
(-120.903 0 0)
(-120.153 0 0)
(-119.672 0 0)
(-119.634 0 0)
(-119.261 0 0)
(-118.142 0 0)
(-115.063 0 0)
(-109.137 0 0)
(-103.469 0 0)
(-99.6266 0 0)
(-96.6845 0 0)
(-94.3281 0 0)
(-91.8474 0 0)
(-88.9779 0 0)
(-85.6977 0 0)
(-82.5935 0 0)
(-79.253 0 0)
(-76.3973 0 0)
(-73.0974 0 0)
(-70.2919 0 0)
(-67.2412 0 0)
(-64.5649 0 0)
(-61.8793 0 0)
(-58.68 0 0)
(-56.29 0 0)
(-52.4772 0 0)
(-49.8292 0 0)
(-46.4718 0 0)
(-43.2005 0 0)
(-40.2089 0 0)
(-36.9307 0 0)
(-34.6072 0 0)
(-31.2117 0 0)
(-28.6614 0 0)
(-25.6048 0 0)
(-23.124 0 0)
(-20.0741 0 0)
(-16.9646 0 0)
(-13.5429 0 0)
(-9.8102 0 0)
(-6.74501 0 0)
(-3.42072 0 0)
(-1.33028 0 0)
)
;

boundaryField
{
    sides
    {
        type            fixedValue;
        value           uniform (0 0 0);
    }
    empty
    {
        type            empty;
    }
}


// ************************************************************************* //
