/*--------------------------------*- C++ -*----------------------------------*\
| =========                 |                                                 |
| \\      /  F ield         | OpenFOAM: The Open Source CFD Toolbox           |
|  \\    /   O peration     | Version:  2412                                  |
|   \\  /    A nd           | Website:  www.openfoam.com                      |
|    \\/     M anipulation  |                                                 |
\*---------------------------------------------------------------------------*/
FoamFile
{
    version     2.0;
    format      ascii;
    arch        "LSB;label=32;scalar=64";
    class       volVectorField;
    location    "0.014382";
    object      U;
}
// * * * * * * * * * * * * * * * * * * * * * * * * * * * * * * * * * * * * * //

dimensions      [0 1 -1 0 0 0 0];

internalField   nonuniform List<vector> 
100
(
(0.000137218 0 0)
(0.0161918 0 0)
(0.534595 0 0)
(4.63825 0 0)
(14.5789 0 0)
(25.895 0 0)
(35.1399 0 0)
(42.4168 0 0)
(48.673 0 0)
(54.5376 0 0)
(60.2995 0 0)
(66.0596 0 0)
(71.8398 0 0)
(77.6374 0 0)
(83.4465 0 0)
(89.2645 0 0)
(95.0895 0 0)
(100.925 0 0)
(106.766 0 0)
(112.627 0 0)
(118.474 0 0)
(124.379 0 0)
(130.175 0 0)
(136.17 0 0)
(141.777 0 0)
(147.948 0 0)
(153.265 0 0)
(159.604 0 0)
(164.899 0 0)
(170.987 0 0)
(176.772 0 0)
(182.255 0 0)
(188.366 0 0)
(193.714 0 0)
(199.871 0 0)
(205.179 0 0)
(211.37 0 0)
(216.92 0 0)
(222.96 0 0)
(228.558 0 0)
(234.584 0 0)
(240.423 0 0)
(246.242 0 0)
(251.875 0 0)
(257.674 0 0)
(263.374 0 0)
(268.284 0 0)
(273.751 0 0)
(278.885 0 0)
(282.69 0 0)
(283.892 0 0)
(283.287 0 0)
(282.128 0 0)
(285.064 0 0)
(286.629 0 0)
(282.266 0 0)
(277.997 0 0)
(279.604 0 0)
(288.737 0 0)
(290.304 0 0)
(279.86 0 0)
(275.261 0 0)
(279.097 0 0)
(290.304 0 0)
(290.716 0 0)
(279.986 0 0)
(274.685 0 0)
(277.394 0 0)
(289.421 0 0)
(288.734 0 0)
(284.142 0 0)
(276.569 0 0)
(276.845 0 0)
(284.278 0 0)
(289.154 0 0)
(287.439 0 0)
(279.498 0 0)
(275.143 0 0)
(277.343 0 0)
(279.963 0 0)
(287.51 0 0)
(286.256 0 0)
(283 0 0)
(281.895 0 0)
(279.26 0 0)
(279.288 0 0)
(280.555 0 0)
(283.48 0 0)
(284.247 0 0)
(208.467 0 0)
(26.6292 0 0)
(-7.15631 0 0)
(2.1349 0 0)
(2.47082 0 0)
(1.27923 0 0)
(3.50762 0 0)
(1.2535 0 0)
(1.38228 0 0)
(2.24839 0 0)
(-4.52402 0 0)
)
;

boundaryField
{
    sides
    {
        type            fixedValue;
        value           uniform (0 0 0);
    }
    empty
    {
        type            empty;
    }
}


// ************************************************************************* //
