/*--------------------------------*- C++ -*----------------------------------*\
| =========                 |                                                 |
| \\      /  F ield         | OpenFOAM: The Open Source CFD Toolbox           |
|  \\    /   O peration     | Version:  2412                                  |
|   \\  /    A nd           | Website:  www.openfoam.com                      |
|    \\/     M anipulation  |                                                 |
\*---------------------------------------------------------------------------*/
FoamFile
{
    version     2.0;
    format      ascii;
    arch        "LSB;label=32;scalar=64";
    class       volVectorField;
    location    "0.0358976";
    object      U;
}
// * * * * * * * * * * * * * * * * * * * * * * * * * * * * * * * * * * * * * //

dimensions      [0 1 -1 0 0 0 0];

internalField   nonuniform List<vector> 
100
(
(1.82371 0 0)
(5.64689 0 0)
(9.27987 0 0)
(13.1487 0 0)
(16.6838 0 0)
(20.665 0 0)
(24.0793 0 0)
(28.16 0 0)
(31.5121 0 0)
(35.5636 0 0)
(39.065 0 0)
(42.9026 0 0)
(46.6943 0 0)
(50.2994 0 0)
(54.2836 0 0)
(57.7247 0 0)
(61.7541 0 0)
(65.1836 0 0)
(69.1813 0 0)
(72.6901 0 0)
(76.6107 0 0)
(80.2048 0 0)
(84.0549 0 0)
(87.7119 0 0)
(91.5032 0 0)
(95.1871 0 0)
(98.9319 0 0)
(102.631 0 0)
(106.364 0 0)
(110.078 0 0)
(113.805 0 0)
(117.474 0 0)
(121.118 0 0)
(124.674 0 0)
(128.203 0 0)
(131.74 0 0)
(135.339 0 0)
(139.269 0 0)
(131.45 0 0)
(-36.9535 0 0)
(-137.924 0 0)
(-139.099 0 0)
(-124.315 0 0)
(-120.074 0 0)
(-122.41 0 0)
(-125.061 0 0)
(-125.003 0 0)
(-122.882 0 0)
(-117.063 0 0)
(-109.944 0 0)
(-106.184 0 0)
(-105.484 0 0)
(-105.356 0 0)
(-105.724 0 0)
(-105.92 0 0)
(-105.434 0 0)
(-101.675 0 0)
(-95.0629 0 0)
(-85.3955 0 0)
(-79.9675 0 0)
(-78.2552 0 0)
(-78.2921 0 0)
(-79.0901 0 0)
(-77.303 0 0)
(-78.0477 0 0)
(-73.9183 0 0)
(-71.1991 0 0)
(-68.3324 0 0)
(-64.1838 0 0)
(-63.4748 0 0)
(-58.9081 0 0)
(-58.8186 0 0)
(-52.7544 0 0)
(-48.0141 0 0)
(-45.6815 0 0)
(-45.1247 0 0)
(-47.9376 0 0)
(-44.3437 0 0)
(-38.6742 0 0)
(-32.3186 0 0)
(-29.0136 0 0)
(-29.2838 0 0)
(-32.4546 0 0)
(-35.533 0 0)
(-32.6918 0 0)
(-24.2356 0 0)
(-9.8177 0 0)
(7.83371 0 0)
(13.6695 0 0)
(13.5139 0 0)
(9.23947 0 0)
(4.87072 0 0)
(-0.894375 0 0)
(-3.78205 0 0)
(-3.52794 0 0)
(-2.06286 0 0)
(-0.328053 0 0)
(-0.474567 0 0)
(-0.00366066 0 0)
(-1.17328 0 0)
)
;

boundaryField
{
    sides
    {
        type            fixedValue;
        value           uniform (0 0 0);
    }
    empty
    {
        type            empty;
    }
}


// ************************************************************************* //
