/*--------------------------------*- C++ -*----------------------------------*\
| =========                 |                                                 |
| \\      /  F ield         | OpenFOAM: The Open Source CFD Toolbox           |
|  \\    /   O peration     | Version:  2412                                  |
|   \\  /    A nd           | Website:  www.openfoam.com                      |
|    \\/     M anipulation  |                                                 |
\*---------------------------------------------------------------------------*/
FoamFile
{
    version     2.0;
    format      ascii;
    arch        "LSB;label=32;scalar=64";
    class       volVectorField;
    location    "0.0225891";
    object      U;
}
// * * * * * * * * * * * * * * * * * * * * * * * * * * * * * * * * * * * * * //

dimensions      [0 1 -1 0 0 0 0];

internalField   nonuniform List<vector> 
100
(
(3.26641 0 0)
(9.86723 0 0)
(16.4163 0 0)
(22.9719 0 0)
(29.5311 0 0)
(36.0749 0 0)
(42.6377 0 0)
(49.1991 0 0)
(55.7446 0 0)
(62.3158 0 0)
(68.7536 0 0)
(75.324 0 0)
(81.6434 0 0)
(88.4063 0 0)
(94.6792 0 0)
(101.575 0 0)
(107.781 0 0)
(114.663 0 0)
(120.886 0 0)
(127.17 0 0)
(133.418 0 0)
(139.416 0 0)
(145.865 0 0)
(152.102 0 0)
(159.296 0 0)
(166.21 0 0)
(174.107 0 0)
(181.616 0 0)
(190.038 0 0)
(200.53 0 0)
(215.649 0 0)
(227.161 0 0)
(232.03 0 0)
(235.361 0 0)
(238.312 0 0)
(240.168 0 0)
(241.542 0 0)
(244.213 0 0)
(247.455 0 0)
(250.788 0 0)
(255.066 0 0)
(260.175 0 0)
(263.887 0 0)
(267.591 0 0)
(270.846 0 0)
(273.629 0 0)
(277.107 0 0)
(280.578 0 0)
(282.742 0 0)
(283.801 0 0)
(284.268 0 0)
(283.792 0 0)
(283.066 0 0)
(283.271 0 0)
(283.584 0 0)
(282.618 0 0)
(282.044 0 0)
(284.303 0 0)
(285.52 0 0)
(282.272 0 0)
(279.694 0 0)
(282.429 0 0)
(288.36 0 0)
(288.363 0 0)
(277.314 0 0)
(274.557 0 0)
(285.251 0 0)
(291.414 0 0)
(286.44 0 0)
(271.267 0 0)
(270.645 0 0)
(287.847 0 0)
(260.682 0 0)
(74.9151 0 0)
(2.63139 0 0)
(25.4468 0 0)
(16.7847 0 0)
(8.66644 0 0)
(11.9546 0 0)
(8.34076 0 0)
(20.4993 0 0)
(15.2798 0 0)
(6.29058 0 0)
(-1.50982 0 0)
(-11.6957 0 0)
(-11.5189 0 0)
(-6.48118 0 0)
(-2.19552 0 0)
(-2.87278 0 0)
(-0.803228 0 0)
(1.12204 0 0)
(4.17465 0 0)
(4.44386 0 0)
(7.2703 0 0)
(2.43439 0 0)
(-1.7347 0 0)
(-0.76128 0 0)
(0.861837 0 0)
(2.12638 0 0)
(-4.2863 0 0)
)
;

boundaryField
{
    sides
    {
        type            fixedValue;
        value           uniform (0 0 0);
    }
    empty
    {
        type            empty;
    }
}


// ************************************************************************* //
