/*--------------------------------*- C++ -*----------------------------------*\
| =========                 |                                                 |
| \\      /  F ield         | OpenFOAM: The Open Source CFD Toolbox           |
|  \\    /   O peration     | Version:  2412                                  |
|   \\  /    A nd           | Website:  www.openfoam.com                      |
|    \\/     M anipulation  |                                                 |
\*---------------------------------------------------------------------------*/
FoamFile
{
    version     2.0;
    format      ascii;
    arch        "LSB;label=32;scalar=64";
    class       volVectorField;
    location    "0.0148321";
    object      U;
}
// * * * * * * * * * * * * * * * * * * * * * * * * * * * * * * * * * * * * * //

dimensions      [0 1 -1 0 0 0 0];

internalField   nonuniform List<vector> 
100
(
(0.0653112 0 0)
(1.54333 0 0)
(8.24797 0 0)
(19.3734 0 0)
(29.8138 0 0)
(37.928 0 0)
(44.4834 0 0)
(50.3375 0 0)
(55.9572 0 0)
(61.5347 0 0)
(67.1276 0 0)
(72.7423 0 0)
(78.3729 0 0)
(84.0135 0 0)
(89.6613 0 0)
(95.3167 0 0)
(100.979 0 0)
(106.653 0 0)
(112.329 0 0)
(118.033 0 0)
(123.7 0 0)
(129.456 0 0)
(135.033 0 0)
(140.9 0 0)
(146.242 0 0)
(152.299 0 0)
(157.402 0 0)
(163.534 0 0)
(168.793 0 0)
(174.52 0 0)
(180.283 0 0)
(185.52 0 0)
(191.455 0 0)
(196.652 0 0)
(202.666 0 0)
(207.838 0 0)
(213.782 0 0)
(219.228 0 0)
(225.127 0 0)
(230.591 0 0)
(236.33 0 0)
(242.001 0 0)
(247.735 0 0)
(253.205 0 0)
(258.643 0 0)
(264.295 0 0)
(269.386 0 0)
(273.83 0 0)
(278.756 0 0)
(282.926 0 0)
(285.208 0 0)
(284.379 0 0)
(281.974 0 0)
(280.917 0 0)
(285.443 0 0)
(287.295 0 0)
(282.194 0 0)
(277.388 0 0)
(279.182 0 0)
(289.021 0 0)
(290.554 0 0)
(279.911 0 0)
(275.037 0 0)
(278.922 0 0)
(290.623 0 0)
(290.879 0 0)
(280.345 0 0)
(274.411 0 0)
(276.819 0 0)
(289.16 0 0)
(288.837 0 0)
(284.713 0 0)
(276.372 0 0)
(276.401 0 0)
(283.023 0 0)
(289.14 0 0)
(287.814 0 0)
(280.865 0 0)
(275.087 0 0)
(277.353 0 0)
(278.483 0 0)
(286.927 0 0)
(286.857 0 0)
(282.507 0 0)
(282.091 0 0)
(279.744 0 0)
(279.083 0 0)
(282.232 0 0)
(204.4 0 0)
(36.9294 0 0)
(-4.50307 0 0)
(5.25124 0 0)
(5.9724 0 0)
(3.77537 0 0)
(-0.58027 0 0)
(-0.52448 0 0)
(0.606289 0 0)
(2.92837 0 0)
(4.14435 0 0)
(-2.58196 0 0)
)
;

boundaryField
{
    sides
    {
        type            fixedValue;
        value           uniform (0 0 0);
    }
    empty
    {
        type            empty;
    }
}


// ************************************************************************* //
