/*--------------------------------*- C++ -*----------------------------------*\
| =========                 |                                                 |
| \\      /  F ield         | OpenFOAM: The Open Source CFD Toolbox           |
|  \\    /   O peration     | Version:  2412                                  |
|   \\  /    A nd           | Website:  www.openfoam.com                      |
|    \\/     M anipulation  |                                                 |
\*---------------------------------------------------------------------------*/
FoamFile
{
    version     2.0;
    format      ascii;
    arch        "LSB;label=32;scalar=64";
    class       volVectorField;
    location    "0.0114353";
    object      U;
}
// * * * * * * * * * * * * * * * * * * * * * * * * * * * * * * * * * * * * * //

dimensions      [0 1 -1 0 0 0 0];

internalField   nonuniform List<vector> 
100
(
(5.28761e-14 0 0)
(5.49988e-14 0 0)
(5.42636e-14 0 0)
(-1.36048e-15 0 0)
(-2.35922e-14 0 0)
(-1.37548e-14 0 0)
(5.86387e-13 0 0)
(2.50547e-10 0 0)
(1.05373e-07 0 0)
(2.96164e-05 0 0)
(0.00418289 0 0)
(0.20851 0 0)
(2.75421 0 0)
(11.5683 0 0)
(24.1044 0 0)
(35.5069 0 0)
(44.7866 0 0)
(52.7722 0 0)
(60.2081 0 0)
(67.4693 0 0)
(74.6979 0 0)
(81.9342 0 0)
(89.1825 0 0)
(96.4501 0 0)
(103.721 0 0)
(111.041 0 0)
(118.305 0 0)
(125.731 0 0)
(132.842 0 0)
(140.489 0 0)
(147.217 0 0)
(155.159 0 0)
(161.676 0 0)
(169.356 0 0)
(176.516 0 0)
(183.215 0 0)
(190.95 0 0)
(197.552 0 0)
(205.194 0 0)
(211.843 0 0)
(219.616 0 0)
(226.586 0 0)
(234.037 0 0)
(241.184 0 0)
(248.429 0 0)
(255.223 0 0)
(262.658 0 0)
(269.75 0 0)
(275.361 0 0)
(278.894 0 0)
(281.81 0 0)
(286.31 0 0)
(287.456 0 0)
(284.823 0 0)
(278.47 0 0)
(277.219 0 0)
(287.329 0 0)
(289.747 0 0)
(284.599 0 0)
(276.197 0 0)
(275.633 0 0)
(287.335 0 0)
(289.21 0 0)
(285.267 0 0)
(277.11 0 0)
(276.867 0 0)
(284.562 0 0)
(289.102 0 0)
(287.889 0 0)
(279.326 0 0)
(277.791 0 0)
(278.239 0 0)
(285.712 0 0)
(287.756 0 0)
(283.9 0 0)
(283.487 0 0)
(278.428 0 0)
(278.046 0 0)
(280.082 0 0)
(282.314 0 0)
(281.654 0 0)
(281.079 0 0)
(283.287 0 0)
(284.543 0 0)
(282.376 0 0)
(278.246 0 0)
(277.832 0 0)
(278.003 0 0)
(279.204 0 0)
(282.463 0 0)
(283.436 0 0)
(283.251 0 0)
(281.659 0 0)
(280.18 0 0)
(279.647 0 0)
(282.882 0 0)
(266.838 0 0)
(120.38 0 0)
(-20.1922 0 0)
(-9.57346 0 0)
)
;

boundaryField
{
    sides
    {
        type            fixedValue;
        value           uniform (0 0 0);
    }
    empty
    {
        type            empty;
    }
}


// ************************************************************************* //
