/*--------------------------------*- C++ -*----------------------------------*\
| =========                 |                                                 |
| \\      /  F ield         | OpenFOAM: The Open Source CFD Toolbox           |
|  \\    /   O peration     | Version:  2412                                  |
|   \\  /    A nd           | Website:  www.openfoam.com                      |
|    \\/     M anipulation  |                                                 |
\*---------------------------------------------------------------------------*/
FoamFile
{
    version     2.0;
    format      ascii;
    arch        "LSB;label=32;scalar=64";
    class       volVectorField;
    location    "0.000832182";
    object      U;
}
// * * * * * * * * * * * * * * * * * * * * * * * * * * * * * * * * * * * * * //

dimensions      [0 1 -1 0 0 0 0];

internalField   nonuniform List<vector> 
100
(
(4.10226e-14 0 0)
(5.53493e-14 0 0)
(-3.85394e-15 0 0)
(-3.63212e-14 0 0)
(-5.61967e-14 0 0)
(3.28834e-14 0 0)
(6.36139e-14 0 0)
(1.32777e-14 0 0)
(-5.28078e-14 0 0)
(-2.24432e-14 0 0)
(-2.43421e-14 0 0)
(-1.01819e-14 0 0)
(-1.62373e-14 0 0)
(-8.10484e-15 0 0)
(1.56306e-20 0 0)
(1.86689e-14 0 0)
(-1.0564e-14 0 0)
(1.62372e-14 0 0)
(-1.62372e-14 0 0)
(2.64192e-14 0 0)
(2.61131e-21 0 0)
(-1.01819e-14 0 0)
(-2.41409e-20 0 0)
(-1.62073e-14 0 0)
(3.63419e-14 0 0)
(-1.19998e-14 0 0)
(-8.13477e-15 0 0)
(-2.43421e-14 0 0)
(4.02225e-14 0 0)
(7.7551e-14 0 0)
(4.46439e-14 0 0)
(6.45502e-14 0 0)
(-7.48901e-16 0 0)
(-6.3367e-14 0 0)
(-4.44139e-15 0 0)
(4.19397e-14 0 0)
(2.66176e-14 0 0)
(-1.70658e-14 0 0)
(-1.11544e-13 0 0)
(-7.39877e-14 0 0)
(-3.24656e-14 0 0)
(1.5021e-12 0 0)
(9.76187e-09 0 0)
(1.74901e-05 0 0)
(0.00741934 0 0)
(0.742693 0 0)
(12.7651 0 0)
(58.4536 0 0)
(113.43 0 0)
(197.2 0 0)
(270.364 0 0)
(289.618 0 0)
(293.326 0 0)
(226.731 0 0)
(40.9424 0 0)
(0.332565 0 0)
(0.000246399 0 0)
(3.8602e-08 0 0)
(4.41347e-12 0 0)
(-4.93687e-14 0 0)
(-5.79423e-14 0 0)
(5.13965e-14 0 0)
(2.23728e-16 0 0)
(-2.10794e-14 0 0)
(9.51623e-15 0 0)
(2.98921e-15 0 0)
(3.65258e-14 0 0)
(-1.37368e-14 0 0)
(-2.82606e-14 0 0)
(-6.95366e-15 0 0)
(-4.32286e-14 0 0)
(-8.55908e-16 0 0)
(2.72974e-14 0 0)
(2.88345e-14 0 0)
(-6.24853e-14 0 0)
(7.14035e-15 0 0)
(7.75671e-14 0 0)
(7.09548e-15 0 0)
(-7.70461e-14 0 0)
(-1.47568e-14 0 0)
(7.14037e-15 0 0)
(7.27387e-14 0 0)
(-2.26697e-15 0 0)
(-6.28553e-14 0 0)
(-1.47568e-14 0 0)
(7.14033e-15 0 0)
(7.28351e-14 0 0)
(-2.32696e-14 0 0)
(-4.17598e-14 0 0)
(-1.62541e-14 0 0)
(-7.87982e-15 0 0)
(-6.53075e-15 0 0)
(-1.33718e-14 0 0)
(2.13551e-14 0 0)
(5.6671e-15 0 0)
(2.89373e-16 0 0)
(-2.79424e-14 0 0)
(6.30772e-16 0 0)
(2.84747e-14 0 0)
(5.83252e-15 0 0)
)
;

boundaryField
{
    sides
    {
        type            fixedValue;
        value           uniform (0 0 0);
    }
    empty
    {
        type            empty;
    }
}


// ************************************************************************* //
