/*--------------------------------*- C++ -*----------------------------------*\
| =========                 |                                                 |
| \\      /  F ield         | OpenFOAM: The Open Source CFD Toolbox           |
|  \\    /   O peration     | Version:  2412                                  |
|   \\  /    A nd           | Website:  www.openfoam.com                      |
|    \\/     M anipulation  |                                                 |
\*---------------------------------------------------------------------------*/
FoamFile
{
    version     2.0;
    format      ascii;
    arch        "LSB;label=32;scalar=64";
    class       volVectorField;
    location    "0.0101229";
    object      U;
}
// * * * * * * * * * * * * * * * * * * * * * * * * * * * * * * * * * * * * * //

dimensions      [0 1 -1 0 0 0 0];

internalField   nonuniform List<vector> 
100
(
(-2.95145e-14 0 0)
(-5.71185e-14 0 0)
(2.24575e-14 0 0)
(6.31417e-14 0 0)
(3.30818e-14 0 0)
(5.90503e-14 0 0)
(4.71875e-14 0 0)
(9.46357e-14 0 0)
(1.52352e-13 0 0)
(1.23154e-13 0 0)
(4.19914e-13 0 0)
(1.03816e-10 0 0)
(4.55141e-08 0 0)
(1.37127e-05 0 0)
(0.00217902 0 0)
(0.129597 0 0)
(2.09321 0 0)
(10.2191 0 0)
(23.2198 0 0)
(35.7821 0 0)
(46.2333 0 0)
(55.2617 0 0)
(63.6606 0 0)
(71.8505 0 0)
(79.9928 0 0)
(88.1415 0 0)
(96.2954 0 0)
(104.498 0 0)
(112.655 0 0)
(120.984 0 0)
(128.997 0 0)
(137.594 0 0)
(145.173 0 0)
(154.136 0 0)
(161.444 0 0)
(170.034 0 0)
(178.162 0 0)
(185.51 0 0)
(194.279 0 0)
(201.707 0 0)
(210.294 0 0)
(217.789 0 0)
(226.45 0 0)
(234.317 0 0)
(242.818 0 0)
(251.197 0 0)
(257.799 0 0)
(265.006 0 0)
(273.973 0 0)
(281.238 0 0)
(285.335 0 0)
(282.125 0 0)
(279.198 0 0)
(285.001 0 0)
(288.091 0 0)
(285.035 0 0)
(277.002 0 0)
(276.089 0 0)
(287.182 0 0)
(289.563 0 0)
(285.502 0 0)
(277.599 0 0)
(277.574 0 0)
(285.362 0 0)
(288.579 0 0)
(286.362 0 0)
(277.927 0 0)
(277.828 0 0)
(278.984 0 0)
(286.992 0 0)
(287.247 0 0)
(285.936 0 0)
(282.213 0 0)
(278.472 0 0)
(279.089 0 0)
(280.765 0 0)
(282.859 0 0)
(283.222 0 0)
(278.529 0 0)
(277.605 0 0)
(279.171 0 0)
(281.419 0 0)
(283.33 0 0)
(283.409 0 0)
(281.723 0 0)
(279.768 0 0)
(279.545 0 0)
(280.204 0 0)
(282.859 0 0)
(283.73 0 0)
(283.499 0 0)
(281.482 0 0)
(277.534 0 0)
(276.161 0 0)
(276.198 0 0)
(277.433 0 0)
(289.303 0 0)
(296.505 0 0)
(259.636 0 0)
(62.7116 0 0)
)
;

boundaryField
{
    sides
    {
        type            fixedValue;
        value           uniform (0 0 0);
    }
    empty
    {
        type            empty;
    }
}


// ************************************************************************* //
