/*--------------------------------*- C++ -*----------------------------------*\
| =========                 |                                                 |
| \\      /  F ield         | OpenFOAM: The Open Source CFD Toolbox           |
|  \\    /   O peration     | Version:  2412                                  |
|   \\  /    A nd           | Website:  www.openfoam.com                      |
|    \\/     M anipulation  |                                                 |
\*---------------------------------------------------------------------------*/
FoamFile
{
    version     2.0;
    format      ascii;
    arch        "LSB;label=32;scalar=64";
    class       volVectorField;
    location    "0.0257717";
    object      U;
}
// * * * * * * * * * * * * * * * * * * * * * * * * * * * * * * * * * * * * * //

dimensions      [0 1 -1 0 0 0 0];

internalField   nonuniform List<vector> 
100
(
(2.77292 0 0)
(8.34508 0 0)
(13.8679 0 0)
(19.4099 0 0)
(24.96 0 0)
(30.5192 0 0)
(36.076 0 0)
(41.6972 0 0)
(47.1744 0 0)
(52.8898 0 0)
(58.2365 0 0)
(64.0743 0 0)
(69.2656 0 0)
(75.1311 0 0)
(80.3552 0 0)
(86.1399 0 0)
(91.6293 0 0)
(97.147 0 0)
(102.838 0 0)
(108.152 0 0)
(113.951 0 0)
(119.209 0 0)
(125.057 0 0)
(130.387 0 0)
(136.16 0 0)
(141.538 0 0)
(147.217 0 0)
(152.684 0 0)
(158.377 0 0)
(163.998 0 0)
(169.775 0 0)
(175.465 0 0)
(181.13 0 0)
(186.588 0 0)
(191.916 0 0)
(197.096 0 0)
(202.176 0 0)
(207.211 0 0)
(212.341 0 0)
(217.922 0 0)
(224.341 0 0)
(231.531 0 0)
(237.525 0 0)
(241.339 0 0)
(245.132 0 0)
(251.268 0 0)
(266.963 0 0)
(284.273 0 0)
(288.739 0 0)
(290.345 0 0)
(290.207 0 0)
(289.466 0 0)
(289.051 0 0)
(286.783 0 0)
(281.923 0 0)
(281.4 0 0)
(281.905 0 0)
(281.508 0 0)
(280.764 0 0)
(282.944 0 0)
(285.757 0 0)
(284.725 0 0)
(280.372 0 0)
(280.671 0 0)
(286.974 0 0)
(289.959 0 0)
(148.721 0 0)
(21.4056 0 0)
(15.3221 0 0)
(3.74491 0 0)
(13.0493 0 0)
(2.28019 0 0)
(-0.620975 0 0)
(3.13194 0 0)
(-11.6379 0 0)
(-9.10838 0 0)
(-13.4359 0 0)
(-4.73246 0 0)
(4.06037 0 0)
(6.66086 0 0)
(12.9952 0 0)
(9.0293 0 0)
(3.05431 0 0)
(-3.98866 0 0)
(-7.98722 0 0)
(-3.03818 0 0)
(2.30561 0 0)
(4.00526 0 0)
(5.09784 0 0)
(-0.266705 0 0)
(-6.27369 0 0)
(-6.45714 0 0)
(-4.72671 0 0)
(-1.45596 0 0)
(1.56969 0 0)
(3.05514 0 0)
(5.08147 0 0)
(4.85181 0 0)
(4.31303 0 0)
(2.41382 0 0)
)
;

boundaryField
{
    sides
    {
        type            fixedValue;
        value           uniform (0 0 0);
    }
    empty
    {
        type            empty;
    }
}


// ************************************************************************* //
