/*--------------------------------*- C++ -*----------------------------------*\
| =========                 |                                                 |
| \\      /  F ield         | OpenFOAM: The Open Source CFD Toolbox           |
|  \\    /   O peration     | Version:  2412                                  |
|   \\  /    A nd           | Website:  www.openfoam.com                      |
|    \\/     M anipulation  |                                                 |
\*---------------------------------------------------------------------------*/
FoamFile
{
    version     2.0;
    format      ascii;
    arch        "LSB;label=32;scalar=64";
    class       volVectorField;
    location    "0.0505031";
    object      U;
}
// * * * * * * * * * * * * * * * * * * * * * * * * * * * * * * * * * * * * * //

dimensions      [0 1 -1 0 0 0 0];

internalField   nonuniform List<vector> 
100
(
(18.9794 0 0)
(6.79335 0 0)
(3.282 0 0)
(-1.83991 0 0)
(-7.47238 0 0)
(-12.5143 0 0)
(-15.9306 0 0)
(-12.0443 0 0)
(-8.23104 0 0)
(3.2277 0 0)
(-28.4354 0 0)
(-170.848 0 0)
(-224.899 0 0)
(-221.897 0 0)
(-223.155 0 0)
(-236.685 0 0)
(-244.731 0 0)
(-243.942 0 0)
(-241.88 0 0)
(-232.451 0 0)
(-211.886 0 0)
(-202.242 0 0)
(-199.715 0 0)
(-198.718 0 0)
(-198.92 0 0)
(-208.297 0 0)
(-217.113 0 0)
(-217.411 0 0)
(-215.474 0 0)
(-211.97 0 0)
(-206.588 0 0)
(-203.311 0 0)
(-201.197 0 0)
(-198.455 0 0)
(-193.593 0 0)
(-189.693 0 0)
(-187.852 0 0)
(-187.032 0 0)
(-188.816 0 0)
(-190.774 0 0)
(-190.06 0 0)
(-187.844 0 0)
(-181.665 0 0)
(-175.246 0 0)
(-172.665 0 0)
(-173.774 0 0)
(-189.42 0 0)
(-202.054 0 0)
(-202.525 0 0)
(-200.859 0 0)
(-197.232 0 0)
(-182.544 0 0)
(-157.355 0 0)
(-143.001 0 0)
(-137.585 0 0)
(-134.661 0 0)
(-132.442 0 0)
(-129.381 0 0)
(-125.703 0 0)
(-122.525 0 0)
(-121.052 0 0)
(-120.279 0 0)
(-119.671 0 0)
(-119.536 0 0)
(-119.295 0 0)
(-118.571 0 0)
(-116.301 0 0)
(-111.415 0 0)
(-103.462 0 0)
(-96.6914 0 0)
(-92.0428 0 0)
(-87.8924 0 0)
(-85.8161 0 0)
(-84.593 0 0)
(-83.9415 0 0)
(-82.7702 0 0)
(-80.8266 0 0)
(-77.6689 0 0)
(-72.7801 0 0)
(-68.2985 0 0)
(-63.4285 0 0)
(-60.9547 0 0)
(-57.4799 0 0)
(-54.6743 0 0)
(-51.2841 0 0)
(-47.7108 0 0)
(-44.7103 0 0)
(-40.2179 0 0)
(-37.4182 0 0)
(-34.2602 0 0)
(-31.6253 0 0)
(-27.8758 0 0)
(-24.7306 0 0)
(-21.1547 0 0)
(-17.7531 0 0)
(-14.5191 0 0)
(-10.9431 0 0)
(-7.85503 0 0)
(-4.2871 0 0)
(-1.71431 0 0)
)
;

boundaryField
{
    sides
    {
        type            fixedValue;
        value           uniform (0 0 0);
    }
    empty
    {
        type            empty;
    }
}


// ************************************************************************* //
