/*--------------------------------*- C++ -*----------------------------------*\
| =========                 |                                                 |
| \\      /  F ield         | OpenFOAM: The Open Source CFD Toolbox           |
|  \\    /   O peration     | Version:  2412                                  |
|   \\  /    A nd           | Website:  www.openfoam.com                      |
|    \\/     M anipulation  |                                                 |
\*---------------------------------------------------------------------------*/
FoamFile
{
    version     2.0;
    format      ascii;
    arch        "LSB;label=32;scalar=64";
    class       volVectorField;
    location    "0.0309773";
    object      U;
}
// * * * * * * * * * * * * * * * * * * * * * * * * * * * * * * * * * * * * * //

dimensions      [0 1 -1 0 0 0 0];

internalField   nonuniform List<vector> 
100
(
(2.19134 0 0)
(6.64916 0 0)
(11.0425 0 0)
(15.5045 0 0)
(19.8585 0 0)
(24.3985 0 0)
(28.6556 0 0)
(33.3253 0 0)
(37.4596 0 0)
(42.2333 0 0)
(46.286 0 0)
(51.0161 0 0)
(55.2366 0 0)
(59.782 0 0)
(64.2844 0 0)
(68.5708 0 0)
(73.242 0 0)
(77.4126 0 0)
(82.1692 0 0)
(86.3628 0 0)
(91.1004 0 0)
(95.3671 0 0)
(100.031 0 0)
(104.38 0 0)
(108.973 0 0)
(113.377 0 0)
(117.917 0 0)
(122.35 0 0)
(126.854 0 0)
(131.312 0 0)
(135.798 0 0)
(140.257 0 0)
(144.714 0 0)
(149.156 0 0)
(153.591 0 0)
(158.016 0 0)
(162.446 0 0)
(166.869 0 0)
(171.281 0 0)
(175.552 0 0)
(179.852 0 0)
(184.159 0 0)
(188.244 0 0)
(192.224 0 0)
(196.082 0 0)
(199.509 0 0)
(202.292 0 0)
(204.304 0 0)
(205.949 0 0)
(208.053 0 0)
(209.8 0 0)
(211.393 0 0)
(213.572 0 0)
(213.78 0 0)
(91.8758 0 0)
(-57.4611 0 0)
(-73.276 0 0)
(-64.0145 0 0)
(-56.3192 0 0)
(-51.5994 0 0)
(-48.6622 0 0)
(-43.8747 0 0)
(-43.3086 0 0)
(-34.0677 0 0)
(-29.9931 0 0)
(-30.9709 0 0)
(-33.3683 0 0)
(-34.7313 0 0)
(-23.2203 0 0)
(-19.9721 0 0)
(-1.23599 0 0)
(8.38314 0 0)
(8.45481 0 0)
(6.45523 0 0)
(-1.55132 0 0)
(-0.688312 0 0)
(-1.72473 0 0)
(3.24671 0 0)
(5.14943 0 0)
(3.46431 0 0)
(1.43452 0 0)
(-2.69007 0 0)
(-3.43928 0 0)
(-2.49765 0 0)
(-0.207696 0 0)
(1.15512 0 0)
(0.909118 0 0)
(0.0289529 0 0)
(-2.07523 0 0)
(-0.0107897 0 0)
(1.6919 0 0)
(2.12682 0 0)
(-0.62884 0 0)
(-4.31596 0 0)
(-4.65917 0 0)
(-2.34943 0 0)
(2.95651 0 0)
(6.392 0 0)
(7.61767 0 0)
(3.1215 0 0)
)
;

boundaryField
{
    sides
    {
        type            fixedValue;
        value           uniform (0 0 0);
    }
    empty
    {
        type            empty;
    }
}


// ************************************************************************* //
