/*--------------------------------*- C++ -*----------------------------------*\
| =========                 |                                                 |
| \\      /  F ield         | OpenFOAM: The Open Source CFD Toolbox           |
|  \\    /   O peration     | Version:  2412                                  |
|   \\  /    A nd           | Website:  www.openfoam.com                      |
|    \\/     M anipulation  |                                                 |
\*---------------------------------------------------------------------------*/
FoamFile
{
    version     2.0;
    format      ascii;
    arch        "LSB;label=32;scalar=64";
    class       volVectorField;
    location    "0.05344";
    object      U;
}
// * * * * * * * * * * * * * * * * * * * * * * * * * * * * * * * * * * * * * //

dimensions      [0 1 -1 0 0 0 0];

internalField   nonuniform List<vector> 
100
(
(1.49244 0 0)
(9.23958 0 0)
(4.4793 0 0)
(-1.49359 0 0)
(-15.6948 0 0)
(-17.525 0 0)
(-14.3476 0 0)
(-2.23116 0 0)
(9.32688 0 0)
(15.6622 0 0)
(18.9023 0 0)
(15.9279 0 0)
(5.86927 0 0)
(-7.6436 0 0)
(-20.3864 0 0)
(-18.8138 0 0)
(-11.5633 0 0)
(-48.7596 0 0)
(-172.876 0 0)
(-222.456 0 0)
(-220.72 0 0)
(-218.461 0 0)
(-218.233 0 0)
(-221.652 0 0)
(-224.141 0 0)
(-223.105 0 0)
(-220.808 0 0)
(-213.961 0 0)
(-206.87 0 0)
(-204.458 0 0)
(-205.877 0 0)
(-225.938 0 0)
(-239.283 0 0)
(-239.238 0 0)
(-237.237 0 0)
(-234.631 0 0)
(-222.132 0 0)
(-191.871 0 0)
(-172.887 0 0)
(-167.707 0 0)
(-166.156 0 0)
(-165.556 0 0)
(-164.506 0 0)
(-162.282 0 0)
(-157.596 0 0)
(-153.459 0 0)
(-151.677 0 0)
(-150.856 0 0)
(-150.041 0 0)
(-149.965 0 0)
(-150.828 0 0)
(-151.087 0 0)
(-150.356 0 0)
(-149.14 0 0)
(-146.003 0 0)
(-137.685 0 0)
(-127.274 0 0)
(-121.186 0 0)
(-117.899 0 0)
(-116.271 0 0)
(-115.48 0 0)
(-114.909 0 0)
(-114.755 0 0)
(-114.382 0 0)
(-113.252 0 0)
(-110.163 0 0)
(-104.452 0 0)
(-98.9794 0 0)
(-95.0741 0 0)
(-91.9522 0 0)
(-89.5564 0 0)
(-86.9076 0 0)
(-84.0145 0 0)
(-80.5353 0 0)
(-77.5792 0 0)
(-74.1274 0 0)
(-71.3614 0 0)
(-68.0546 0 0)
(-65.063 0 0)
(-62.2335 0 0)
(-58.9025 0 0)
(-56.9161 0 0)
(-53.3983 0 0)
(-50.8033 0 0)
(-47.4165 0 0)
(-44.0669 0 0)
(-40.8636 0 0)
(-37.0855 0 0)
(-34.5588 0 0)
(-31.274 0 0)
(-28.9188 0 0)
(-25.8996 0 0)
(-23.3202 0 0)
(-20.1592 0 0)
(-17.0247 0 0)
(-13.7507 0 0)
(-10.1953 0 0)
(-7.23318 0 0)
(-3.90813 0 0)
(-1.74892 0 0)
)
;

boundaryField
{
    sides
    {
        type            fixedValue;
        value           uniform (0 0 0);
    }
    empty
    {
        type            empty;
    }
}


// ************************************************************************* //
