/*--------------------------------*- C++ -*----------------------------------*\
| =========                 |                                                 |
| \\      /  F ield         | OpenFOAM: The Open Source CFD Toolbox           |
|  \\    /   O peration     | Version:  2412                                  |
|   \\  /    A nd           | Website:  www.openfoam.com                      |
|    \\/     M anipulation  |                                                 |
\*---------------------------------------------------------------------------*/
FoamFile
{
    version     2.0;
    format      ascii;
    arch        "LSB;label=32;scalar=64";
    class       volVectorField;
    location    "0.00170065";
    object      U;
}
// * * * * * * * * * * * * * * * * * * * * * * * * * * * * * * * * * * * * * //

dimensions      [0 1 -1 0 0 0 0];

internalField   nonuniform List<vector> 
100
(
(1.75624e-14 0 0)
(-6.54018e-14 0 0)
(1.20371e-14 0 0)
(9.21815e-14 0 0)
(4.02583e-14 0 0)
(4.13006e-14 0 0)
(-1.00274e-14 0 0)
(-6.66287e-14 0 0)
(2.0194e-14 0 0)
(9.30945e-15 0 0)
(3.19005e-14 0 0)
(3.0034e-14 0 0)
(-8.57632e-15 0 0)
(-6.46821e-14 0 0)
(-7.87599e-15 0 0)
(2.68276e-14 0 0)
(6.97031e-14 0 0)
(8.20335e-15 0 0)
(-3.24508e-14 0 0)
(-6.2113e-14 0 0)
(8.19428e-15 0 0)
(7.11952e-14 0 0)
(1.59954e-14 0 0)
(-4.09003e-14 0 0)
(4.44155e-15 0 0)
(5.28199e-14 0 0)
(1.5408e-14 0 0)
(1.5057e-14 0 0)
(5.5584e-14 0 0)
(5.6472e-15 0 0)
(5.44217e-14 0 0)
(7.23703e-14 0 0)
(1.0303e-13 0 0)
(9.72766e-14 0 0)
(3.53394e-14 0 0)
(-2.2421e-14 0 0)
(-1.17077e-13 0 0)
(-8.14861e-14 0 0)
(7.80814e-11 0 0)
(7.16113e-08 0 0)
(3.4903e-05 0 0)
(0.00730493 0 0)
(0.475269 0 0)
(7.28483 0 0)
(32.5157 0 0)
(72.6895 0 0)
(109.496 0 0)
(157.382 0 0)
(195.924 0 0)
(231.405 0 0)
(281.7 0 0)
(285.336 0 0)
(274.858 0 0)
(275.382 0 0)
(285.253 0 0)
(296.853 0 0)
(300.62 0 0)
(255.822 0 0)
(61.4096 0 0)
(0.524963 0 0)
(0.000288051 0 0)
(3.78916e-08 0 0)
(4.73621e-12 0 0)
(7.14117e-15 0 0)
(5.94546e-14 0 0)
(1.36476e-13 0 0)
(1.25038e-15 0 0)
(-2.12028e-14 0 0)
(-2.83397e-14 0 0)
(-6.29523e-14 0 0)
(-2.18295e-14 0 0)
(3.33872e-14 0 0)
(1.33135e-14 0 0)
(-4.70532e-14 0 0)
(-1.35142e-14 0 0)
(2.78211e-14 0 0)
(1.40699e-14 0 0)
(-7.04714e-15 0 0)
(-4.79628e-14 0 0)
(-1.53577e-14 0 0)
(7.043e-14 0 0)
(1.01162e-13 0 0)
(-2.17106e-15 0 0)
(-9.8098e-14 0 0)
(-5.72426e-14 0 0)
(4.92543e-14 0 0)
(1.01126e-13 0 0)
(-9.34548e-15 0 0)
(-1.2551e-13 0 0)
(-1.85028e-13 0 0)
(-9.27595e-14 0 0)
(7.46996e-15 0 0)
(5.73722e-14 0 0)
(1.39718e-14 0 0)
(-4.35788e-14 0 0)
(-6.54381e-15 0 0)
(2.47938e-16 0 0)
(4.98031e-14 0 0)
(-4.1663e-17 0 0)
(-6.45496e-14 0 0)
)
;

boundaryField
{
    sides
    {
        type            fixedValue;
        value           uniform (0 0 0);
    }
    empty
    {
        type            empty;
    }
}


// ************************************************************************* //
