/*--------------------------------*- C++ -*----------------------------------*\
| =========                 |                                                 |
| \\      /  F ield         | OpenFOAM: The Open Source CFD Toolbox           |
|  \\    /   O peration     | Version:  2412                                  |
|   \\  /    A nd           | Website:  www.openfoam.com                      |
|    \\/     M anipulation  |                                                 |
\*---------------------------------------------------------------------------*/
FoamFile
{
    version     2.0;
    format      ascii;
    arch        "LSB;label=32;scalar=64";
    class       volVectorField;
    location    "0.0128138";
    object      U;
}
// * * * * * * * * * * * * * * * * * * * * * * * * * * * * * * * * * * * * * //

dimensions      [0 1 -1 0 0 0 0];

internalField   nonuniform List<vector> 
100
(
(-1.99107e-14 0 0)
(8.71756e-14 0 0)
(4.61392e-12 0 0)
(2.17962e-09 0 0)
(8.22981e-07 0 0)
(0.000189195 0 0)
(0.0192746 0 0)
(0.60349 0 0)
(5.01981 0 0)
(15.4534 0 0)
(27.3096 0 0)
(37.1566 0 0)
(45.0926 0 0)
(52.0419 0 0)
(58.6139 0 0)
(65.0841 0 0)
(71.5473 0 0)
(78.0253 0 0)
(84.5172 0 0)
(91.0214 0 0)
(97.5343 0 0)
(104.066 0 0)
(110.595 0 0)
(117.174 0 0)
(123.68 0 0)
(130.351 0 0)
(136.694 0 0)
(143.555 0 0)
(149.559 0 0)
(156.657 0 0)
(162.52 0 0)
(169.402 0 0)
(175.8 0 0)
(181.906 0 0)
(188.78 0 0)
(194.719 0 0)
(201.581 0 0)
(207.527 0 0)
(214.484 0 0)
(220.687 0 0)
(227.393 0 0)
(233.706 0 0)
(240.457 0 0)
(246.833 0 0)
(253.205 0 0)
(259.712 0 0)
(266.02 0 0)
(270.867 0 0)
(275.992 0 0)
(282.014 0 0)
(285.574 0 0)
(286.395 0 0)
(281.647 0 0)
(279.168 0 0)
(284.061 0 0)
(287.964 0 0)
(285.87 0 0)
(277.243 0 0)
(275.679 0 0)
(286.469 0 0)
(290.13 0 0)
(286.09 0 0)
(276.403 0 0)
(275.93 0 0)
(285.928 0 0)
(290.187 0 0)
(287.286 0 0)
(276.896 0 0)
(277 0 0)
(280.718 0 0)
(288.119 0 0)
(287.754 0 0)
(282.185 0 0)
(276.581 0 0)
(278.072 0 0)
(281.072 0 0)
(288.278 0 0)
(286.986 0 0)
(284.174 0 0)
(281.047 0 0)
(277.992 0 0)
(278.179 0 0)
(280.121 0 0)
(280.806 0 0)
(282.627 0 0)
(283.978 0 0)
(281.321 0 0)
(279.435 0 0)
(280.255 0 0)
(281.754 0 0)
(283.471 0 0)
(285.074 0 0)
(283.059 0 0)
(210.283 0 0)
(12.1782 0 0)
(-24.3697 0 0)
(-15.3667 0 0)
(-1.20482 0 0)
(11.2781 0 0)
(-0.0115227 0 0)
)
;

boundaryField
{
    sides
    {
        type            fixedValue;
        value           uniform (0 0 0);
    }
    empty
    {
        type            empty;
    }
}


// ************************************************************************* //
