/*--------------------------------*- C++ -*----------------------------------*\
| =========                 |                                                 |
| \\      /  F ield         | OpenFOAM: The Open Source CFD Toolbox           |
|  \\    /   O peration     | Version:  2412                                  |
|   \\  /    A nd           | Website:  www.openfoam.com                      |
|    \\/     M anipulation  |                                                 |
\*---------------------------------------------------------------------------*/
FoamFile
{
    version     2.0;
    format      ascii;
    arch        "LSB;label=32;scalar=64";
    class       volVectorField;
    location    "0.0357304";
    object      U;
}
// * * * * * * * * * * * * * * * * * * * * * * * * * * * * * * * * * * * * * //

dimensions      [0 1 -1 0 0 0 0];

internalField   nonuniform List<vector> 
100
(
(1.83304 0 0)
(5.67034 0 0)
(9.32568 0 0)
(13.211 0 0)
(16.7718 0 0)
(20.7689 0 0)
(24.2054 0 0)
(28.3047 0 0)
(31.6747 0 0)
(35.7508 0 0)
(39.267 0 0)
(43.1336 0 0)
(46.9391 0 0)
(50.5715 0 0)
(54.5718 0 0)
(58.0348 0 0)
(62.0841 0 0)
(65.533 0 0)
(69.5518 0 0)
(73.0812 0 0)
(77.0273 0 0)
(80.6443 0 0)
(84.5229 0 0)
(88.2019 0 0)
(92.0159 0 0)
(95.7194 0 0)
(99.4852 0 0)
(103.205 0 0)
(106.96 0 0)
(110.694 0 0)
(114.437 0 0)
(118.124 0 0)
(121.789 0 0)
(125.371 0 0)
(128.94 0 0)
(132.512 0 0)
(136.046 0 0)
(139.923 0 0)
(143.4 0 0)
(82.9822 0 0)
(-101.781 0 0)
(-140.354 0 0)
(-130.051 0 0)
(-119.541 0 0)
(-117.558 0 0)
(-120.693 0 0)
(-122.332 0 0)
(-121.646 0 0)
(-118.698 0 0)
(-112.401 0 0)
(-105.662 0 0)
(-103.149 0 0)
(-102.772 0 0)
(-102.605 0 0)
(-102.854 0 0)
(-103.011 0 0)
(-101.387 0 0)
(-97.2621 0 0)
(-89.2042 0 0)
(-80.7899 0 0)
(-76.3928 0 0)
(-75.1332 0 0)
(-75.972 0 0)
(-75.013 0 0)
(-76.134 0 0)
(-72.6924 0 0)
(-70.6342 0 0)
(-67.9205 0 0)
(-62.9647 0 0)
(-61.8279 0 0)
(-56.8193 0 0)
(-57.7363 0 0)
(-52.7951 0 0)
(-48.4982 0 0)
(-45.0607 0 0)
(-42.4915 0 0)
(-45.5701 0 0)
(-42.6091 0 0)
(-37.9782 0 0)
(-32.9331 0 0)
(-28.7014 0 0)
(-26.9451 0 0)
(-29.0921 0 0)
(-32.2265 0 0)
(-31.2781 0 0)
(-21.7748 0 0)
(-4.10025 0 0)
(10.7759 0 0)
(15.7112 0 0)
(14.5589 0 0)
(8.41957 0 0)
(2.31358 0 0)
(-3.22833 0 0)
(-4.36744 0 0)
(-2.86119 0 0)
(-1.23691 0 0)
(-0.637553 0 0)
(-1.47228 0 0)
(-1.5388 0 0)
(-1.53985 0 0)
)
;

boundaryField
{
    sides
    {
        type            fixedValue;
        value           uniform (0 0 0);
    }
    empty
    {
        type            empty;
    }
}


// ************************************************************************* //
