/*--------------------------------*- C++ -*----------------------------------*\
| =========                 |                                                 |
| \\      /  F ield         | OpenFOAM: The Open Source CFD Toolbox           |
|  \\    /   O peration     | Version:  2412                                  |
|   \\  /    A nd           | Website:  www.openfoam.com                      |
|    \\/     M anipulation  |                                                 |
\*---------------------------------------------------------------------------*/
FoamFile
{
    version     2.0;
    format      ascii;
    arch        "LSB;label=32;scalar=64";
    class       volVectorField;
    location    "0.0252417";
    object      U;
}
// * * * * * * * * * * * * * * * * * * * * * * * * * * * * * * * * * * * * * //

dimensions      [0 1 -1 0 0 0 0];

internalField   nonuniform List<vector> 
100
(
(2.85104 0 0)
(8.60021 0 0)
(14.2911 0 0)
(19.984 0 0)
(25.6687 0 0)
(31.3483 0 0)
(37.0388 0 0)
(42.789 0 0)
(48.4306 0 0)
(54.2644 0 0)
(59.7815 0 0)
(65.7425 0 0)
(71.1122 0 0)
(77.1185 0 0)
(82.4412 0 0)
(88.3922 0 0)
(93.9761 0 0)
(99.6944 0 0)
(105.499 0 0)
(110.994 0 0)
(116.929 0 0)
(122.306 0 0)
(128.252 0 0)
(133.685 0 0)
(139.579 0 0)
(145.114 0 0)
(151.047 0 0)
(156.763 0 0)
(162.729 0 0)
(168.465 0 0)
(174.194 0 0)
(179.679 0 0)
(185.084 0 0)
(190.358 0 0)
(195.63 0 0)
(200.917 0 0)
(206.529 0 0)
(212.856 0 0)
(219.802 0 0)
(226.273 0 0)
(231.326 0 0)
(235.75 0 0)
(241.809 0 0)
(255.483 0 0)
(274.979 0 0)
(282.303 0 0)
(284.612 0 0)
(287.461 0 0)
(289.534 0 0)
(289.383 0 0)
(287.007 0 0)
(282.816 0 0)
(281.512 0 0)
(281.054 0 0)
(281.545 0 0)
(282.435 0 0)
(282.933 0 0)
(282.401 0 0)
(283.697 0 0)
(285.29 0 0)
(283.729 0 0)
(280.392 0 0)
(281.479 0 0)
(287.348 0 0)
(288.061 0 0)
(280.259 0 0)
(271.339 0 0)
(164.796 0 0)
(27.3415 0 0)
(-1.81696 0 0)
(22.0903 0 0)
(20.3371 0 0)
(12.4719 0 0)
(3.22802 0 0)
(-14.0212 0 0)
(-5.25828 0 0)
(-7.32321 0 0)
(-3.91207 0 0)
(-1.78612 0 0)
(-4.85367 0 0)
(1.68783 0 0)
(3.40558 0 0)
(6.42703 0 0)
(10.6492 0 0)
(5.23363 0 0)
(-2.23795 0 0)
(-7.69141 0 0)
(-6.21035 0 0)
(-2.47395 0 0)
(5.26368 0 0)
(7.0869 0 0)
(4.81234 0 0)
(-2.12627 0 0)
(-6.58944 0 0)
(-7.44408 0 0)
(-3.60103 0 0)
(2.66837 0 0)
(5.92825 0 0)
(7.15717 0 0)
(1.89156 0 0)
)
;

boundaryField
{
    sides
    {
        type            fixedValue;
        value           uniform (0 0 0);
    }
    empty
    {
        type            empty;
    }
}


// ************************************************************************* //
