/*--------------------------------*- C++ -*----------------------------------*\
| =========                 |                                                 |
| \\      /  F ield         | OpenFOAM: The Open Source CFD Toolbox           |
|  \\    /   O peration     | Version:  2412                                  |
|   \\  /    A nd           | Website:  www.openfoam.com                      |
|    \\/     M anipulation  |                                                 |
\*---------------------------------------------------------------------------*/
FoamFile
{
    version     2.0;
    format      ascii;
    arch        "LSB;label=32;scalar=64";
    class       volVectorField;
    location    "0.0136893";
    object      U;
}
// * * * * * * * * * * * * * * * * * * * * * * * * * * * * * * * * * * * * * //

dimensions      [0 1 -1 0 0 0 0];

internalField   nonuniform List<vector> 
100
(
(4.97389e-10 0 0)
(2.17312e-07 0 0)
(5.74209e-05 0 0)
(0.00726554 0 0)
(0.306879 0 0)
(3.3904 0 0)
(12.5159 0 0)
(24.1932 0 0)
(34.1809 0 0)
(42.058 0 0)
(48.7477 0 0)
(54.955 0 0)
(61.0208 0 0)
(67.0708 0 0)
(73.1366 0 0)
(79.2192 0 0)
(85.3136 0 0)
(91.4179 0 0)
(97.53 0 0)
(103.656 0 0)
(109.785 0 0)
(115.946 0 0)
(122.067 0 0)
(128.294 0 0)
(134.308 0 0)
(140.673 0 0)
(146.412 0 0)
(152.998 0 0)
(158.492 0 0)
(165.098 0 0)
(170.86 0 0)
(176.891 0 0)
(183.226 0 0)
(188.8 0 0)
(195.226 0 0)
(200.839 0 0)
(207.364 0 0)
(213.002 0 0)
(219.362 0 0)
(225.304 0 0)
(231.693 0 0)
(237.642 0 0)
(243.758 0 0)
(249.854 0 0)
(255.865 0 0)
(261.499 0 0)
(267.483 0 0)
(273.313 0 0)
(277.818 0 0)
(280.918 0 0)
(283.08 0 0)
(285.18 0 0)
(286.031 0 0)
(284.95 0 0)
(279.821 0 0)
(278.167 0 0)
(285.569 0 0)
(289.293 0 0)
(285.611 0 0)
(276.367 0 0)
(275.024 0 0)
(287.188 0 0)
(290.493 0 0)
(285.996 0 0)
(275.935 0 0)
(275.339 0 0)
(285.427 0 0)
(290.161 0 0)
(287.796 0 0)
(277.323 0 0)
(277.31 0 0)
(280.14 0 0)
(288.204 0 0)
(287.629 0 0)
(283.131 0 0)
(276.057 0 0)
(276.986 0 0)
(278.345 0 0)
(287.056 0 0)
(287.405 0 0)
(284.045 0 0)
(283.004 0 0)
(279.228 0 0)
(278.634 0 0)
(280.142 0 0)
(282.14 0 0)
(281.249 0 0)
(279.96 0 0)
(281.389 0 0)
(284.122 0 0)
(280.317 0 0)
(149.47 0 0)
(-2.19386 0 0)
(-12.8448 0 0)
(3.2354 0 0)
(5.64103 0 0)
(2.01231 0 0)
(1.17582 0 0)
(0.694389 0 0)
(-9.07762 0 0)
)
;

boundaryField
{
    sides
    {
        type            fixedValue;
        value           uniform (0 0 0);
    }
    empty
    {
        type            empty;
    }
}


// ************************************************************************* //
