/*--------------------------------*- C++ -*----------------------------------*\
| =========                 |                                                 |
| \\      /  F ield         | OpenFOAM: The Open Source CFD Toolbox           |
|  \\    /   O peration     | Version:  2412                                  |
|   \\  /    A nd           | Website:  www.openfoam.com                      |
|    \\/     M anipulation  |                                                 |
\*---------------------------------------------------------------------------*/
FoamFile
{
    version     2.0;
    format      ascii;
    arch        "LSB;label=32;scalar=64";
    class       volVectorField;
    location    "0.0113725";
    object      U;
}
// * * * * * * * * * * * * * * * * * * * * * * * * * * * * * * * * * * * * * //

dimensions      [0 1 -1 0 0 0 0];

internalField   nonuniform List<vector> 
100
(
(5.28761e-14 0 0)
(7.12765e-14 0 0)
(5.42636e-14 0 0)
(-1.76382e-14 0 0)
(-2.35922e-14 0 0)
(-1.37555e-14 0 0)
(2.52366e-13 0 0)
(7.37558e-11 0 0)
(3.26796e-08 0 0)
(1.01328e-05 0 0)
(0.00168344 0 0)
(0.106376 0 0)
(1.83266 0 0)
(9.34396 0 0)
(21.6441 0 0)
(33.5014 0 0)
(43.1912 0 0)
(51.4015 0 0)
(58.9457 0 0)
(66.2644 0 0)
(73.5335 0 0)
(80.8064 0 0)
(88.0911 0 0)
(95.3946 0 0)
(102.703 0 0)
(110.057 0 0)
(117.361 0 0)
(124.819 0 0)
(131.982 0 0)
(139.656 0 0)
(146.441 0 0)
(154.417 0 0)
(160.961 0 0)
(168.718 0 0)
(175.872 0 0)
(182.64 0 0)
(190.417 0 0)
(197.035 0 0)
(204.712 0 0)
(211.405 0 0)
(219.229 0 0)
(226.21 0 0)
(233.71 0 0)
(240.893 0 0)
(248.116 0 0)
(255.061 0 0)
(262.574 0 0)
(269.708 0 0)
(274.933 0 0)
(278.766 0 0)
(282.028 0 0)
(286.866 0 0)
(287.524 0 0)
(283.845 0 0)
(278.164 0 0)
(277.921 0 0)
(288.471 0 0)
(289.643 0 0)
(282.886 0 0)
(275.7 0 0)
(276.616 0 0)
(288.604 0 0)
(288.836 0 0)
(283.899 0 0)
(276.899 0 0)
(277.03 0 0)
(286.429 0 0)
(288.896 0 0)
(287.048 0 0)
(278.479 0 0)
(278.231 0 0)
(278.34 0 0)
(286.75 0 0)
(287.102 0 0)
(283.959 0 0)
(282.724 0 0)
(278.3 0 0)
(278.107 0 0)
(280.671 0 0)
(282.34 0 0)
(281.264 0 0)
(281.731 0 0)
(283.919 0 0)
(284.304 0 0)
(280.601 0 0)
(277.8 0 0)
(277.87 0 0)
(278.226 0 0)
(280.37 0 0)
(283.139 0 0)
(283.398 0 0)
(282.921 0 0)
(280.788 0 0)
(279.969 0 0)
(279.771 0 0)
(283.229 0 0)
(273.651 0 0)
(149.189 0 0)
(-8.22281 0 0)
(1.27819 0 0)
)
;

boundaryField
{
    sides
    {
        type            fixedValue;
        value           uniform (0 0 0);
    }
    empty
    {
        type            empty;
    }
}


// ************************************************************************* //
