/*--------------------------------*- C++ -*----------------------------------*\
| =========                 |                                                 |
| \\      /  F ield         | OpenFOAM: The Open Source CFD Toolbox           |
|  \\    /   O peration     | Version:  2412                                  |
|   \\  /    A nd           | Website:  www.openfoam.com                      |
|    \\/     M anipulation  |                                                 |
\*---------------------------------------------------------------------------*/
FoamFile
{
    version     2.0;
    format      ascii;
    arch        "LSB;label=32;scalar=64";
    class       volVectorField;
    location    "0.0208687";
    object      U;
}
// * * * * * * * * * * * * * * * * * * * * * * * * * * * * * * * * * * * * * //

dimensions      [0 1 -1 0 0 0 0];

internalField   nonuniform List<vector> 
100
(
(3.58394 0 0)
(10.8547 0 0)
(18.0792 0 0)
(25.2523 0 0)
(32.4893 0 0)
(39.6818 0 0)
(46.912 0 0)
(54.1566 0 0)
(61.4348 0 0)
(68.7129 0 0)
(75.8963 0 0)
(82.9917 0 0)
(89.8525 0 0)
(96.8156 0 0)
(103.576 0 0)
(110.97 0 0)
(118.159 0 0)
(126.586 0 0)
(134.941 0 0)
(144.907 0 0)
(155.085 0 0)
(166.088 0 0)
(178.517 0 0)
(188.085 0 0)
(193.443 0 0)
(196.205 0 0)
(198.831 0 0)
(200.805 0 0)
(203.946 0 0)
(206.974 0 0)
(211.069 0 0)
(216.001 0 0)
(220.969 0 0)
(224.957 0 0)
(228.884 0 0)
(232.762 0 0)
(236.813 0 0)
(240.9 0 0)
(245.024 0 0)
(249.096 0 0)
(253.135 0 0)
(257.17 0 0)
(261.018 0 0)
(264.873 0 0)
(269.005 0 0)
(272.697 0 0)
(275.819 0 0)
(279.468 0 0)
(282.302 0 0)
(283.706 0 0)
(284.29 0 0)
(284.029 0 0)
(283.109 0 0)
(283.042 0 0)
(283.841 0 0)
(283.436 0 0)
(281.606 0 0)
(281.607 0 0)
(285.66 0 0)
(287.2 0 0)
(280.526 0 0)
(277.782 0 0)
(282.712 0 0)
(290.177 0 0)
(289.401 0 0)
(275.516 0 0)
(272.802 0 0)
(283.932 0 0)
(292.21 0 0)
(288.356 0 0)
(272.522 0 0)
(271.574 0 0)
(283.416 0 0)
(293.744 0 0)
(290.435 0 0)
(268.457 0 0)
(157.927 0 0)
(20.7635 0 0)
(12.1077 0 0)
(1.76667 0 0)
(19.8578 0 0)
(16.1046 0 0)
(14.7601 0 0)
(20.9309 0 0)
(9.30748 0 0)
(9.70925 0 0)
(14.672 0 0)
(11.0406 0 0)
(4.53003 0 0)
(-3.10312 0 0)
(-6.97606 0 0)
(-6.98585 0 0)
(-12.0662 0 0)
(-14.3918 0 0)
(-10.0763 0 0)
(-2.31538 0 0)
(9.35365 0 0)
(15.3735 0 0)
(16.8696 0 0)
(4.85587 0 0)
)
;

boundaryField
{
    sides
    {
        type            fixedValue;
        value           uniform (0 0 0);
    }
    empty
    {
        type            empty;
    }
}


// ************************************************************************* //
