/*--------------------------------*- C++ -*----------------------------------*\
| =========                 |                                                 |
| \\      /  F ield         | OpenFOAM: The Open Source CFD Toolbox           |
|  \\    /   O peration     | Version:  2412                                  |
|   \\  /    A nd           | Website:  www.openfoam.com                      |
|    \\/     M anipulation  |                                                 |
\*---------------------------------------------------------------------------*/
FoamFile
{
    version     2.0;
    format      ascii;
    arch        "LSB;label=32;scalar=64";
    class       volVectorField;
    location    "0.0195184";
    object      U;
}
// * * * * * * * * * * * * * * * * * * * * * * * * * * * * * * * * * * * * * //

dimensions      [0 1 -1 0 0 0 0];

internalField   nonuniform List<vector> 
100
(
(3.85018 0 0)
(11.7715 0 0)
(19.6193 0 0)
(27.3954 0 0)
(35.2981 0 0)
(43.0742 0 0)
(50.729 0 0)
(58.2389 0 0)
(65.7949 0 0)
(73.5937 0 0)
(81.8232 0 0)
(90.5438 0 0)
(100.291 0 0)
(111.274 0 0)
(122.752 0 0)
(134.259 0 0)
(144.705 0 0)
(153.594 0 0)
(159.08 0 0)
(162.533 0 0)
(164.897 0 0)
(168.151 0 0)
(171.553 0 0)
(176.046 0 0)
(181.025 0 0)
(185.428 0 0)
(190.001 0 0)
(193.896 0 0)
(198.42 0 0)
(202.406 0 0)
(206.964 0 0)
(211.084 0 0)
(215.608 0 0)
(219.806 0 0)
(224.234 0 0)
(228.512 0 0)
(232.935 0 0)
(237.266 0 0)
(241.611 0 0)
(245.91 0 0)
(250.214 0 0)
(254.549 0 0)
(258.875 0 0)
(263.076 0 0)
(266.881 0 0)
(271.216 0 0)
(275.242 0 0)
(278.325 0 0)
(281.468 0 0)
(283.737 0 0)
(284.323 0 0)
(284.203 0 0)
(283.462 0 0)
(282.56 0 0)
(282.308 0 0)
(284.487 0 0)
(285.642 0 0)
(281.495 0 0)
(279.239 0 0)
(282.456 0 0)
(288.264 0 0)
(288.229 0 0)
(277.412 0 0)
(275.15 0 0)
(285.035 0 0)
(292.114 0 0)
(288.33 0 0)
(273.743 0 0)
(271.854 0 0)
(284.9 0 0)
(292.894 0 0)
(288.952 0 0)
(273.252 0 0)
(273.392 0 0)
(280.826 0 0)
(291.958 0 0)
(290.858 0 0)
(277.743 0 0)
(260.951 0 0)
(114.117 0 0)
(9.86614 0 0)
(0.0676804 0 0)
(11.1044 0 0)
(28.4735 0 0)
(12.3204 0 0)
(16.3538 0 0)
(23.2733 0 0)
(15.3891 0 0)
(5.72634 0 0)
(6.38688 0 0)
(11.0387 0 0)
(19.1426 0 0)
(18.4849 0 0)
(8.06515 0 0)
(-8.14829 0 0)
(-19.0205 0 0)
(-20.8587 0 0)
(-15.7618 0 0)
(-6.53113 0 0)
(-5.93377 0 0)
)
;

boundaryField
{
    sides
    {
        type            fixedValue;
        value           uniform (0 0 0);
    }
    empty
    {
        type            empty;
    }
}


// ************************************************************************* //
