/*--------------------------------*- C++ -*----------------------------------*\
| =========                 |                                                 |
| \\      /  F ield         | OpenFOAM: The Open Source CFD Toolbox           |
|  \\    /   O peration     | Version:  2412                                  |
|   \\  /    A nd           | Website:  www.openfoam.com                      |
|    \\/     M anipulation  |                                                 |
\*---------------------------------------------------------------------------*/
FoamFile
{
    version     2.0;
    format      ascii;
    arch        "LSB;label=32;scalar=64";
    class       volVectorField;
    location    "0.0342304";
    object      U;
}
// * * * * * * * * * * * * * * * * * * * * * * * * * * * * * * * * * * * * * //

dimensions      [0 1 -1 0 0 0 0];

internalField   nonuniform List<vector> 
100
(
(1.93404 0 0)
(5.92411 0 0)
(9.78249 0 0)
(13.8095 0 0)
(17.5917 0 0)
(21.7371 0 0)
(25.4067 0 0)
(29.6945 0 0)
(33.2617 0 0)
(37.5481 0 0)
(41.1965 0 0)
(45.3182 0 0)
(49.2342 0 0)
(53.1179 0 0)
(57.2772 0 0)
(60.9674 0 0)
(65.2164 0 0)
(68.8748 0 0)
(73.1236 0 0)
(76.8457 0 0)
(81.0233 0 0)
(84.8251 0 0)
(88.9251 0 0)
(92.789 0 0)
(96.8191 0 0)
(100.707 0 0)
(104.66 0 0)
(108.545 0 0)
(112.464 0 0)
(116.374 0 0)
(120.318 0 0)
(124.262 0 0)
(128.225 0 0)
(132.148 0 0)
(136.063 0 0)
(139.883 0 0)
(143.684 0 0)
(147.499 0 0)
(151.196 0 0)
(154.892 0 0)
(158.453 0 0)
(161.744 0 0)
(164.933 0 0)
(167.329 0 0)
(91.7945 0 0)
(-91.0499 0 0)
(-124.352 0 0)
(-112.465 0 0)
(-99.5069 0 0)
(-95.8104 0 0)
(-95.2337 0 0)
(-93.9551 0 0)
(-94.3854 0 0)
(-94.7356 0 0)
(-93.0129 0 0)
(-88.8398 0 0)
(-82.4419 0 0)
(-78.6557 0 0)
(-77.3084 0 0)
(-76.3956 0 0)
(-76.1166 0 0)
(-75.192 0 0)
(-75.7518 0 0)
(-69.5626 0 0)
(-64.556 0 0)
(-55.4302 0 0)
(-50.4412 0 0)
(-49.0159 0 0)
(-46.7776 0 0)
(-51.0988 0 0)
(-47.9998 0 0)
(-48.0335 0 0)
(-43.5195 0 0)
(-39.6417 0 0)
(-37.1607 0 0)
(-32.1331 0 0)
(-33.0165 0 0)
(-30.8898 0 0)
(-29.0654 0 0)
(-22.7481 0 0)
(-14.9225 0 0)
(-1.88446 0 0)
(6.70075 0 0)
(9.15402 0 0)
(10.1199 0 0)
(8.92781 0 0)
(5.07374 0 0)
(1.43969 0 0)
(-4.38648 0 0)
(-7.69305 0 0)
(-6.18104 0 0)
(-1.97694 0 0)
(0.945594 0 0)
(1.76043 0 0)
(2.76059 0 0)
(2.78391 0 0)
(1.29137 0 0)
(-0.0628651 0 0)
(-0.593237 0 0)
(-0.987974 0 0)
)
;

boundaryField
{
    sides
    {
        type            fixedValue;
        value           uniform (0 0 0);
    }
    empty
    {
        type            empty;
    }
}


// ************************************************************************* //
