/*--------------------------------*- C++ -*----------------------------------*\
| =========                 |                                                 |
| \\      /  F ield         | OpenFOAM: The Open Source CFD Toolbox           |
|  \\    /   O peration     | Version:  2412                                  |
|   \\  /    A nd           | Website:  www.openfoam.com                      |
|    \\/     M anipulation  |                                                 |
\*---------------------------------------------------------------------------*/
FoamFile
{
    version     2.0;
    format      ascii;
    arch        "LSB;label=32;scalar=64";
    class       volVectorField;
    location    "0.00541989";
    object      U;
}
// * * * * * * * * * * * * * * * * * * * * * * * * * * * * * * * * * * * * * //

dimensions      [0 1 -1 0 0 0 0];

internalField   nonuniform List<vector> 
100
(
(5.07799e-14 0 0)
(8.84016e-14 0 0)
(-3.50275e-14 0 0)
(-1.89684e-13 0 0)
(-1.62078e-13 0 0)
(-1.69156e-13 0 0)
(-1.79648e-13 0 0)
(-1.81018e-13 0 0)
(-2.12841e-13 0 0)
(-1.35239e-13 0 0)
(-1.03529e-13 0 0)
(-8.18001e-14 0 0)
(-7.28918e-14 0 0)
(-5.68387e-14 0 0)
(-4.00286e-14 0 0)
(-6.17733e-14 0 0)
(-1.00807e-14 0 0)
(-2.7785e-16 0 0)
(9.67286e-14 0 0)
(1.79941e-13 0 0)
(1.5333e-13 0 0)
(2.32711e-13 0 0)
(2.32361e-13 0 0)
(2.1522e-13 0 0)
(2.53351e-13 0 0)
(8.01442e-13 0 0)
(2.49788e-10 0 0)
(1.08209e-07 0 0)
(3.13597e-05 0 0)
(0.00460747 0 0)
(0.242232 0 0)
(3.40365 0 0)
(15.1401 0 0)
(33.2689 0 0)
(51.5305 0 0)
(68.0756 0 0)
(83.3526 0 0)
(98.4288 0 0)
(112.783 0 0)
(128.53 0 0)
(142.014 0 0)
(158.51 0 0)
(171.96 0 0)
(185.331 0 0)
(201.769 0 0)
(214.998 0 0)
(228.173 0 0)
(242.268 0 0)
(260.987 0 0)
(275.177 0 0)
(278.85 0 0)
(279.987 0 0)
(282.306 0 0)
(287.853 0 0)
(287.526 0 0)
(278.609 0 0)
(278.221 0 0)
(283.5 0 0)
(288.708 0 0)
(287.75 0 0)
(281.44 0 0)
(277.422 0 0)
(278.718 0 0)
(282.162 0 0)
(281.776 0 0)
(276.737 0 0)
(277.991 0 0)
(280.3 0 0)
(284.494 0 0)
(286.196 0 0)
(285.13 0 0)
(278.203 0 0)
(275.507 0 0)
(280.505 0 0)
(290.952 0 0)
(271.234 0 0)
(118.679 0 0)
(2.71707 0 0)
(0.00287324 0 0)
(4.72214e-07 0 0)
(4.33352e-11 0 0)
(-3.21746e-13 0 0)
(-1.87882e-13 0 0)
(-9.6794e-14 0 0)
(-1.40845e-13 0 0)
(-1.89267e-13 0 0)
(-9.24142e-14 0 0)
(-3.46434e-14 0 0)
(-2.16621e-13 0 0)
(-3.13313e-13 0 0)
(-3.27512e-13 0 0)
(-2.67788e-13 0 0)
(-1.59319e-13 0 0)
(-1.87344e-13 0 0)
(-2.74977e-13 0 0)
(-3.73582e-13 0 0)
(-4.09475e-13 0 0)
(-2.39628e-13 0 0)
(-1.56107e-13 0 0)
(-9.93607e-14 0 0)
)
;

boundaryField
{
    sides
    {
        type            fixedValue;
        value           uniform (0 0 0);
    }
    empty
    {
        type            empty;
    }
}


// ************************************************************************* //
