/*--------------------------------*- C++ -*----------------------------------*\
| =========                 |                                                 |
| \\      /  F ield         | OpenFOAM: The Open Source CFD Toolbox           |
|  \\    /   O peration     | Version:  2412                                  |
|   \\  /    A nd           | Website:  www.openfoam.com                      |
|    \\/     M anipulation  |                                                 |
\*---------------------------------------------------------------------------*/
FoamFile
{
    version     2.0;
    format      ascii;
    arch        "LSB;label=32;scalar=64";
    class       volVectorField;
    location    "0.00863094";
    object      U;
}
// * * * * * * * * * * * * * * * * * * * * * * * * * * * * * * * * * * * * * //

dimensions      [0 1 -1 0 0 0 0];

internalField   nonuniform List<vector> 
100
(
(2.68116e-14 0 0)
(3.94997e-14 0 0)
(8.71154e-14 0 0)
(1.54019e-14 0 0)
(-3.96107e-14 0 0)
(5.9105e-14 0 0)
(-6.58664e-14 0 0)
(-3.47251e-14 0 0)
(1.55867e-14 0 0)
(3.46715e-14 0 0)
(2.58563e-14 0 0)
(-7.36901e-16 0 0)
(-4.04801e-14 0 0)
(-8.10458e-14 0 0)
(-4.72695e-14 0 0)
(1.18574e-12 0 0)
(5.63196e-10 0 0)
(2.31105e-07 0 0)
(6.12328e-05 0 0)
(0.00780535 0 0)
(0.335199 0 0)
(3.80089 0 0)
(14.4601 0 0)
(28.8554 0 0)
(42.0854 0 0)
(53.3454 0 0)
(63.4646 0 0)
(73.1271 0 0)
(82.6435 0 0)
(92.1549 0 0)
(101.636 0 0)
(111.261 0 0)
(120.649 0 0)
(130.584 0 0)
(139.529 0 0)
(149.968 0 0)
(158.446 0 0)
(168.566 0 0)
(177.928 0 0)
(186.386 0 0)
(196.708 0 0)
(205.281 0 0)
(215.345 0 0)
(223.931 0 0)
(233.644 0 0)
(243.443 0 0)
(253.905 0 0)
(261.57 0 0)
(267.762 0 0)
(275.68 0 0)
(286.106 0 0)
(290.195 0 0)
(283.683 0 0)
(277.699 0 0)
(279.066 0 0)
(288.617 0 0)
(288.961 0 0)
(280.531 0 0)
(276.151 0 0)
(278.94 0 0)
(287.926 0 0)
(287.74 0 0)
(282.73 0 0)
(278.196 0 0)
(279.116 0 0)
(286.397 0 0)
(288.584 0 0)
(286.052 0 0)
(282.472 0 0)
(277.729 0 0)
(277.861 0 0)
(279.889 0 0)
(280.184 0 0)
(282.323 0 0)
(284.458 0 0)
(282.504 0 0)
(279.493 0 0)
(279.71 0 0)
(280.356 0 0)
(282.459 0 0)
(283.746 0 0)
(283.567 0 0)
(281.011 0 0)
(277.074 0 0)
(276.627 0 0)
(276.804 0 0)
(278.477 0 0)
(281.043 0 0)
(285.086 0 0)
(294.444 0 0)
(292.09 0 0)
(216.589 0 0)
(27.5924 0 0)
(0.120381 0 0)
(4.52917e-05 0 0)
(4.22804e-09 0 0)
(4.0058e-13 0 0)
(-6.64949e-14 0 0)
(1.45976e-15 0 0)
(9.32837e-14 0 0)
)
;

boundaryField
{
    sides
    {
        type            fixedValue;
        value           uniform (0 0 0);
    }
    empty
    {
        type            empty;
    }
}


// ************************************************************************* //
