/*--------------------------------*- C++ -*----------------------------------*\
| =========                 |                                                 |
| \\      /  F ield         | OpenFOAM: The Open Source CFD Toolbox           |
|  \\    /   O peration     | Version:  2412                                  |
|   \\  /    A nd           | Website:  www.openfoam.com                      |
|    \\/     M anipulation  |                                                 |
\*---------------------------------------------------------------------------*/
FoamFile
{
    version     2.0;
    format      ascii;
    arch        "LSB;label=32;scalar=64";
    class       volVectorField;
    location    "0.0138128";
    object      U;
}
// * * * * * * * * * * * * * * * * * * * * * * * * * * * * * * * * * * * * * //

dimensions      [0 1 -1 0 0 0 0];

internalField   nonuniform List<vector> 
100
(
(5.48133e-09 0 0)
(2.07676e-06 0 0)
(0.000427506 0 0)
(0.036787 0 0)
(0.919491 0 0)
(6.27138 0 0)
(17.0641 0 0)
(28.2994 0 0)
(37.3224 0 0)
(44.5709 0 0)
(50.9561 0 0)
(57.0279 0 0)
(63.0253 0 0)
(69.0263 0 0)
(75.0456 0 0)
(81.0801 0 0)
(87.125 0 0)
(93.1794 0 0)
(99.2413 0 0)
(105.318 0 0)
(111.395 0 0)
(117.509 0 0)
(123.572 0 0)
(129.755 0 0)
(135.697 0 0)
(142.025 0 0)
(147.683 0 0)
(154.229 0 0)
(159.674 0 0)
(166.194 0 0)
(171.959 0 0)
(177.879 0 0)
(184.184 0 0)
(189.713 0 0)
(196.083 0 0)
(201.639 0 0)
(208.112 0 0)
(213.732 0 0)
(220.02 0 0)
(225.899 0 0)
(232.238 0 0)
(238.168 0 0)
(244.206 0 0)
(250.226 0 0)
(256.247 0 0)
(261.779 0 0)
(267.609 0 0)
(273.422 0 0)
(278.233 0 0)
(281.098 0 0)
(283.208 0 0)
(284.239 0 0)
(285.798 0 0)
(286.007 0 0)
(280.503 0 0)
(278.512 0 0)
(282.522 0 0)
(289.001 0 0)
(288.762 0 0)
(277.007 0 0)
(275.489 0 0)
(282.718 0 0)
(290.593 0 0)
(289.423 0 0)
(276.494 0 0)
(275.746 0 0)
(281.179 0 0)
(289.696 0 0)
(289.571 0 0)
(279.901 0 0)
(276.388 0 0)
(278.249 0 0)
(287.689 0 0)
(287.701 0 0)
(285.841 0 0)
(276.759 0 0)
(276.424 0 0)
(276.564 0 0)
(285.536 0 0)
(288.078 0 0)
(284.269 0 0)
(284.207 0 0)
(279.665 0 0)
(278.838 0 0)
(279.541 0 0)
(281.719 0 0)
(282.318 0 0)
(280.438 0 0)
(279.678 0 0)
(283.196 0 0)
(265.62 0 0)
(85.8144 0 0)
(-12.3732 0 0)
(-8.69986 0 0)
(6.48543 0 0)
(6.76645 0 0)
(0.713172 0 0)
(-0.685613 0 0)
(1.23097 0 0)
(-7.62367 0 0)
)
;

boundaryField
{
    sides
    {
        type            fixedValue;
        value           uniform (0 0 0);
    }
    empty
    {
        type            empty;
    }
}


// ************************************************************************* //
