/*--------------------------------*- C++ -*----------------------------------*\
| =========                 |                                                 |
| \\      /  F ield         | OpenFOAM: The Open Source CFD Toolbox           |
|  \\    /   O peration     | Version:  2412                                  |
|   \\  /    A nd           | Website:  www.openfoam.com                      |
|    \\/     M anipulation  |                                                 |
\*---------------------------------------------------------------------------*/
FoamFile
{
    version     2.0;
    format      ascii;
    arch        "LSB;label=32;scalar=64";
    class       volVectorField;
    location    "0.0455557";
    object      U;
}
// * * * * * * * * * * * * * * * * * * * * * * * * * * * * * * * * * * * * * //

dimensions      [0 1 -1 0 0 0 0];

internalField   nonuniform List<vector> 
100
(
(0.869964 0 0)
(-90.1023 0 0)
(-228.253 0 0)
(-247.996 0 0)
(-243.585 0 0)
(-241.386 0 0)
(-249.805 0 0)
(-251.966 0 0)
(-250.545 0 0)
(-248.167 0 0)
(-240.915 0 0)
(-222.067 0 0)
(-210.883 0 0)
(-207.793 0 0)
(-206.376 0 0)
(-207.224 0 0)
(-217.17 0 0)
(-224.907 0 0)
(-224.465 0 0)
(-222.937 0 0)
(-218.934 0 0)
(-210.457 0 0)
(-204.674 0 0)
(-202.679 0 0)
(-202.386 0 0)
(-205.086 0 0)
(-205.524 0 0)
(-203.864 0 0)
(-198.959 0 0)
(-190.03 0 0)
(-185.183 0 0)
(-183.581 0 0)
(-185.589 0 0)
(-189.796 0 0)
(-189.714 0 0)
(-187.475 0 0)
(-180.327 0 0)
(-171.215 0 0)
(-167.391 0 0)
(-166.557 0 0)
(-172.458 0 0)
(-181 0 0)
(-181.837 0 0)
(-179.694 0 0)
(-172.846 0 0)
(-157.872 0 0)
(-148.691 0 0)
(-145.371 0 0)
(-144.63 0 0)
(-146.835 0 0)
(-152.988 0 0)
(-155.285 0 0)
(-154.379 0 0)
(-152.427 0 0)
(-148.616 0 0)
(-144.926 0 0)
(-142.755 0 0)
(-140.629 0 0)
(-136.702 0 0)
(-132.393 0 0)
(-130.012 0 0)
(-129.354 0 0)
(-129.771 0 0)
(-129.864 0 0)
(-128.406 0 0)
(-124.293 0 0)
(-118.454 0 0)
(-114.753 0 0)
(-114.523 0 0)
(-121.507 0 0)
(-133.25 0 0)
(-135.6 0 0)
(-134.449 0 0)
(-129.671 0 0)
(-116.309 0 0)
(-97.1863 0 0)
(-83.2745 0 0)
(-78.0345 0 0)
(-71.4176 0 0)
(-68.8106 0 0)
(-65.9539 0 0)
(-62.8805 0 0)
(-61.7536 0 0)
(-60.1861 0 0)
(-60.2104 0 0)
(-57.7608 0 0)
(-54.5175 0 0)
(-49.1257 0 0)
(-43.7636 0 0)
(-38.0573 0 0)
(-33.3044 0 0)
(-29.2678 0 0)
(-26.3372 0 0)
(-23.8798 0 0)
(-21.7534 0 0)
(-19.2265 0 0)
(-15.3256 0 0)
(-11.1642 0 0)
(-6.40327 0 0)
(-2.43698 0 0)
)
;

boundaryField
{
    sides
    {
        type            fixedValue;
        value           uniform (0 0 0);
    }
    empty
    {
        type            empty;
    }
}


// ************************************************************************* //
