/*--------------------------------*- C++ -*----------------------------------*\
| =========                 |                                                 |
| \\      /  F ield         | OpenFOAM: The Open Source CFD Toolbox           |
|  \\    /   O peration     | Version:  2412                                  |
|   \\  /    A nd           | Website:  www.openfoam.com                      |
|    \\/     M anipulation  |                                                 |
\*---------------------------------------------------------------------------*/
FoamFile
{
    version     2.0;
    format      ascii;
    arch        "LSB;label=32;scalar=64";
    class       volVectorField;
    location    "0.0144464";
    object      U;
}
// * * * * * * * * * * * * * * * * * * * * * * * * * * * * * * * * * * * * * //

dimensions      [0 1 -1 0 0 0 0];

internalField   nonuniform List<vector> 
100
(
(0.000376222 0 0)
(0.0365652 0 0)
(0.918486 0 0)
(6.25519 0 0)
(16.9345 0 0)
(27.9378 0 0)
(36.6847 0 0)
(43.6554 0 0)
(49.7673 0 0)
(55.5692 0 0)
(61.3003 0 0)
(67.0383 0 0)
(72.797 0 0)
(78.572 0 0)
(84.3577 0 0)
(90.1519 0 0)
(95.953 0 0)
(101.765 0 0)
(107.581 0 0)
(113.42 0 0)
(119.241 0 0)
(125.124 0 0)
(130.888 0 0)
(136.864 0 0)
(142.433 0 0)
(148.588 0 0)
(153.871 0 0)
(160.183 0 0)
(165.469 0 0)
(171.505 0 0)
(177.289 0 0)
(182.732 0 0)
(188.818 0 0)
(194.146 0 0)
(200.282 0 0)
(205.567 0 0)
(211.722 0 0)
(217.261 0 0)
(223.28 0 0)
(228.853 0 0)
(234.837 0 0)
(240.659 0 0)
(246.464 0 0)
(252.063 0 0)
(257.82 0 0)
(263.545 0 0)
(268.398 0 0)
(273.731 0 0)
(278.936 0 0)
(282.733 0 0)
(284.177 0 0)
(283.285 0 0)
(281.791 0 0)
(284.799 0 0)
(286.388 0 0)
(283.482 0 0)
(278.235 0 0)
(278.245 0 0)
(288.467 0 0)
(289.978 0 0)
(282.044 0 0)
(275.288 0 0)
(277.243 0 0)
(290.314 0 0)
(290.273 0 0)
(282.329 0 0)
(274.785 0 0)
(275.912 0 0)
(288.52 0 0)
(289.141 0 0)
(285.511 0 0)
(276.874 0 0)
(276.881 0 0)
(282.231 0 0)
(289.04 0 0)
(287.725 0 0)
(281.364 0 0)
(275.209 0 0)
(277.181 0 0)
(278.484 0 0)
(286.877 0 0)
(286.944 0 0)
(282.964 0 0)
(282.499 0 0)
(279.394 0 0)
(279.286 0 0)
(280.22 0 0)
(283.173 0 0)
(283.382 0 0)
(178.248 0 0)
(14.1815 0 0)
(-7.30828 0 0)
(4.60701 0 0)
(2.98734 0 0)
(0.0141847 0 0)
(2.69565 0 0)
(1.47321 0 0)
(1.86636 0 0)
(2.54869 0 0)
(-4.30991 0 0)
)
;

boundaryField
{
    sides
    {
        type            fixedValue;
        value           uniform (0 0 0);
    }
    empty
    {
        type            empty;
    }
}


// ************************************************************************* //
