/*--------------------------------*- C++ -*----------------------------------*\
| =========                 |                                                 |
| \\      /  F ield         | OpenFOAM: The Open Source CFD Toolbox           |
|  \\    /   O peration     | Version:  2412                                  |
|   \\  /    A nd           | Website:  www.openfoam.com                      |
|    \\/     M anipulation  |                                                 |
\*---------------------------------------------------------------------------*/
FoamFile
{
    version     2.0;
    format      ascii;
    arch        "LSB;label=32;scalar=64";
    class       volVectorField;
    location    "0.0554912";
    object      U;
}
// * * * * * * * * * * * * * * * * * * * * * * * * * * * * * * * * * * * * * //

dimensions      [0 1 -1 0 0 0 0];

internalField   nonuniform List<vector> 
100
(
(10.2607 0 0)
(30.8816 0 0)
(31.5129 0 0)
(18.4795 0 0)
(3.63855 0 0)
(-11.3735 0 0)
(-11.6792 0 0)
(-5.67939 0 0)
(-1.91603 0 0)
(-4.47632 0 0)
(-5.05682 0 0)
(-2.39076 0 0)
(3.28065 0 0)
(5.67552 0 0)
(3.68422 0 0)
(-3.17715 0 0)
(-12.8854 0 0)
(-8.85799 0 0)
(2.22887 0 0)
(15.5253 0 0)
(5.13816 0 0)
(-41.9896 0 0)
(-132.252 0 0)
(-250.798 0 0)
(-260.298 0 0)
(-247.964 0 0)
(-217.004 0 0)
(-193.933 0 0)
(-188.247 0 0)
(-186.687 0 0)
(-186.583 0 0)
(-186.633 0 0)
(-185.716 0 0)
(-184.045 0 0)
(-179.31 0 0)
(-174.25 0 0)
(-171.748 0 0)
(-170.76 0 0)
(-169.628 0 0)
(-169.686 0 0)
(-170.983 0 0)
(-172.122 0 0)
(-171.718 0 0)
(-170.814 0 0)
(-169.435 0 0)
(-165.699 0 0)
(-154.274 0 0)
(-142.997 0 0)
(-138.18 0 0)
(-136.44 0 0)
(-135.724 0 0)
(-135.062 0 0)
(-134.751 0 0)
(-134.938 0 0)
(-134.838 0 0)
(-134.094 0 0)
(-131.973 0 0)
(-126.895 0 0)
(-119.843 0 0)
(-115.248 0 0)
(-112.345 0 0)
(-110.251 0 0)
(-108.209 0 0)
(-105.702 0 0)
(-102.749 0 0)
(-99.5744 0 0)
(-96.4128 0 0)
(-93.4049 0 0)
(-90.4592 0 0)
(-87.5136 0 0)
(-84.6296 0 0)
(-81.8534 0 0)
(-79.3649 0 0)
(-76.6837 0 0)
(-74.2727 0 0)
(-71.2781 0 0)
(-68.2732 0 0)
(-64.8604 0 0)
(-61.6351 0 0)
(-58.5227 0 0)
(-55.6179 0 0)
(-53.3443 0 0)
(-50.3105 0 0)
(-48.3799 0 0)
(-45.3065 0 0)
(-42.3843 0 0)
(-39.6659 0 0)
(-36.5992 0 0)
(-33.8498 0 0)
(-30.1377 0 0)
(-27.2954 0 0)
(-23.7894 0 0)
(-21.2104 0 0)
(-18.3097 0 0)
(-15.7567 0 0)
(-13.2122 0 0)
(-10.351 0 0)
(-7.81371 0 0)
(-4.55703 0 0)
(-1.91551 0 0)
)
;

boundaryField
{
    sides
    {
        type            fixedValue;
        value           uniform (0 0 0);
    }
    empty
    {
        type            empty;
    }
}


// ************************************************************************* //
