/*--------------------------------*- C++ -*----------------------------------*\
| =========                 |                                                 |
| \\      /  F ield         | OpenFOAM: The Open Source CFD Toolbox           |
|  \\    /   O peration     | Version:  2412                                  |
|   \\  /    A nd           | Website:  www.openfoam.com                      |
|    \\/     M anipulation  |                                                 |
\*---------------------------------------------------------------------------*/
FoamFile
{
    version     2.0;
    format      ascii;
    arch        "LSB;label=32;scalar=64";
    class       volVectorField;
    location    "0.016054";
    object      U;
}
// * * * * * * * * * * * * * * * * * * * * * * * * * * * * * * * * * * * * * //

dimensions      [0 1 -1 0 0 0 0];

internalField   nonuniform List<vector> 
100
(
(10.2545 0 0)
(27.384 0 0)
(39.3428 0 0)
(47.8513 0 0)
(53.4577 0 0)
(58.2558 0 0)
(63.1222 0 0)
(68.2185 0 0)
(73.4338 0 0)
(78.6708 0 0)
(83.9029 0 0)
(89.1344 0 0)
(94.3707 0 0)
(99.6144 0 0)
(104.864 0 0)
(110.125 0 0)
(115.385 0 0)
(120.671 0 0)
(125.92 0 0)
(131.249 0 0)
(136.415 0 0)
(141.837 0 0)
(146.797 0 0)
(152.382 0 0)
(157.124 0 0)
(162.801 0 0)
(167.641 0 0)
(173.029 0 0)
(178.294 0 0)
(183.228 0 0)
(188.703 0 0)
(193.525 0 0)
(199.076 0 0)
(203.856 0 0)
(209.39 0 0)
(214.378 0 0)
(219.837 0 0)
(224.873 0 0)
(230.247 0 0)
(235.481 0 0)
(240.821 0 0)
(245.966 0 0)
(251.077 0 0)
(256.336 0 0)
(261.49 0 0)
(266.221 0 0)
(271.029 0 0)
(275.963 0 0)
(279.853 0 0)
(282.301 0 0)
(283.981 0 0)
(284.029 0 0)
(284.61 0 0)
(285.049 0 0)
(281.985 0 0)
(279.818 0 0)
(281.697 0 0)
(287.669 0 0)
(288.695 0 0)
(278.37 0 0)
(275.852 0 0)
(282.012 0 0)
(290.809 0 0)
(290.453 0 0)
(276.029 0 0)
(274.455 0 0)
(281.264 0 0)
(291.15 0 0)
(290.887 0 0)
(277.583 0 0)
(274.923 0 0)
(278.455 0 0)
(289.585 0 0)
(288.995 0 0)
(282.872 0 0)
(274.922 0 0)
(275.55 0 0)
(283.046 0 0)
(289.001 0 0)
(287.487 0 0)
(280.847 0 0)
(274.794 0 0)
(277.43 0 0)
(278.388 0 0)
(288.568 0 0)
(286.704 0 0)
(136.765 0 0)
(36.5602 0 0)
(4.66556 0 0)
(23.0698 0 0)
(26.9712 0 0)
(22.7488 0 0)
(18.2567 0 0)
(14.6851 0 0)
(8.06893 0 0)
(5.23311 0 0)
(2.5179 0 0)
(1.07558 0 0)
(1.45395 0 0)
(-3.36131 0 0)
)
;

boundaryField
{
    sides
    {
        type            fixedValue;
        value           uniform (0 0 0);
    }
    empty
    {
        type            empty;
    }
}


// ************************************************************************* //
