/*--------------------------------*- C++ -*----------------------------------*\
| =========                 |                                                 |
| \\      /  F ield         | OpenFOAM: The Open Source CFD Toolbox           |
|  \\    /   O peration     | Version:  2412                                  |
|   \\  /    A nd           | Website:  www.openfoam.com                      |
|    \\/     M anipulation  |                                                 |
\*---------------------------------------------------------------------------*/
FoamFile
{
    version     2.0;
    format      ascii;
    arch        "LSB;label=32;scalar=64";
    class       volVectorField;
    location    "0.0298737";
    object      U;
}
// * * * * * * * * * * * * * * * * * * * * * * * * * * * * * * * * * * * * * //

dimensions      [0 1 -1 0 0 0 0];

internalField   nonuniform List<vector> 
100
(
(2.29957 0 0)
(6.93801 0 0)
(11.5387 0 0)
(16.2087 0 0)
(20.7977 0 0)
(25.5203 0 0)
(30.0085 0 0)
(34.8164 0 0)
(39.1848 0 0)
(44.1138 0 0)
(48.3486 0 0)
(53.2632 0 0)
(57.6084 0 0)
(62.3974 0 0)
(67.0433 0 0)
(71.6349 0 0)
(76.4995 0 0)
(80.9056 0 0)
(85.8537 0 0)
(90.2339 0 0)
(95.1806 0 0)
(99.6261 0 0)
(104.507 0 0)
(109.036 0 0)
(113.842 0 0)
(118.431 0 0)
(123.188 0 0)
(127.82 0 0)
(132.534 0 0)
(137.183 0 0)
(141.868 0 0)
(146.526 0 0)
(151.198 0 0)
(155.852 0 0)
(160.491 0 0)
(165.119 0 0)
(169.746 0 0)
(174.354 0 0)
(178.951 0 0)
(183.551 0 0)
(188.189 0 0)
(192.579 0 0)
(197.034 0 0)
(201.493 0 0)
(205.652 0 0)
(209.412 0 0)
(212.599 0 0)
(215.422 0 0)
(217.729 0 0)
(219.364 0 0)
(220.969 0 0)
(223.599 0 0)
(226.197 0 0)
(228.181 0 0)
(229.93 0 0)
(232.152 0 0)
(233.381 0 0)
(105.621 0 0)
(-40.1579 0 0)
(-60.0883 0 0)
(-46.0123 0 0)
(-34.0531 0 0)
(-37.4572 0 0)
(-33.3024 0 0)
(-31.1308 0 0)
(-20.2331 0 0)
(-3.22977 0 0)
(7.06693 0 0)
(16.5376 0 0)
(7.4547 0 0)
(6.20831 0 0)
(-0.694553 0 0)
(-1.18121 0 0)
(2.94861 0 0)
(0.706402 0 0)
(4.74491 0 0)
(-3.13816 0 0)
(-5.91294 0 0)
(-6.55675 0 0)
(-5.28828 0 0)
(1.4833 0 0)
(5.06371 0 0)
(6.5466 0 0)
(5.57135 0 0)
(1.15183 0 0)
(-1.01315 0 0)
(-0.346041 0 0)
(-1.42808 0 0)
(-1.74551 0 0)
(-3.78048 0 0)
(-5.8782 0 0)
(-3.61371 0 0)
(-0.0531897 0 0)
(4.02886 0 0)
(5.99308 0 0)
(4.8583 0 0)
(1.4453 0 0)
(-2.43771 0 0)
(-3.73793 0 0)
(-1.49681 0 0)
)
;

boundaryField
{
    sides
    {
        type            fixedValue;
        value           uniform (0 0 0);
    }
    empty
    {
        type            empty;
    }
}


// ************************************************************************* //
