/*--------------------------------*- C++ -*----------------------------------*\
| =========                 |                                                 |
| \\      /  F ield         | OpenFOAM: The Open Source CFD Toolbox           |
|  \\    /   O peration     | Version:  2412                                  |
|   \\  /    A nd           | Website:  www.openfoam.com                      |
|    \\/     M anipulation  |                                                 |
\*---------------------------------------------------------------------------*/
FoamFile
{
    version     2.0;
    format      ascii;
    arch        "LSB;label=32;scalar=64";
    class       volVectorField;
    location    "0.00668187";
    object      U;
}
// * * * * * * * * * * * * * * * * * * * * * * * * * * * * * * * * * * * * * //

dimensions      [0 1 -1 0 0 0 0];

internalField   nonuniform List<vector> 
100
(
(-1.28967e-13 0 0)
(-2.47074e-13 0 0)
(-1.74243e-13 0 0)
(-4.20345e-14 0 0)
(-8.82922e-14 0 0)
(-1.03793e-13 0 0)
(-2.28724e-13 0 0)
(-1.6474e-13 0 0)
(-8.16543e-14 0 0)
(-1.5169e-13 0 0)
(-2.18269e-13 0 0)
(-1.71639e-13 0 0)
(-1.13735e-13 0 0)
(-2.42704e-14 0 0)
(-3.17872e-14 0 0)
(1.10239e-13 0 0)
(1.29016e-13 0 0)
(1.3039e-13 0 0)
(1.53451e-13 0 0)
(1.22691e-13 0 0)
(1.45433e-13 0 0)
(5.87259e-13 0 0)
(2.17364e-10 0 0)
(9.42289e-08 0 0)
(2.74675e-05 0 0)
(0.00407239 0 0)
(0.216445 0 0)
(3.06709 0 0)
(13.6579 0 0)
(29.8271 0 0)
(45.748 0 0)
(59.7855 0 0)
(72.5859 0 0)
(84.9147 0 0)
(96.9893 0 0)
(109.316 0 0)
(121.1 0 0)
(134.069 0 0)
(145.123 0 0)
(158.605 0 0)
(169.674 0 0)
(181.119 0 0)
(194.322 0 0)
(204.66 0 0)
(216.883 0 0)
(228.072 0 0)
(242.192 0 0)
(255.083 0 0)
(262.305 0 0)
(270.383 0 0)
(281.745 0 0)
(290.616 0 0)
(289.75 0 0)
(278.487 0 0)
(277.498 0 0)
(283.635 0 0)
(288.779 0 0)
(286.729 0 0)
(277.87 0 0)
(277.417 0 0)
(282.372 0 0)
(287.609 0 0)
(286.437 0 0)
(283.509 0 0)
(278.889 0 0)
(279.12 0 0)
(281.318 0 0)
(281.079 0 0)
(282.617 0 0)
(284.577 0 0)
(282.784 0 0)
(278.037 0 0)
(277.181 0 0)
(277.158 0 0)
(278.154 0 0)
(282.925 0 0)
(285.034 0 0)
(284.057 0 0)
(281.571 0 0)
(282.931 0 0)
(288.851 0 0)
(274.15 0 0)
(138.967 0 0)
(4.7185 0 0)
(0.00684945 0 0)
(1.38455e-06 0 0)
(1.19715e-10 0 0)
(-1.93699e-13 0 0)
(-2.02609e-13 0 0)
(-1.77271e-13 0 0)
(-1.76967e-13 0 0)
(-2.53133e-13 0 0)
(-3.4535e-13 0 0)
(-3.95191e-13 0 0)
(-3.39535e-13 0 0)
(-2.73283e-13 0 0)
(-2.16021e-13 0 0)
(-1.38655e-13 0 0)
(-1.25026e-14 0 0)
(8.12862e-16 0 0)
)
;

boundaryField
{
    sides
    {
        type            fixedValue;
        value           uniform (0 0 0);
    }
    empty
    {
        type            empty;
    }
}


// ************************************************************************* //
