/*--------------------------------*- C++ -*----------------------------------*\
| =========                 |                                                 |
| \\      /  F ield         | OpenFOAM: The Open Source CFD Toolbox           |
|  \\    /   O peration     | Version:  2412                                  |
|   \\  /    A nd           | Website:  www.openfoam.com                      |
|    \\/     M anipulation  |                                                 |
\*---------------------------------------------------------------------------*/
FoamFile
{
    version     2.0;
    format      ascii;
    arch        "LSB;label=32;scalar=64";
    class       volVectorField;
    location    "0.0125012";
    object      U;
}
// * * * * * * * * * * * * * * * * * * * * * * * * * * * * * * * * * * * * * //

dimensions      [0 1 -1 0 0 0 0];

internalField   nonuniform List<vector> 
100
(
(-1.99108e-14 0 0)
(2.24776e-14 0 0)
(1.2765e-13 0 0)
(4.78968e-12 0 0)
(2.33663e-09 0 0)
(8.78021e-07 0 0)
(0.000200305 0 0)
(0.0201943 0 0)
(0.62405 0 0)
(5.13206 0 0)
(15.6964 0 0)
(27.6747 0 0)
(37.6515 0 0)
(45.7321 0 0)
(52.8362 0 0)
(59.5679 0 0)
(66.1985 0 0)
(72.8217 0 0)
(79.4584 0 0)
(86.1093 0 0)
(92.7707 0 0)
(99.4482 0 0)
(106.13 0 0)
(112.849 0 0)
(119.526 0 0)
(126.326 0 0)
(132.884 0 0)
(139.854 0 0)
(146.093 0 0)
(153.324 0 0)
(159.305 0 0)
(166.478 0 0)
(172.857 0 0)
(179.264 0 0)
(186.279 0 0)
(192.31 0 0)
(199.323 0 0)
(205.449 0 0)
(212.593 0 0)
(218.832 0 0)
(225.716 0 0)
(232.231 0 0)
(239.156 0 0)
(245.641 0 0)
(252.28 0 0)
(259.081 0 0)
(264.704 0 0)
(270.237 0 0)
(276.709 0 0)
(282.323 0 0)
(285.83 0 0)
(283.472 0 0)
(280.84 0 0)
(281.637 0 0)
(286.882 0 0)
(288.057 0 0)
(278.672 0 0)
(276.47 0 0)
(282.158 0 0)
(289.855 0 0)
(289.409 0 0)
(277.204 0 0)
(276.383 0 0)
(281.874 0 0)
(289.8 0 0)
(289.331 0 0)
(278.764 0 0)
(276.265 0 0)
(278.731 0 0)
(287.844 0 0)
(287.477 0 0)
(284.827 0 0)
(277.502 0 0)
(278.052 0 0)
(279.594 0 0)
(287.708 0 0)
(287.487 0 0)
(284.075 0 0)
(281.987 0 0)
(278.119 0 0)
(277.807 0 0)
(279.634 0 0)
(281.136 0 0)
(283.392 0 0)
(283.33 0 0)
(279.67 0 0)
(279.936 0 0)
(281.311 0 0)
(283.364 0 0)
(284.395 0 0)
(283.671 0 0)
(280.815 0 0)
(277.236 0 0)
(278.376 0 0)
(171.865 0 0)
(1.1538 0 0)
(-34.99 0 0)
(-9.24938 0 0)
(12.0462 0 0)
(-14.5017 0 0)
)
;

boundaryField
{
    sides
    {
        type            fixedValue;
        value           uniform (0 0 0);
    }
    empty
    {
        type            empty;
    }
}


// ************************************************************************* //
