/*--------------------------------*- C++ -*----------------------------------*\
| =========                 |                                                 |
| \\      /  F ield         | OpenFOAM: The Open Source CFD Toolbox           |
|  \\    /   O peration     | Version:  2412                                  |
|   \\  /    A nd           | Website:  www.openfoam.com                      |
|    \\/     M anipulation  |                                                 |
\*---------------------------------------------------------------------------*/
FoamFile
{
    version     2.0;
    format      ascii;
    arch        "LSB;label=32;scalar=64";
    class       volVectorField;
    location    "0.0554252";
    object      U;
}
// * * * * * * * * * * * * * * * * * * * * * * * * * * * * * * * * * * * * * //

dimensions      [0 1 -1 0 0 0 0];

internalField   nonuniform List<vector> 
100
(
(7.57001 0 0)
(26.8766 0 0)
(28.0457 0 0)
(17.0135 0 0)
(6.64704 0 0)
(-6.7537 0 0)
(-9.8713 0 0)
(-6.43378 0 0)
(-4.21364 0 0)
(-6.80779 0 0)
(-5.2346 0 0)
(-1.1119 0 0)
(4.11358 0 0)
(5.11746 0 0)
(3.26522 0 0)
(-2.40294 0 0)
(-11.2268 0 0)
(-8.50968 0 0)
(-0.0877475 0 0)
(15.4916 0 0)
(10.8998 0 0)
(-43.3023 0 0)
(-151.484 0 0)
(-255.757 0 0)
(-260.431 0 0)
(-253.067 0 0)
(-228.943 0 0)
(-198.709 0 0)
(-188.8 0 0)
(-186.391 0 0)
(-185.955 0 0)
(-186.049 0 0)
(-185.427 0 0)
(-184.183 0 0)
(-180.421 0 0)
(-174.965 0 0)
(-171.641 0 0)
(-170.431 0 0)
(-169.254 0 0)
(-168.922 0 0)
(-169.78 0 0)
(-171.267 0 0)
(-171.265 0 0)
(-170.48 0 0)
(-169.291 0 0)
(-166.771 0 0)
(-157.863 0 0)
(-145.089 0 0)
(-138.622 0 0)
(-136.152 0 0)
(-135.343 0 0)
(-134.623 0 0)
(-134.153 0 0)
(-134.222 0 0)
(-134.29 0 0)
(-133.724 0 0)
(-132.146 0 0)
(-128.128 0 0)
(-121.058 0 0)
(-115.712 0 0)
(-112.485 0 0)
(-110.182 0 0)
(-108.191 0 0)
(-105.828 0 0)
(-102.958 0 0)
(-99.8292 0 0)
(-96.639 0 0)
(-93.5866 0 0)
(-90.638 0 0)
(-87.6865 0 0)
(-84.768 0 0)
(-81.9371 0 0)
(-79.4117 0 0)
(-76.7246 0 0)
(-74.3323 0 0)
(-71.4465 0 0)
(-68.4725 0 0)
(-65.0551 0 0)
(-61.7921 0 0)
(-58.6186 0 0)
(-55.669 0 0)
(-53.3807 0 0)
(-50.3394 0 0)
(-48.4088 0 0)
(-45.3355 0 0)
(-42.419 0 0)
(-39.7223 0 0)
(-36.6758 0 0)
(-33.9594 0 0)
(-30.2662 0 0)
(-27.4122 0 0)
(-23.8739 0 0)
(-21.1983 0 0)
(-18.2354 0 0)
(-15.6745 0 0)
(-13.1837 0 0)
(-10.4099 0 0)
(-7.9026 0 0)
(-4.66576 0 0)
(-1.94344 0 0)
)
;

boundaryField
{
    sides
    {
        type            fixedValue;
        value           uniform (0 0 0);
    }
    empty
    {
        type            empty;
    }
}


// ************************************************************************* //
