/*--------------------------------*- C++ -*----------------------------------*\
| =========                 |                                                 |
| \\      /  F ield         | OpenFOAM: The Open Source CFD Toolbox           |
|  \\    /   O peration     | Version:  2412                                  |
|   \\  /    A nd           | Website:  www.openfoam.com                      |
|    \\/     M anipulation  |                                                 |
\*---------------------------------------------------------------------------*/
FoamFile
{
    version     2.0;
    format      ascii;
    arch        "LSB;label=32;scalar=64";
    class       volVectorField;
    location    "0.0235648";
    object      U;
}
// * * * * * * * * * * * * * * * * * * * * * * * * * * * * * * * * * * * * * //

dimensions      [0 1 -1 0 0 0 0];

internalField   nonuniform List<vector> 
100
(
(3.10749 0 0)
(9.37866 0 0)
(15.5977 0 0)
(21.8336 0 0)
(28.0464 0 0)
(34.2704 0 0)
(40.491 0 0)
(46.6974 0 0)
(52.8371 0 0)
(59.0584 0 0)
(65.1447 0 0)
(71.5145 0 0)
(77.503 0 0)
(83.9849 0 0)
(89.8126 0 0)
(96.3215 0 0)
(102.206 0 0)
(108.54 0 0)
(114.72 0 0)
(120.938 0 0)
(127.372 0 0)
(133.348 0 0)
(139.77 0 0)
(145.446 0 0)
(151.532 0 0)
(157.111 0 0)
(163.119 0 0)
(168.996 0 0)
(175.434 0 0)
(182.077 0 0)
(189.26 0 0)
(196.173 0 0)
(202.848 0 0)
(210.105 0 0)
(221.443 0 0)
(238.736 0 0)
(249.145 0 0)
(252.975 0 0)
(256.414 0 0)
(259.537 0 0)
(261.605 0 0)
(262.198 0 0)
(264.156 0 0)
(266.644 0 0)
(269.977 0 0)
(273.668 0 0)
(277.553 0 0)
(280.69 0 0)
(283.277 0 0)
(284.284 0 0)
(283.981 0 0)
(283.539 0 0)
(283.302 0 0)
(282.844 0 0)
(282.768 0 0)
(283.752 0 0)
(284.122 0 0)
(282.224 0 0)
(281.322 0 0)
(284.676 0 0)
(286.558 0 0)
(282.923 0 0)
(278.71 0 0)
(280.767 0 0)
(289.198 0 0)
(290.164 0 0)
(276.737 0 0)
(272.007 0 0)
(281.372 0 0)
(294.695 0 0)
(251.63 0 0)
(71.9857 0 0)
(10.0377 0 0)
(17.4931 0 0)
(6.43829 0 0)
(18.7191 0 0)
(9.2913 0 0)
(13.1828 0 0)
(16.3707 0 0)
(0.560052 0 0)
(-5.09173 0 0)
(-14.65 0 0)
(-13.5775 0 0)
(-4.05965 0 0)
(-4.11899 0 0)
(0.167437 0 0)
(5.70878 0 0)
(6.30488 0 0)
(7.97235 0 0)
(7.43278 0 0)
(1.58847 0 0)
(-3.7875 0 0)
(-7.12522 0 0)
(-7.2976 0 0)
(-3.86586 0 0)
(0.425997 0 0)
(5.42911 0 0)
(4.33572 0 0)
(2.46369 0 0)
(3.09646 0 0)
)
;

boundaryField
{
    sides
    {
        type            fixedValue;
        value           uniform (0 0 0);
    }
    empty
    {
        type            empty;
    }
}


// ************************************************************************* //
