/*--------------------------------*- C++ -*----------------------------------*\
| =========                 |                                                 |
| \\      /  F ield         | OpenFOAM: The Open Source CFD Toolbox           |
|  \\    /   O peration     | Version:  2412                                  |
|   \\  /    A nd           | Website:  www.openfoam.com                      |
|    \\/     M anipulation  |                                                 |
\*---------------------------------------------------------------------------*/
FoamFile
{
    version     2.0;
    format      ascii;
    arch        "LSB;label=32;scalar=64";
    class       volVectorField;
    location    "0.0495297";
    object      U;
}
// * * * * * * * * * * * * * * * * * * * * * * * * * * * * * * * * * * * * * //

dimensions      [0 1 -1 0 0 0 0];

internalField   nonuniform List<vector> 
100
(
(-6.10127 0 0)
(-18.9363 0 0)
(-20.2911 0 0)
(-15.5094 0 0)
(-11.3805 0 0)
(-10.9372 0 0)
(14.6154 0 0)
(15.5424 0 0)
(-79.5054 0 0)
(-221.222 0 0)
(-229.949 0 0)
(-229.687 0 0)
(-236.102 0 0)
(-238.11 0 0)
(-237.092 0 0)
(-233.507 0 0)
(-222.541 0 0)
(-214.547 0 0)
(-212.289 0 0)
(-212.34 0 0)
(-223.086 0 0)
(-232.977 0 0)
(-232.737 0 0)
(-230.917 0 0)
(-223.496 0 0)
(-204.364 0 0)
(-193.092 0 0)
(-190.078 0 0)
(-188.737 0 0)
(-188.951 0 0)
(-196.809 0 0)
(-205.037 0 0)
(-205.209 0 0)
(-203.484 0 0)
(-199.954 0 0)
(-195.231 0 0)
(-191.938 0 0)
(-189.966 0 0)
(-187.165 0 0)
(-182.608 0 0)
(-178.836 0 0)
(-177.179 0 0)
(-176.535 0 0)
(-178.253 0 0)
(-179.455 0 0)
(-178.435 0 0)
(-175.486 0 0)
(-168.938 0 0)
(-163.611 0 0)
(-161.651 0 0)
(-164.725 0 0)
(-181.377 0 0)
(-190.204 0 0)
(-189.879 0 0)
(-187.917 0 0)
(-182.428 0 0)
(-163.831 0 0)
(-141.538 0 0)
(-130.351 0 0)
(-125.679 0 0)
(-122.67 0 0)
(-119.925 0 0)
(-116.544 0 0)
(-113.039 0 0)
(-110.731 0 0)
(-109.785 0 0)
(-109.027 0 0)
(-108.556 0 0)
(-108.207 0 0)
(-107.302 0 0)
(-105.173 0 0)
(-100.165 0 0)
(-93.2226 0 0)
(-86.4785 0 0)
(-81.9405 0 0)
(-77.5948 0 0)
(-75.1898 0 0)
(-73.9695 0 0)
(-72.3228 0 0)
(-71.983 0 0)
(-69.3652 0 0)
(-65.6608 0 0)
(-60.0378 0 0)
(-56.2185 0 0)
(-52.6644 0 0)
(-48.8748 0 0)
(-46.4698 0 0)
(-42.6578 0 0)
(-39.4038 0 0)
(-35.3256 0 0)
(-31.6583 0 0)
(-27.962 0 0)
(-24.7774 0 0)
(-21.3587 0 0)
(-18.1808 0 0)
(-15.1442 0 0)
(-11.9254 0 0)
(-9.10159 0 0)
(-5.42 0 0)
(-2.06044 0 0)
)
;

boundaryField
{
    sides
    {
        type            fixedValue;
        value           uniform (0 0 0);
    }
    empty
    {
        type            empty;
    }
}


// ************************************************************************* //
