/*--------------------------------*- C++ -*----------------------------------*\
| =========                 |                                                 |
| \\      /  F ield         | OpenFOAM: The Open Source CFD Toolbox           |
|  \\    /   O peration     | Version:  2412                                  |
|   \\  /    A nd           | Website:  www.openfoam.com                      |
|    \\/     M anipulation  |                                                 |
\*---------------------------------------------------------------------------*/
FoamFile
{
    version     2.0;
    format      ascii;
    arch        "LSB;label=32;scalar=64";
    class       volVectorField;
    location    "0.0295848";
    object      U;
}
// * * * * * * * * * * * * * * * * * * * * * * * * * * * * * * * * * * * * * //

dimensions      [0 1 -1 0 0 0 0];

internalField   nonuniform List<vector> 
100
(
(2.33398 0 0)
(7.03728 0 0)
(11.6944 0 0)
(16.409 0 0)
(21.0518 0 0)
(25.8218 0 0)
(30.3752 0 0)
(35.221 0 0)
(39.65 0 0)
(44.6166 0 0)
(48.9067 0 0)
(53.8902 0 0)
(58.2858 0 0)
(63.1566 0 0)
(67.8375 0 0)
(72.4972 0 0)
(77.4025 0 0)
(81.8718 0 0)
(86.872 0 0)
(91.3055 0 0)
(96.3082 0 0)
(100.802 0 0)
(105.741 0 0)
(110.32 0 0)
(115.188 0 0)
(119.828 0 0)
(124.643 0 0)
(129.325 0 0)
(134.094 0 0)
(138.795 0 0)
(143.539 0 0)
(148.254 0 0)
(152.984 0 0)
(157.692 0 0)
(162.385 0 0)
(167.072 0 0)
(171.753 0 0)
(176.419 0 0)
(181.1 0 0)
(185.797 0 0)
(190.45 0 0)
(194.912 0 0)
(199.443 0 0)
(203.922 0 0)
(208.082 0 0)
(211.884 0 0)
(215.401 0 0)
(218.531 0 0)
(220.957 0 0)
(222.809 0 0)
(224.729 0 0)
(227.265 0 0)
(229.211 0 0)
(231.011 0 0)
(233.257 0 0)
(235.705 0 0)
(238.29 0 0)
(224.246 0 0)
(53.5667 0 0)
(-45.5455 0 0)
(-42.0357 0 0)
(-33.5002 0 0)
(-39.9004 0 0)
(-34.3975 0 0)
(-25.9796 0 0)
(-10.2866 0 0)
(7.96037 0 0)
(12.8965 0 0)
(17.7904 0 0)
(6.16787 0 0)
(3.32195 0 0)
(-3.34373 0 0)
(-3.26081 0 0)
(1.15654 0 0)
(0.0967948 0 0)
(5.23883 0 0)
(0.165884 0 0)
(-2.23594 0 0)
(-5.60039 0 0)
(-6.9127 0 0)
(-1.9259 0 0)
(2.79951 0 0)
(5.20579 0 0)
(6.11956 0 0)
(4.92131 0 0)
(1.72656 0 0)
(-1.18536 0 0)
(-3.73435 0 0)
(-4.89531 0 0)
(-3.63272 0 0)
(-2.44075 0 0)
(0.526594 0 0)
(1.7247 0 0)
(2.89175 0 0)
(1.8685 0 0)
(0.533417 0 0)
(0.153913 0 0)
(-0.854274 0 0)
(-0.778334 0 0)
(0.709906 0 0)
)
;

boundaryField
{
    sides
    {
        type            fixedValue;
        value           uniform (0 0 0);
    }
    empty
    {
        type            empty;
    }
}


// ************************************************************************* //
