/*--------------------------------*- C++ -*----------------------------------*\
| =========                 |                                                 |
| \\      /  F ield         | OpenFOAM: The Open Source CFD Toolbox           |
|  \\    /   O peration     | Version:  2412                                  |
|   \\  /    A nd           | Website:  www.openfoam.com                      |
|    \\/     M anipulation  |                                                 |
\*---------------------------------------------------------------------------*/
FoamFile
{
    version     2.0;
    format      ascii;
    arch        "LSB;label=32;scalar=64";
    class       volVectorField;
    location    "0.0556915";
    object      U;
}
// * * * * * * * * * * * * * * * * * * * * * * * * * * * * * * * * * * * * * //

dimensions      [0 1 -1 0 0 0 0];

internalField   nonuniform List<vector> 
100
(
(15.9893 0 0)
(36.5 0 0)
(37.9983 0 0)
(21.0783 0 0)
(-4.42241 0 0)
(-19.4243 0 0)
(-14.7711 0 0)
(-4.01509 0 0)
(2.64173 0 0)
(2.11711 0 0)
(-3.25003 0 0)
(-4.48086 0 0)
(-0.0238609 0 0)
(5.54511 0 0)
(2.42592 0 0)
(-5.77989 0 0)
(-12.8444 0 0)
(-6.61993 0 0)
(5.32215 0 0)
(9.91201 0 0)
(-16.8928 0 0)
(-38.4332 0 0)
(-81.4365 0 0)
(-217.059 0 0)
(-251.108 0 0)
(-216.605 0 0)
(-195.159 0 0)
(-189.656 0 0)
(-188.565 0 0)
(-188.407 0 0)
(-188.533 0 0)
(-187.751 0 0)
(-185.965 0 0)
(-181.585 0 0)
(-176.25 0 0)
(-173.831 0 0)
(-172.607 0 0)
(-171.772 0 0)
(-171.46 0 0)
(-173.045 0 0)
(-174.114 0 0)
(-173.857 0 0)
(-172.806 0 0)
(-171.639 0 0)
(-168.089 0 0)
(-157.171 0 0)
(-145.267 0 0)
(-140.177 0 0)
(-138.298 0 0)
(-137.623 0 0)
(-136.942 0 0)
(-136.664 0 0)
(-136.867 0 0)
(-136.868 0 0)
(-136.18 0 0)
(-134.369 0 0)
(-129.772 0 0)
(-122.515 0 0)
(-117.525 0 0)
(-114.483 0 0)
(-112.373 0 0)
(-110.422 0 0)
(-108.019 0 0)
(-105.165 0 0)
(-101.984 0 0)
(-98.8526 0 0)
(-95.7767 0 0)
(-92.8727 0 0)
(-89.919 0 0)
(-87.0273 0 0)
(-84.2918 0 0)
(-81.6683 0 0)
(-79.2436 0 0)
(-76.4944 0 0)
(-73.9994 0 0)
(-70.6561 0 0)
(-67.6525 0 0)
(-64.3158 0 0)
(-61.2088 0 0)
(-58.2896 0 0)
(-55.5299 0 0)
(-53.2763 0 0)
(-50.215 0 0)
(-48.2644 0 0)
(-45.2094 0 0)
(-42.2725 0 0)
(-39.4413 0 0)
(-36.2739 0 0)
(-33.4552 0 0)
(-29.7617 0 0)
(-27.0059 0 0)
(-23.6176 0 0)
(-21.3091 0 0)
(-18.5742 0 0)
(-15.9978 0 0)
(-13.2442 0 0)
(-10.1605 0 0)
(-7.46352 0 0)
(-4.20799 0 0)
(-1.79428 0 0)
)
;

boundaryField
{
    sides
    {
        type            fixedValue;
        value           uniform (0 0 0);
    }
    empty
    {
        type            empty;
    }
}


// ************************************************************************* //
