/*--------------------------------*- C++ -*----------------------------------*\
| =========                 |                                                 |
| \\      /  F ield         | OpenFOAM: The Open Source CFD Toolbox           |
|  \\    /   O peration     | Version:  2412                                  |
|   \\  /    A nd           | Website:  www.openfoam.com                      |
|    \\/     M anipulation  |                                                 |
\*---------------------------------------------------------------------------*/
FoamFile
{
    version     2.0;
    format      ascii;
    arch        "LSB;label=32;scalar=64";
    class       volVectorField;
    location    "0.0133134";
    object      U;
}
// * * * * * * * * * * * * * * * * * * * * * * * * * * * * * * * * * * * * * //

dimensions      [0 1 -1 0 0 0 0];

internalField   nonuniform List<vector> 
100
(
(3.30134e-13 0 0)
(1.65465e-10 0 0)
(7.18663e-08 0 0)
(2.10282e-05 0 0)
(0.00313528 0 0)
(0.167771 0 0)
(2.3805 0 0)
(10.4681 0 0)
(22.2252 0 0)
(32.8178 0 0)
(41.2008 0 0)
(48.2219 0 0)
(54.6588 0 0)
(60.9096 0 0)
(67.1293 0 0)
(73.361 0 0)
(79.6089 0 0)
(85.8696 0 0)
(92.1398 0 0)
(98.4221 0 0)
(104.711 0 0)
(111.025 0 0)
(117.319 0 0)
(123.689 0 0)
(129.918 0 0)
(136.405 0 0)
(142.4 0 0)
(149.103 0 0)
(154.784 0 0)
(161.625 0 0)
(167.396 0 0)
(173.786 0 0)
(180.182 0 0)
(185.93 0 0)
(192.543 0 0)
(198.316 0 0)
(204.986 0 0)
(210.711 0 0)
(217.321 0 0)
(223.419 0 0)
(229.935 0 0)
(235.987 0 0)
(242.385 0 0)
(248.633 0 0)
(254.687 0 0)
(260.746 0 0)
(266.988 0 0)
(272.654 0 0)
(276.586 0 0)
(280.559 0 0)
(284.531 0 0)
(286.505 0 0)
(286.031 0 0)
(280.659 0 0)
(278.92 0 0)
(283.451 0 0)
(288.633 0 0)
(287.154 0 0)
(276.947 0 0)
(275.427 0 0)
(284.651 0 0)
(290.495 0 0)
(287.798 0 0)
(276.237 0 0)
(275.918 0 0)
(283.495 0 0)
(290.243 0 0)
(288.95 0 0)
(277.882 0 0)
(276.782 0 0)
(279.294 0 0)
(287.92 0 0)
(287.534 0 0)
(284.16 0 0)
(276.601 0 0)
(277.119 0 0)
(278.34 0 0)
(287.224 0 0)
(287.688 0 0)
(284.457 0 0)
(283.056 0 0)
(278.844 0 0)
(278.205 0 0)
(279.945 0 0)
(281.339 0 0)
(280.531 0 0)
(281.524 0 0)
(283.716 0 0)
(282.953 0 0)
(280.658 0 0)
(279.452 0 0)
(277.646 0 0)
(142.833 0 0)
(0.569301 0 0)
(-21.2483 0 0)
(-2.37671 0 0)
(6.04891 0 0)
(4.89868 0 0)
(0.381437 0 0)
(-7.54253 0 0)
)
;

boundaryField
{
    sides
    {
        type            fixedValue;
        value           uniform (0 0 0);
    }
    empty
    {
        type            empty;
    }
}


// ************************************************************************* //
