/*--------------------------------*- C++ -*----------------------------------*\
| =========                 |                                                 |
| \\      /  F ield         | OpenFOAM: The Open Source CFD Toolbox           |
|  \\    /   O peration     | Version:  2412                                  |
|   \\  /    A nd           | Website:  www.openfoam.com                      |
|    \\/     M anipulation  |                                                 |
\*---------------------------------------------------------------------------*/
FoamFile
{
    version     2.0;
    format      ascii;
    arch        "LSB;label=32;scalar=64";
    class       volVectorField;
    location    "0.0385736";
    object      U;
}
// * * * * * * * * * * * * * * * * * * * * * * * * * * * * * * * * * * * * * //

dimensions      [0 1 -1 0 0 0 0];

internalField   nonuniform List<vector> 
100
(
(1.70086 0 0)
(5.05632 0 0)
(8.35458 0 0)
(11.6773 0 0)
(15.0003 0 0)
(18.3533 0 0)
(21.7996 0 0)
(25.3378 0 0)
(28.7852 0 0)
(32.4653 0 0)
(36.0354 0 0)
(39.5672 0 0)
(43.2352 0 0)
(46.628 0 0)
(50.1309 0 0)
(53.5683 0 0)
(56.9902 0 0)
(60.3957 0 0)
(63.8303 0 0)
(67.2167 0 0)
(70.5839 0 0)
(73.9084 0 0)
(77.2223 0 0)
(80.574 0 0)
(83.9679 0 0)
(87.358 0 0)
(90.7716 0 0)
(94.5314 0 0)
(97.9163 0 0)
(52.9409 0 0)
(-127.454 0 0)
(-173.986 0 0)
(-171.329 0 0)
(-166.577 0 0)
(-166.713 0 0)
(-165.531 0 0)
(-158.588 0 0)
(-149.629 0 0)
(-146.138 0 0)
(-145.32 0 0)
(-146.82 0 0)
(-150.942 0 0)
(-152.343 0 0)
(-151.204 0 0)
(-148.876 0 0)
(-142.069 0 0)
(-129.202 0 0)
(-121.813 0 0)
(-119.181 0 0)
(-119.559 0 0)
(-121.898 0 0)
(-123.294 0 0)
(-122.714 0 0)
(-121.578 0 0)
(-119.207 0 0)
(-114.03 0 0)
(-109.112 0 0)
(-107.305 0 0)
(-106.72 0 0)
(-106.338 0 0)
(-104.144 0 0)
(-98.7638 0 0)
(-92.8847 0 0)
(-89.5598 0 0)
(-90.0354 0 0)
(-89.0138 0 0)
(-89.83 0 0)
(-85.4828 0 0)
(-79.7023 0 0)
(-74.4213 0 0)
(-71.1263 0 0)
(-74.9401 0 0)
(-76.551 0 0)
(-78.3626 0 0)
(-74.7468 0 0)
(-68.1896 0 0)
(-58.6342 0 0)
(-51.3311 0 0)
(-50.5662 0 0)
(-49.9281 0 0)
(-51.3911 0 0)
(-51.6361 0 0)
(-51.1917 0 0)
(-49.3273 0 0)
(-46.6457 0 0)
(-44.2556 0 0)
(-40.317 0 0)
(-36.4307 0 0)
(-33.3452 0 0)
(-30.7462 0 0)
(-30.3634 0 0)
(-30.7179 0 0)
(-30.9625 0 0)
(-29.1764 0 0)
(-23.4993 0 0)
(-14.6485 0 0)
(-3.19042 0 0)
(6.44404 0 0)
(6.53195 0 0)
(4.95005 0 0)
)
;

boundaryField
{
    sides
    {
        type            fixedValue;
        value           uniform (0 0 0);
    }
    empty
    {
        type            empty;
    }
}


// ************************************************************************* //
