/*--------------------------------*- C++ -*----------------------------------*\
| =========                 |                                                 |
| \\      /  F ield         | OpenFOAM: The Open Source CFD Toolbox           |
|  \\    /   O peration     | Version:  2412                                  |
|   \\  /    A nd           | Website:  www.openfoam.com                      |
|    \\/     M anipulation  |                                                 |
\*---------------------------------------------------------------------------*/
FoamFile
{
    version     2.0;
    format      ascii;
    arch        "LSB;label=32;scalar=64";
    class       volVectorField;
    location    "0.0337355";
    object      U;
}
// * * * * * * * * * * * * * * * * * * * * * * * * * * * * * * * * * * * * * //

dimensions      [0 1 -1 0 0 0 0];

internalField   nonuniform List<vector> 
100
(
(1.96991 0 0)
(6.02206 0 0)
(9.95524 0 0)
(14.037 0 0)
(17.8961 0 0)
(22.0897 0 0)
(25.8362 0 0)
(30.178 0 0)
(33.8293 0 0)
(38.1773 0 0)
(41.8711 0 0)
(46.0842 0 0)
(50.0464 0 0)
(54.0208 0 0)
(58.2417 0 0)
(62.0215 0 0)
(66.3413 0 0)
(70.0688 0 0)
(74.3881 0 0)
(78.1735 0 0)
(82.4286 0 0)
(86.2898 0 0)
(90.4621 0 0)
(94.3746 0 0)
(98.4552 0 0)
(102.398 0 0)
(106.428 0 0)
(110.41 0 0)
(114.441 0 0)
(118.451 0 0)
(122.477 0 0)
(126.486 0 0)
(130.503 0 0)
(134.497 0 0)
(138.502 0 0)
(142.432 0 0)
(146.348 0 0)
(150.211 0 0)
(154.009 0 0)
(157.838 0 0)
(161.51 0 0)
(165.023 0 0)
(168.187 0 0)
(170.921 0 0)
(173.6 0 0)
(167.806 0 0)
(5.85776 0 0)
(-110.893 0 0)
(-115.797 0 0)
(-99.8956 0 0)
(-92.0519 0 0)
(-88.21 0 0)
(-86.2393 0 0)
(-85.3774 0 0)
(-85.218 0 0)
(-85.6952 0 0)
(-84.0383 0 0)
(-79.3726 0 0)
(-73.671 0 0)
(-70.2315 0 0)
(-69.1204 0 0)
(-67.4886 0 0)
(-68.2157 0 0)
(-65.0813 0 0)
(-65.0996 0 0)
(-59.6849 0 0)
(-52.487 0 0)
(-46.1187 0 0)
(-39.9099 0 0)
(-43.8312 0 0)
(-41.6221 0 0)
(-42.7023 0 0)
(-39.1798 0 0)
(-34.3249 0 0)
(-34.1964 0 0)
(-30.9947 0 0)
(-31.1284 0 0)
(-25.6723 0 0)
(-22.8545 0 0)
(-8.78861 0 0)
(5.90532 0 0)
(10.9408 0 0)
(12.2131 0 0)
(8.20803 0 0)
(2.38865 0 0)
(-0.379246 0 0)
(0.491802 0 0)
(1.80946 0 0)
(2.49923 0 0)
(-1.47171 0 0)
(-6.31121 0 0)
(-7.99375 0 0)
(-6.40085 0 0)
(-1.58726 0 0)
(3.16689 0 0)
(5.24956 0 0)
(5.95608 0 0)
(3.53585 0 0)
(1.00169 0 0)
(0.762316 0 0)
)
;

boundaryField
{
    sides
    {
        type            fixedValue;
        value           uniform (0 0 0);
    }
    empty
    {
        type            empty;
    }
}


// ************************************************************************* //
