/*--------------------------------*- C++ -*----------------------------------*\
| =========                 |                                                 |
| \\      /  F ield         | OpenFOAM: The Open Source CFD Toolbox           |
|  \\    /   O peration     | Version:  2412                                  |
|   \\  /    A nd           | Website:  www.openfoam.com                      |
|    \\/     M anipulation  |                                                 |
\*---------------------------------------------------------------------------*/
FoamFile
{
    version     2.0;
    format      ascii;
    arch        "LSB;label=32;scalar=64";
    class       volVectorField;
    location    "0.0444396";
    object      U;
}
// * * * * * * * * * * * * * * * * * * * * * * * * * * * * * * * * * * * * * //

dimensions      [0 1 -1 0 0 0 0];

internalField   nonuniform List<vector> 
100
(
(1.44751 0 0)
(4.24376 0 0)
(7.13388 0 0)
(10.3262 0 0)
(13.8575 0 0)
(11.9733 0 0)
(-119.208 0 0)
(-229.725 0 0)
(-237.494 0 0)
(-224.698 0 0)
(-220.624 0 0)
(-228.036 0 0)
(-238.363 0 0)
(-238.325 0 0)
(-235.988 0 0)
(-233.992 0 0)
(-226.851 0 0)
(-208.814 0 0)
(-198.1 0 0)
(-195.293 0 0)
(-194.113 0 0)
(-195.865 0 0)
(-205.458 0 0)
(-210.313 0 0)
(-209.285 0 0)
(-207.381 0 0)
(-202.673 0 0)
(-194.492 0 0)
(-189.81 0 0)
(-188.06 0 0)
(-188.57 0 0)
(-190.938 0 0)
(-190.502 0 0)
(-188.19 0 0)
(-181.431 0 0)
(-173.794 0 0)
(-170.679 0 0)
(-170.294 0 0)
(-173.737 0 0)
(-175.663 0 0)
(-174.32 0 0)
(-169.77 0 0)
(-160.796 0 0)
(-155.113 0 0)
(-153.128 0 0)
(-155.56 0 0)
(-164.002 0 0)
(-166.957 0 0)
(-165.633 0 0)
(-161.018 0 0)
(-148.392 0 0)
(-137.039 0 0)
(-132.709 0 0)
(-131.406 0 0)
(-132.583 0 0)
(-137.512 0 0)
(-140.026 0 0)
(-139.423 0 0)
(-137.754 0 0)
(-134.402 0 0)
(-130.588 0 0)
(-128.242 0 0)
(-126.27 0 0)
(-122.717 0 0)
(-118.197 0 0)
(-115.499 0 0)
(-114.865 0 0)
(-114.722 0 0)
(-114.945 0 0)
(-112.657 0 0)
(-109.136 0 0)
(-103.142 0 0)
(-100.128 0 0)
(-100.189 0 0)
(-107.511 0 0)
(-117.912 0 0)
(-118.79 0 0)
(-118.113 0 0)
(-111.058 0 0)
(-97.2656 0 0)
(-78.6599 0 0)
(-66.0516 0 0)
(-60.8826 0 0)
(-55.8273 0 0)
(-52.9804 0 0)
(-49.802 0 0)
(-48.2626 0 0)
(-46.6203 0 0)
(-45.6518 0 0)
(-43.5454 0 0)
(-39.8321 0 0)
(-34.9828 0 0)
(-29.933 0 0)
(-24.2936 0 0)
(-18.7599 0 0)
(-14.0842 0 0)
(-10.3985 0 0)
(-7.89554 0 0)
(-4.50368 0 0)
(-0.924098 0 0)
)
;

boundaryField
{
    sides
    {
        type            fixedValue;
        value           uniform (0 0 0);
    }
    empty
    {
        type            empty;
    }
}


// ************************************************************************* //
