/*--------------------------------*- C++ -*----------------------------------*\
| =========                 |                                                 |
| \\      /  F ield         | OpenFOAM: The Open Source CFD Toolbox           |
|  \\    /   O peration     | Version:  2412                                  |
|   \\  /    A nd           | Website:  www.openfoam.com                      |
|    \\/     M anipulation  |                                                 |
\*---------------------------------------------------------------------------*/
FoamFile
{
    version     2.0;
    format      ascii;
    arch        "LSB;label=32;scalar=64";
    class       volVectorField;
    location    "0.0285992";
    object      U;
}
// * * * * * * * * * * * * * * * * * * * * * * * * * * * * * * * * * * * * * //

dimensions      [0 1 -1 0 0 0 0];

internalField   nonuniform List<vector> 
100
(
(2.44022 0 0)
(7.3631 0 0)
(12.2366 0 0)
(17.1387 0 0)
(21.969 0 0)
(26.867 0 0)
(31.6263 0 0)
(36.6219 0 0)
(41.2925 0 0)
(46.4608 0 0)
(51.0095 0 0)
(56.2241 0 0)
(60.7736 0 0)
(65.9083 0 0)
(70.7086 0 0)
(75.6127 0 0)
(80.6541 0 0)
(85.3484 0 0)
(90.5219 0 0)
(95.1481 0 0)
(100.35 0 0)
(105.023 0 0)
(110.176 0 0)
(114.925 0 0)
(120.003 0 0)
(124.819 0 0)
(129.835 0 0)
(134.708 0 0)
(139.684 0 0)
(144.573 0 0)
(149.518 0 0)
(154.425 0 0)
(159.359 0 0)
(164.28 0 0)
(169.214 0 0)
(174.132 0 0)
(179.013 0 0)
(183.88 0 0)
(188.745 0 0)
(193.529 0 0)
(198.238 0 0)
(202.99 0 0)
(207.888 0 0)
(212.538 0 0)
(217.266 0 0)
(222.167 0 0)
(226.39 0 0)
(229.579 0 0)
(231.959 0 0)
(234.23 0 0)
(236.144 0 0)
(237.126 0 0)
(237.32 0 0)
(238.402 0 0)
(240.931 0 0)
(248.03 0 0)
(252.02 0 0)
(254.017 0 0)
(255.116 0 0)
(250.768 0 0)
(149.884 0 0)
(2.94229 0 0)
(-14.6136 0 0)
(4.22027 0 0)
(8.16775 0 0)
(3.48877 0 0)
(-1.26348 0 0)
(-8.30962 0 0)
(-0.453678 0 0)
(-2.3732 0 0)
(7.42021 0 0)
(5.45987 0 0)
(3.18576 0 0)
(1.02766 0 0)
(-7.02625 0 0)
(-1.2977 0 0)
(-2.41513 0 0)
(4.72785 0 0)
(7.26427 0 0)
(3.13935 0 0)
(1.36225 0 0)
(-3.53813 0 0)
(-5.35634 0 0)
(-4.74934 0 0)
(-3.04794 0 0)
(0.641017 0 0)
(3.69667 0 0)
(6.17397 0 0)
(3.23866 0 0)
(-0.294407 0 0)
(-0.486243 0 0)
(-0.927534 0 0)
(-2.41592 0 0)
(-3.60588 0 0)
(-1.68895 0 0)
(-0.666208 0 0)
(0.108479 0 0)
(-0.816567 0 0)
(-0.448866 0 0)
(-2.23972 0 0)
)
;

boundaryField
{
    sides
    {
        type            fixedValue;
        value           uniform (0 0 0);
    }
    empty
    {
        type            empty;
    }
}


// ************************************************************************* //
