/*--------------------------------*- C++ -*----------------------------------*\
| =========                 |                                                 |
| \\      /  F ield         | OpenFOAM: The Open Source CFD Toolbox           |
|  \\    /   O peration     | Version:  2412                                  |
|   \\  /    A nd           | Website:  www.openfoam.com                      |
|    \\/     M anipulation  |                                                 |
\*---------------------------------------------------------------------------*/
FoamFile
{
    version     2.0;
    format      ascii;
    arch        "LSB;label=32;scalar=64";
    class       volVectorField;
    location    "0.0257063";
    object      U;
}
// * * * * * * * * * * * * * * * * * * * * * * * * * * * * * * * * * * * * * //

dimensions      [0 1 -1 0 0 0 0];

internalField   nonuniform List<vector> 
100
(
(2.78327 0 0)
(8.37847 0 0)
(13.9202 0 0)
(19.4781 0 0)
(25.0436 0 0)
(30.6179 0 0)
(36.1923 0 0)
(41.8298 0 0)
(47.3264 0 0)
(53.0558 0 0)
(58.4238 0 0)
(64.2773 0 0)
(69.4894 0 0)
(75.371 0 0)
(80.6059 0 0)
(86.4125 0 0)
(91.9137 0 0)
(97.4541 0 0)
(103.158 0 0)
(108.495 0 0)
(114.311 0 0)
(119.584 0 0)
(125.448 0 0)
(130.789 0 0)
(136.574 0 0)
(141.964 0 0)
(147.664 0 0)
(153.158 0 0)
(158.891 0 0)
(164.544 0 0)
(170.343 0 0)
(176.029 0 0)
(181.665 0 0)
(187.085 0 0)
(192.386 0 0)
(197.551 0 0)
(202.63 0 0)
(207.694 0 0)
(212.968 0 0)
(218.833 0 0)
(225.574 0 0)
(232.568 0 0)
(237.892 0 0)
(241.461 0 0)
(245.774 0 0)
(254.267 0 0)
(273.842 0 0)
(285.986 0 0)
(289.091 0 0)
(290.399 0 0)
(290.092 0 0)
(289.401 0 0)
(288.619 0 0)
(285.052 0 0)
(281.109 0 0)
(281.503 0 0)
(281.925 0 0)
(281.487 0 0)
(280.987 0 0)
(283.636 0 0)
(286.051 0 0)
(283.894 0 0)
(280.057 0 0)
(281.531 0 0)
(287.215 0 0)
(291.578 0 0)
(174.222 0 0)
(29.1578 0 0)
(14.1129 0 0)
(1.85897 0 0)
(14.1718 0 0)
(5.26689 0 0)
(1.96634 0 0)
(3.57216 0 0)
(-13.091 0 0)
(-9.93559 0 0)
(-13.3658 0 0)
(-4.54363 0 0)
(3.67004 0 0)
(5.59807 0 0)
(11.9603 0 0)
(8.67559 0 0)
(3.86406 0 0)
(-2.33408 0 0)
(-6.95125 0 0)
(-3.14328 0 0)
(0.924136 0 0)
(2.38788 0 0)
(4.7219 0 0)
(1.10369 0 0)
(-4.41894 0 0)
(-5.52981 0 0)
(-4.76318 0 0)
(-2.58871 0 0)
(0.169274 0 0)
(2.16067 0 0)
(4.88874 0 0)
(5.58979 0 0)
(5.52658 0 0)
(2.806 0 0)
)
;

boundaryField
{
    sides
    {
        type            fixedValue;
        value           uniform (0 0 0);
    }
    empty
    {
        type            empty;
    }
}


// ************************************************************************* //
