/*--------------------------------*- C++ -*----------------------------------*\
| =========                 |                                                 |
| \\      /  F ield         | OpenFOAM: The Open Source CFD Toolbox           |
|  \\    /   O peration     | Version:  2412                                  |
|   \\  /    A nd           | Website:  www.openfoam.com                      |
|    \\/     M anipulation  |                                                 |
\*---------------------------------------------------------------------------*/
FoamFile
{
    version     2.0;
    format      ascii;
    arch        "LSB;label=32;scalar=64";
    class       volVectorField;
    location    "0.0496701";
    object      U;
}
// * * * * * * * * * * * * * * * * * * * * * * * * * * * * * * * * * * * * * //

dimensions      [0 1 -1 0 0 0 0];

internalField   nonuniform List<vector> 
100
(
(-1.98576 0 0)
(-8.19041 0 0)
(-10.3558 0 0)
(-14.5599 0 0)
(-20.8498 0 0)
(-21.1127 0 0)
(4.94426 0 0)
(22.1606 0 0)
(-20.9043 0 0)
(-185.748 0 0)
(-231.759 0 0)
(-236.692 0 0)
(-239.879 0 0)
(-238.737 0 0)
(-236.664 0 0)
(-227.077 0 0)
(-217.173 0 0)
(-214.069 0 0)
(-213.272 0 0)
(-220.738 0 0)
(-233.429 0 0)
(-234.894 0 0)
(-233.033 0 0)
(-228.518 0 0)
(-211.044 0 0)
(-196.31 0 0)
(-191.998 0 0)
(-190.688 0 0)
(-189.852 0 0)
(-195.335 0 0)
(-205.494 0 0)
(-207.374 0 0)
(-205.749 0 0)
(-202.973 0 0)
(-198.127 0 0)
(-194.316 0 0)
(-192.087 0 0)
(-189.764 0 0)
(-185.563 0 0)
(-181.202 0 0)
(-179.081 0 0)
(-178.133 0 0)
(-179.121 0 0)
(-181.086 0 0)
(-180.549 0 0)
(-178.456 0 0)
(-172.872 0 0)
(-166.359 0 0)
(-163.556 0 0)
(-164.003 0 0)
(-177.267 0 0)
(-190.875 0 0)
(-192.103 0 0)
(-190.516 0 0)
(-186.93 0 0)
(-173.283 0 0)
(-149.276 0 0)
(-134.431 0 0)
(-128.489 0 0)
(-125.181 0 0)
(-122.563 0 0)
(-119.449 0 0)
(-115.845 0 0)
(-112.941 0 0)
(-111.66 0 0)
(-110.889 0 0)
(-110.311 0 0)
(-109.969 0 0)
(-109.468 0 0)
(-107.877 0 0)
(-104.44 0 0)
(-97.6678 0 0)
(-90.9276 0 0)
(-84.9416 0 0)
(-80.9958 0 0)
(-77.6005 0 0)
(-75.8282 0 0)
(-74.987 0 0)
(-73.2152 0 0)
(-72.6196 0 0)
(-69.0625 0 0)
(-64.6958 0 0)
(-59.2006 0 0)
(-55.7315 0 0)
(-52.4179 0 0)
(-48.6695 0 0)
(-46.1578 0 0)
(-42.3345 0 0)
(-39.2582 0 0)
(-35.3072 0 0)
(-31.5941 0 0)
(-27.7948 0 0)
(-24.6106 0 0)
(-21.2733 0 0)
(-18.1485 0 0)
(-15.0871 0 0)
(-11.8109 0 0)
(-8.99914 0 0)
(-5.37396 0 0)
(-2.10003 0 0)
)
;

boundaryField
{
    sides
    {
        type            fixedValue;
        value           uniform (0 0 0);
    }
    empty
    {
        type            empty;
    }
}


// ************************************************************************* //
