/*--------------------------------*- C++ -*----------------------------------*\
| =========                 |                                                 |
| \\      /  F ield         | OpenFOAM: The Open Source CFD Toolbox           |
|  \\    /   O peration     | Version:  2412                                  |
|   \\  /    A nd           | Website:  www.openfoam.com                      |
|    \\/     M anipulation  |                                                 |
\*---------------------------------------------------------------------------*/
FoamFile
{
    version     2.0;
    format      ascii;
    arch        "LSB;label=32;scalar=64";
    class       volVectorField;
    location    "0.00975026";
    object      U;
}
// * * * * * * * * * * * * * * * * * * * * * * * * * * * * * * * * * * * * * //

dimensions      [0 1 -1 0 0 0 0];

internalField   nonuniform List<vector> 
100
(
(2.73585e-15 0 0)
(-8.94073e-15 0 0)
(3.85245e-14 0 0)
(3.10363e-14 0 0)
(-2.33283e-14 0 0)
(1.08487e-14 0 0)
(6.33819e-14 0 0)
(1.82859e-13 0 0)
(1.36428e-13 0 0)
(8.29395e-14 0 0)
(1.06493e-13 0 0)
(1.12063e-13 0 0)
(3.38406e-11 0 0)
(1.56185e-08 0 0)
(5.13054e-06 0 0)
(0.000939224 0 0)
(0.068688 0 0)
(1.41677 0 0)
(8.34909 0 0)
(21.1126 0 0)
(34.2671 0 0)
(45.3593 0 0)
(54.8683 0 0)
(63.6382 0 0)
(72.149 0 0)
(80.598 0 0)
(89.0396 0 0)
(97.5126 0 0)
(105.969 0 0)
(114.545 0 0)
(122.925 0 0)
(131.732 0 0)
(139.747 0 0)
(148.956 0 0)
(156.527 0 0)
(165.686 0 0)
(173.765 0 0)
(181.664 0 0)
(190.766 0 0)
(198.276 0 0)
(207.163 0 0)
(214.969 0 0)
(224.007 0 0)
(232.132 0 0)
(241.13 0 0)
(248.784 0 0)
(256.373 0 0)
(265.511 0 0)
(273.947 0 0)
(280.529 0 0)
(281.082 0 0)
(281.105 0 0)
(284.373 0 0)
(287.95 0 0)
(286.437 0 0)
(277.48 0 0)
(276.483 0 0)
(285.159 0 0)
(290.041 0 0)
(287.188 0 0)
(277.525 0 0)
(277.32 0 0)
(283.346 0 0)
(288.365 0 0)
(287.138 0 0)
(278.541 0 0)
(277.627 0 0)
(279.022 0 0)
(287.152 0 0)
(287.537 0 0)
(286.507 0 0)
(282.508 0 0)
(278.42 0 0)
(278.747 0 0)
(280.801 0 0)
(282.733 0 0)
(280.444 0 0)
(277.423 0 0)
(279.57 0 0)
(281.903 0 0)
(283.553 0 0)
(283.426 0 0)
(280.878 0 0)
(279.585 0 0)
(279.57 0 0)
(280.686 0 0)
(283.182 0 0)
(283.716 0 0)
(283.269 0 0)
(279.99 0 0)
(277.001 0 0)
(276.52 0 0)
(276.403 0 0)
(277.295 0 0)
(287.719 0 0)
(297.896 0 0)
(272.879 0 0)
(106.646 0 0)
(1.92648 0 0)
(0.00169669 0 0)
)
;

boundaryField
{
    sides
    {
        type            fixedValue;
        value           uniform (0 0 0);
    }
    empty
    {
        type            empty;
    }
}


// ************************************************************************* //
