/*--------------------------------*- C++ -*----------------------------------*\
| =========                 |                                                 |
| \\      /  F ield         | OpenFOAM: The Open Source CFD Toolbox           |
|  \\    /   O peration     | Version:  2412                                  |
|   \\  /    A nd           | Website:  www.openfoam.com                      |
|    \\/     M anipulation  |                                                 |
\*---------------------------------------------------------------------------*/
FoamFile
{
    version     2.0;
    format      ascii;
    arch        "LSB;label=32;scalar=64";
    class       volVectorField;
    location    "0.00931572";
    object      U;
}
// * * * * * * * * * * * * * * * * * * * * * * * * * * * * * * * * * * * * * //

dimensions      [0 1 -1 0 0 0 0];

internalField   nonuniform List<vector> 
100
(
(2.6837e-14 0 0)
(2.31121e-14 0 0)
(2.24834e-14 0 0)
(-8.14501e-14 0 0)
(-5.57065e-14 0 0)
(4.30092e-14 0 0)
(1.35905e-13 0 0)
(1.02442e-13 0 0)
(9.61607e-14 0 0)
(5.07386e-14 0 0)
(5.81512e-14 0 0)
(3.95694e-14 0 0)
(1.61025e-14 0 0)
(3.32725e-12 0 0)
(1.59308e-09 0 0)
(6.11779e-07 0 0)
(0.000145501 0 0)
(0.0157439 0 0)
(0.540083 0 0)
(4.93183 0 0)
(16.2751 0 0)
(30.1425 0 0)
(42.3918 0 0)
(52.7503 0 0)
(62.0947 0 0)
(71.0484 0 0)
(79.8866 0 0)
(88.7161 0 0)
(97.5392 0 0)
(106.439 0 0)
(115.24 0 0)
(124.329 0 0)
(132.877 0 0)
(142.352 0 0)
(150.37 0 0)
(160.111 0 0)
(168.2 0 0)
(176.902 0 0)
(186.254 0 0)
(193.915 0 0)
(203.29 0 0)
(211.502 0 0)
(220.877 0 0)
(229.27 0 0)
(238.449 0 0)
(246.342 0 0)
(255.824 0 0)
(264.847 0 0)
(272.802 0 0)
(276.327 0 0)
(280.124 0 0)
(285.434 0 0)
(288.747 0 0)
(286.826 0 0)
(277.849 0 0)
(276.881 0 0)
(284.933 0 0)
(290.077 0 0)
(287.182 0 0)
(277.177 0 0)
(276.765 0 0)
(283.125 0 0)
(288.207 0 0)
(287.132 0 0)
(278.61 0 0)
(277.993 0 0)
(279.904 0 0)
(287.745 0 0)
(287.873 0 0)
(286.76 0 0)
(281.226 0 0)
(277.941 0 0)
(278.856 0 0)
(280.919 0 0)
(280.935 0 0)
(278.384 0 0)
(280.457 0 0)
(283.161 0 0)
(284.158 0 0)
(281.84 0 0)
(279.639 0 0)
(279.599 0 0)
(280.006 0 0)
(282.216 0 0)
(283.699 0 0)
(283.56 0 0)
(281.467 0 0)
(277.55 0 0)
(276.722 0 0)
(276.577 0 0)
(276.769 0 0)
(279.287 0 0)
(292.084 0 0)
(297.488 0 0)
(261.651 0 0)
(79.1238 0 0)
(0.957039 0 0)
(0.000659854 0 0)
(8.88848e-08 0 0)
(9.39469e-12 0 0)
)
;

boundaryField
{
    sides
    {
        type            fixedValue;
        value           uniform (0 0 0);
    }
    empty
    {
        type            empty;
    }
}


// ************************************************************************* //
