/*--------------------------------*- C++ -*----------------------------------*\
| =========                 |                                                 |
| \\      /  F ield         | OpenFOAM: The Open Source CFD Toolbox           |
|  \\    /   O peration     | Version:  2412                                  |
|   \\  /    A nd           | Website:  www.openfoam.com                      |
|    \\/     M anipulation  |                                                 |
\*---------------------------------------------------------------------------*/
FoamFile
{
    version     2.0;
    format      ascii;
    arch        "LSB;label=32;scalar=64";
    class       volVectorField;
    location    "0.0161171";
    object      U;
}
// * * * * * * * * * * * * * * * * * * * * * * * * * * * * * * * * * * * * * //

dimensions      [0 1 -1 0 0 0 0];

internalField   nonuniform List<vector> 
100
(
(10.2651 0 0)
(26.9416 0 0)
(39.2043 0 0)
(48.4668 0 0)
(54.4353 0 0)
(59.2615 0 0)
(64.0488 0 0)
(69.0783 0 0)
(74.2636 0 0)
(79.4865 0 0)
(84.7037 0 0)
(89.917 0 0)
(95.134 0 0)
(100.359 0 0)
(105.589 0 0)
(110.831 0 0)
(116.072 0 0)
(121.339 0 0)
(126.567 0 0)
(131.878 0 0)
(137.018 0 0)
(142.425 0 0)
(147.354 0 0)
(152.926 0 0)
(157.645 0 0)
(163.297 0 0)
(168.134 0 0)
(173.481 0 0)
(178.742 0 0)
(183.646 0 0)
(189.103 0 0)
(193.905 0 0)
(199.438 0 0)
(204.204 0 0)
(209.711 0 0)
(214.686 0 0)
(220.126 0 0)
(225.149 0 0)
(230.492 0 0)
(235.705 0 0)
(241.03 0 0)
(246.167 0 0)
(251.245 0 0)
(256.464 0 0)
(261.621 0 0)
(266.365 0 0)
(271.074 0 0)
(276.006 0 0)
(279.967 0 0)
(282.337 0 0)
(284.026 0 0)
(283.854 0 0)
(284.437 0 0)
(285.013 0 0)
(282.686 0 0)
(279.884 0 0)
(280.728 0 0)
(287.452 0 0)
(289.064 0 0)
(279.807 0 0)
(275.801 0 0)
(280.122 0 0)
(290.452 0 0)
(291.482 0 0)
(277.67 0 0)
(274.105 0 0)
(279.23 0 0)
(290.816 0 0)
(291.223 0 0)
(279.828 0 0)
(274.483 0 0)
(277.029 0 0)
(289.364 0 0)
(288.799 0 0)
(284.647 0 0)
(275.415 0 0)
(275.428 0 0)
(280.866 0 0)
(288.753 0 0)
(287.547 0 0)
(282.681 0 0)
(275.238 0 0)
(276.603 0 0)
(277.669 0 0)
(288.287 0 0)
(280.924 0 0)
(115.349 0 0)
(30.0744 0 0)
(6.66584 0 0)
(21.1552 0 0)
(26.664 0 0)
(24.3224 0 0)
(19.4762 0 0)
(15.8939 0 0)
(9.28656 0 0)
(5.47505 0 0)
(2.60582 0 0)
(1.30485 0 0)
(1.73804 0 0)
(-3.14174 0 0)
)
;

boundaryField
{
    sides
    {
        type            fixedValue;
        value           uniform (0 0 0);
    }
    empty
    {
        type            empty;
    }
}


// ************************************************************************* //
