/*--------------------------------*- C++ -*----------------------------------*\
| =========                 |                                                 |
| \\      /  F ield         | OpenFOAM: The Open Source CFD Toolbox           |
|  \\    /   O peration     | Version:  2412                                  |
|   \\  /    A nd           | Website:  www.openfoam.com                      |
|    \\/     M anipulation  |                                                 |
\*---------------------------------------------------------------------------*/
FoamFile
{
    version     2.0;
    format      ascii;
    arch        "LSB;label=32;scalar=64";
    class       volVectorField;
    location    "0.0138744";
    object      U;
}
// * * * * * * * * * * * * * * * * * * * * * * * * * * * * * * * * * * * * * //

dimensions      [0 1 -1 0 0 0 0];

internalField   nonuniform List<vector> 
100
(
(1.78296e-08 0 0)
(6.21861e-06 0 0)
(0.00110797 0 0)
(0.0768659 0 0)
(1.46912 0 0)
(8.06608 0 0)
(19.3438 0 0)
(30.1918 0 0)
(38.7669 0 0)
(45.758 0 0)
(52.0241 0 0)
(58.0425 0 0)
(64.0108 0 0)
(69.9887 0 0)
(75.985 0 0)
(81.9957 0 0)
(88.0161 0 0)
(94.046 0 0)
(100.083 0 0)
(106.136 0 0)
(112.188 0 0)
(118.278 0 0)
(124.312 0 0)
(130.473 0 0)
(136.38 0 0)
(142.689 0 0)
(148.307 0 0)
(154.834 0 0)
(160.256 0 0)
(166.732 0 0)
(172.5 0 0)
(178.367 0 0)
(184.654 0 0)
(190.161 0 0)
(196.505 0 0)
(202.033 0 0)
(208.479 0 0)
(214.091 0 0)
(220.346 0 0)
(226.193 0 0)
(232.505 0 0)
(238.426 0 0)
(244.429 0 0)
(250.407 0 0)
(256.428 0 0)
(261.934 0 0)
(267.669 0 0)
(273.488 0 0)
(278.399 0 0)
(281.182 0 0)
(283.301 0 0)
(283.853 0 0)
(285.565 0 0)
(286.209 0 0)
(281.325 0 0)
(278.522 0 0)
(281.213 0 0)
(288.702 0 0)
(289.761 0 0)
(278.116 0 0)
(275.455 0 0)
(280.811 0 0)
(290.205 0 0)
(290.531 0 0)
(277.86 0 0)
(275.314 0 0)
(279.581 0 0)
(289.469 0 0)
(289.488 0 0)
(281.844 0 0)
(276.28 0 0)
(277.582 0 0)
(286.569 0 0)
(288.31 0 0)
(286.638 0 0)
(277.396 0 0)
(276.049 0 0)
(276.656 0 0)
(283.768 0 0)
(288.384 0 0)
(284.758 0 0)
(284.189 0 0)
(280.408 0 0)
(278.838 0 0)
(279.301 0 0)
(281.438 0 0)
(282.555 0 0)
(281.187 0 0)
(278.997 0 0)
(282.593 0 0)
(248.971 0 0)
(60.4348 0 0)
(-13.9957 0 0)
(-6.54716 0 0)
(7.50886 0 0)
(6.91158 0 0)
(0.259118 0 0)
(-1.1745 0 0)
(1.37486 0 0)
(-6.96965 0 0)
)
;

boundaryField
{
    sides
    {
        type            fixedValue;
        value           uniform (0 0 0);
    }
    empty
    {
        type            empty;
    }
}


// ************************************************************************* //
