/*--------------------------------*- C++ -*----------------------------------*\
| =========                 |                                                 |
| \\      /  F ield         | OpenFOAM: The Open Source CFD Toolbox           |
|  \\    /   O peration     | Version:  2412                                  |
|   \\  /    A nd           | Website:  www.openfoam.com                      |
|    \\/     M anipulation  |                                                 |
\*---------------------------------------------------------------------------*/
FoamFile
{
    version     2.0;
    format      ascii;
    arch        "LSB;label=32;scalar=64";
    class       volVectorField;
    location    "0.0289473";
    object      U;
}
// * * * * * * * * * * * * * * * * * * * * * * * * * * * * * * * * * * * * * //

dimensions      [0 1 -1 0 0 0 0];

internalField   nonuniform List<vector> 
100
(
(2.40377 0 0)
(7.25201 0 0)
(12.0504 0 0)
(16.8804 0 0)
(21.6395 0 0)
(26.491 0 0)
(31.1804 0 0)
(36.1188 0 0)
(40.6914 0 0)
(45.7802 0 0)
(50.2307 0 0)
(55.3708 0 0)
(59.8687 0 0)
(64.9109 0 0)
(69.6663 0 0)
(74.4793 0 0)
(79.4731 0 0)
(84.0873 0 0)
(89.2016 0 0)
(93.7572 0 0)
(98.884 0 0)
(103.491 0 0)
(108.57 0 0)
(113.261 0 0)
(118.263 0 0)
(123.014 0 0)
(127.955 0 0)
(132.758 0 0)
(137.662 0 0)
(142.485 0 0)
(147.358 0 0)
(152.193 0 0)
(157.047 0 0)
(161.884 0 0)
(166.727 0 0)
(171.568 0 0)
(176.386 0 0)
(181.197 0 0)
(186.028 0 0)
(190.822 0 0)
(195.46 0 0)
(200.065 0 0)
(204.777 0 0)
(209.266 0 0)
(213.656 0 0)
(218.193 0 0)
(222.493 0 0)
(225.974 0 0)
(228.403 0 0)
(230.263 0 0)
(232.29 0 0)
(234.186 0 0)
(235.829 0 0)
(236.903 0 0)
(237.659 0 0)
(238.479 0 0)
(241.318 0 0)
(248.174 0 0)
(256.63 0 0)
(187.136 0 0)
(7.01454 0 0)
(-39.1967 0 0)
(-28.3606 0 0)
(-10.971 0 0)
(-2.17991 0 0)
(5.01958 0 0)
(8.36481 0 0)
(2.74467 0 0)
(5.04381 0 0)
(-0.835629 0 0)
(6.23371 0 0)
(2.71723 0 0)
(0.181911 0 0)
(-0.526647 0 0)
(-7.43081 0 0)
(-0.330412 0 0)
(0.187388 0 0)
(5.54525 0 0)
(5.78505 0 0)
(0.141836 0 0)
(-3.82901 0 0)
(-6.19978 0 0)
(-3.2306 0 0)
(1.91919 0 0)
(3.97098 0 0)
(4.09756 0 0)
(1.33244 0 0)
(-1.5848 0 0)
(-2.40828 0 0)
(-1.33172 0 0)
(1.16811 0 0)
(3.31765 0 0)
(1.47988 0 0)
(-2.62383 0 0)
(-3.96759 0 0)
(-4.30005 0 0)
(-0.733658 0 0)
(1.69646 0 0)
(3.57573 0 0)
(0.605389 0 0)
)
;

boundaryField
{
    sides
    {
        type            fixedValue;
        value           uniform (0 0 0);
    }
    empty
    {
        type            empty;
    }
}


// ************************************************************************* //
