/*--------------------------------*- C++ -*----------------------------------*\
| =========                 |                                                 |
| \\      /  F ield         | OpenFOAM: The Open Source CFD Toolbox           |
|  \\    /   O peration     | Version:  2412                                  |
|   \\  /    A nd           | Website:  www.openfoam.com                      |
|    \\/     M anipulation  |                                                 |
\*---------------------------------------------------------------------------*/
FoamFile
{
    version     2.0;
    format      ascii;
    arch        "LSB;label=32;scalar=64";
    class       volVectorField;
    location    "0.007124";
    object      U;
}
// * * * * * * * * * * * * * * * * * * * * * * * * * * * * * * * * * * * * * //

dimensions      [0 1 -1 0 0 0 0];

internalField   nonuniform List<vector> 
100
(
(-1.41766e-14 0 0)
(-6.70351e-14 0 0)
(-1.00483e-13 0 0)
(-5.85059e-14 0 0)
(-1.45697e-13 0 0)
(-4.63178e-14 0 0)
(-8.14819e-14 0 0)
(-1.07529e-13 0 0)
(-2.04421e-13 0 0)
(-2.33527e-13 0 0)
(-2.59142e-13 0 0)
(-1.87942e-13 0 0)
(-8.91506e-14 0 0)
(2.48124e-14 0 0)
(9.09463e-14 0 0)
(1.02013e-13 0 0)
(1.53571e-13 0 0)
(1.46734e-13 0 0)
(1.28861e-13 0 0)
(1.14535e-13 0 0)
(5.21785e-12 0 0)
(2.44721e-09 0 0)
(9.30964e-07 0 0)
(0.000215991 0 0)
(0.0222943 0 0)
(0.711852 0 0)
(6.07074 0 0)
(19.256 0 0)
(35.2364 0 0)
(49.7359 0 0)
(62.4868 0 0)
(74.3391 0 0)
(85.8231 0 0)
(97.3007 0 0)
(108.591 0 0)
(120.369 0 0)
(131.262 0 0)
(143.739 0 0)
(153.933 0 0)
(166.264 0 0)
(177.322 0 0)
(187.356 0 0)
(199.768 0 0)
(210.11 0 0)
(222.428 0 0)
(231.701 0 0)
(244.213 0 0)
(256.697 0 0)
(268.064 0 0)
(272.394 0 0)
(278.071 0 0)
(285.177 0 0)
(289.649 0 0)
(287.653 0 0)
(277.568 0 0)
(277.559 0 0)
(284.246 0 0)
(289.278 0 0)
(287.225 0 0)
(278.259 0 0)
(277.827 0 0)
(281.687 0 0)
(287.371 0 0)
(286.061 0 0)
(283.773 0 0)
(278.643 0 0)
(278.591 0 0)
(281.663 0 0)
(282.64 0 0)
(280.267 0 0)
(281.789 0 0)
(284.126 0 0)
(284.43 0 0)
(280.324 0 0)
(277.143 0 0)
(277.096 0 0)
(277.108 0 0)
(279.615 0 0)
(284.036 0 0)
(284.143 0 0)
(283.11 0 0)
(284.002 0 0)
(289.621 0 0)
(280.096 0 0)
(165.265 0 0)
(8.83069 0 0)
(0.0181761 0 0)
(4.49405e-06 0 0)
(3.68373e-10 0 0)
(-1.73062e-13 0 0)
(-1.8418e-13 0 0)
(-2.45893e-13 0 0)
(-3.09501e-13 0 0)
(-3.23333e-13 0 0)
(-3.32234e-13 0 0)
(-2.59273e-13 0 0)
(-9.40932e-14 0 0)
(-9.75072e-15 0 0)
(5.19067e-14 0 0)
(1.51681e-14 0 0)
)
;

boundaryField
{
    sides
    {
        type            fixedValue;
        value           uniform (0 0 0);
    }
    empty
    {
        type            empty;
    }
}


// ************************************************************************* //
