/*--------------------------------*- C++ -*----------------------------------*\
| =========                 |                                                 |
| \\      /  F ield         | OpenFOAM: The Open Source CFD Toolbox           |
|  \\    /   O peration     | Version:  2412                                  |
|   \\  /    A nd           | Website:  www.openfoam.com                      |
|    \\/     M anipulation  |                                                 |
\*---------------------------------------------------------------------------*/
FoamFile
{
    version     2.0;
    format      ascii;
    arch        "LSB;label=32;scalar=64";
    class       volVectorField;
    location    "0.00800493";
    object      U;
}
// * * * * * * * * * * * * * * * * * * * * * * * * * * * * * * * * * * * * * //

dimensions      [0 1 -1 0 0 0 0];

internalField   nonuniform List<vector> 
100
(
(5.92125e-14 0 0)
(1.5321e-13 0 0)
(8.6942e-14 0 0)
(9.63484e-14 0 0)
(9.16672e-15 0 0)
(-8.69979e-14 0 0)
(-1.46776e-13 0 0)
(-1.56472e-13 0 0)
(-2.4956e-14 0 0)
(-1.19394e-13 0 0)
(-6.34323e-14 0 0)
(-8.96402e-15 0 0)
(-6.47534e-14 0 0)
(-1.05442e-13 0 0)
(-6.67621e-15 0 0)
(5.31272e-14 0 0)
(1.45259e-13 0 0)
(1.30142e-12 0 0)
(6.36859e-10 0 0)
(2.61029e-07 0 0)
(6.87732e-05 0 0)
(0.0086605 0 0)
(0.364592 0 0)
(4.0475 0 0)
(15.1908 0 0)
(30.1608 0 0)
(43.999 0 0)
(55.9091 0 0)
(66.7102 0 0)
(77.076 0 0)
(87.2927 0 0)
(97.5392 0 0)
(107.693 0 0)
(118.149 0 0)
(128.057 0 0)
(139.01 0 0)
(148.289 0 0)
(159.591 0 0)
(168.932 0 0)
(178.794 0 0)
(189.775 0 0)
(198.524 0 0)
(209.269 0 0)
(218.634 0 0)
(229.654 0 0)
(240.198 0 0)
(249.24 0 0)
(257.275 0 0)
(268.608 0 0)
(279.803 0 0)
(286.615 0 0)
(281.923 0 0)
(278.823 0 0)
(282.611 0 0)
(288.229 0 0)
(287.004 0 0)
(277.196 0 0)
(276.85 0 0)
(283.726 0 0)
(288.881 0 0)
(287.54 0 0)
(279.006 0 0)
(279.106 0 0)
(281.521 0 0)
(287.76 0 0)
(286.444 0 0)
(284.606 0 0)
(278.407 0 0)
(277.617 0 0)
(279.076 0 0)
(281.824 0 0)
(284.537 0 0)
(282.462 0 0)
(279.167 0 0)
(280.263 0 0)
(281.808 0 0)
(283.739 0 0)
(283.899 0 0)
(282.121 0 0)
(277.724 0 0)
(276.637 0 0)
(276.736 0 0)
(278.64 0 0)
(282.247 0 0)
(283.349 0 0)
(284.909 0 0)
(291.871 0 0)
(289.066 0 0)
(210.914 0 0)
(25.0449 0 0)
(0.102595 0 0)
(3.75698e-05 0 0)
(3.46938e-09 0 0)
(3.97997e-13 0 0)
(3.92661e-14 0 0)
(-9.748e-15 0 0)
(-1.22781e-13 0 0)
(-7.36749e-14 0 0)
(8.91005e-15 0 0)
(7.93255e-14 0 0)
)
;

boundaryField
{
    sides
    {
        type            fixedValue;
        value           uniform (0 0 0);
    }
    empty
    {
        type            empty;
    }
}


// ************************************************************************* //
