/*--------------------------------*- C++ -*----------------------------------*\
| =========                 |                                                 |
| \\      /  F ield         | OpenFOAM: The Open Source CFD Toolbox           |
|  \\    /   O peration     | Version:  2412                                  |
|   \\  /    A nd           | Website:  www.openfoam.com                      |
|    \\/     M anipulation  |                                                 |
\*---------------------------------------------------------------------------*/
FoamFile
{
    version     2.0;
    format      ascii;
    arch        "LSB;label=32;scalar=64";
    class       volVectorField;
    location    "0.0276653";
    object      U;
}
// * * * * * * * * * * * * * * * * * * * * * * * * * * * * * * * * * * * * * //

dimensions      [0 1 -1 0 0 0 0];

internalField   nonuniform List<vector> 
100
(
(2.52819 0 0)
(7.63944 0 0)
(12.7007 0 0)
(17.7832 0 0)
(22.8353 0 0)
(27.9427 0 0)
(32.9577 0 0)
(38.1407 0 0)
(43.0711 0 0)
(48.4059 0 0)
(53.1989 0 0)
(58.6281 0 0)
(63.3561 0 0)
(68.7296 0 0)
(73.6534 0 0)
(78.8251 0 0)
(84.0037 0 0)
(88.9337 0 0)
(94.2688 0 0)
(99.0894 0 0)
(104.484 0 0)
(109.338 0 0)
(114.699 0 0)
(119.617 0 0)
(124.916 0 0)
(129.919 0 0)
(135.141 0 0)
(140.196 0 0)
(145.387 0 0)
(150.489 0 0)
(155.668 0 0)
(160.787 0 0)
(165.925 0 0)
(171.018 0 0)
(176.096 0 0)
(181.143 0 0)
(186.204 0 0)
(191.321 0 0)
(196.46 0 0)
(201.663 0 0)
(206.97 0 0)
(212.184 0 0)
(217.024 0 0)
(221.766 0 0)
(226.57 0 0)
(230.889 0 0)
(234.499 0 0)
(237.426 0 0)
(240.025 0 0)
(242.256 0 0)
(247.238 0 0)
(251.993 0 0)
(253.452 0 0)
(253.404 0 0)
(253.063 0 0)
(253.789 0 0)
(258.955 0 0)
(278.243 0 0)
(286.529 0 0)
(290.39 0 0)
(291.723 0 0)
(287.31 0 0)
(175.481 0 0)
(30.8993 0 0)
(-4.23207 0 0)
(-0.354464 0 0)
(-0.682531 0 0)
(-6.29712 0 0)
(-2.00321 0 0)
(-10.4265 0 0)
(-3.78732 0 0)
(-4.46399 0 0)
(1.21324 0 0)
(9.08441 0 0)
(5.43296 0 0)
(9.80634 0 0)
(-0.233259 0 0)
(-3.06948 0 0)
(-2.06621 0 0)
(-2.92771 0 0)
(1.72733 0 0)
(2.27334 0 0)
(2.19131 0 0)
(-0.188505 0 0)
(-3.42471 0 0)
(-2.96552 0 0)
(-0.0550907 0 0)
(0.195129 0 0)
(3.03726 0 0)
(2.68536 0 0)
(-0.0416367 0 0)
(-0.21004 0 0)
(0.116811 0 0)
(-0.227249 0 0)
(-2.32482 0 0)
(-3.04487 0 0)
(-2.06265 0 0)
(-1.35589 0 0)
(0.695441 0 0)
(0.661646 0 0)
)
;

boundaryField
{
    sides
    {
        type            fixedValue;
        value           uniform (0 0 0);
    }
    empty
    {
        type            empty;
    }
}


// ************************************************************************* //
