/*--------------------------------*- C++ -*----------------------------------*\
| =========                 |                                                 |
| \\      /  F ield         | OpenFOAM: The Open Source CFD Toolbox           |
|  \\    /   O peration     | Version:  2412                                  |
|   \\  /    A nd           | Website:  www.openfoam.com                      |
|    \\/     M anipulation  |                                                 |
\*---------------------------------------------------------------------------*/
FoamFile
{
    version     2.0;
    format      ascii;
    arch        "LSB;label=32;scalar=64";
    class       volVectorField;
    location    "0.00693439";
    object      U;
}
// * * * * * * * * * * * * * * * * * * * * * * * * * * * * * * * * * * * * * //

dimensions      [0 1 -1 0 0 0 0];

internalField   nonuniform List<vector> 
100
(
(-7.16161e-14 0 0)
(-1.40696e-13 0 0)
(-1.33171e-13 0 0)
(-6.6692e-14 0 0)
(-1.12976e-13 0 0)
(-8.73002e-14 0 0)
(-1.30618e-13 0 0)
(-1.32022e-13 0 0)
(-1.47099e-13 0 0)
(-2.08959e-13 0 0)
(-2.50989e-13 0 0)
(-1.79756e-13 0 0)
(-1.05565e-13 0 0)
(-8.01687e-15 0 0)
(3.37327e-14 0 0)
(1.18428e-13 0 0)
(1.53571e-13 0 0)
(1.38581e-13 0 0)
(1.37014e-13 0 0)
(1.14525e-13 0 0)
(3.3403e-13 0 0)
(6.098e-11 0 0)
(2.79752e-08 0 0)
(9.0046e-06 0 0)
(0.00157216 0 0)
(0.106007 0 0)
(1.96837 0 0)
(10.691 0 0)
(25.9971 0 0)
(41.8747 0 0)
(55.8639 0 0)
(68.4526 0 0)
(80.3895 0 0)
(92.1792 0 0)
(103.787 0 0)
(115.784 0 0)
(127.057 0 0)
(139.744 0 0)
(150.277 0 0)
(163.123 0 0)
(174.153 0 0)
(184.757 0 0)
(197.495 0 0)
(207.877 0 0)
(220.172 0 0)
(230.13 0 0)
(243.303 0 0)
(255.823 0 0)
(266.239 0 0)
(271.304 0 0)
(278.035 0 0)
(289.132 0 0)
(289.864 0 0)
(283.853 0 0)
(277.284 0 0)
(278.288 0 0)
(288.557 0 0)
(288.599 0 0)
(282.907 0 0)
(277.452 0 0)
(277.725 0 0)
(286.09 0 0)
(286.97 0 0)
(286.078 0 0)
(280.653 0 0)
(278.177 0 0)
(280.315 0 0)
(282.218 0 0)
(280.908 0 0)
(281.78 0 0)
(284.175 0 0)
(284.235 0 0)
(279.85 0 0)
(277.072 0 0)
(277.035 0 0)
(277.393 0 0)
(280.222 0 0)
(284.351 0 0)
(284.419 0 0)
(282.764 0 0)
(283.078 0 0)
(288.701 0 0)
(282.378 0 0)
(182.686 0 0)
(13.3395 0 0)
(0.0347757 0 0)
(9.91597e-06 0 0)
(8.21475e-10 0 0)
(-9.51347e-14 0 0)
(-1.70211e-13 0 0)
(-1.8405e-13 0 0)
(-2.31683e-13 0 0)
(-3.45512e-13 0 0)
(-3.87828e-13 0 0)
(-3.60872e-13 0 0)
(-2.51974e-13 0 0)
(-1.08566e-13 0 0)
(-5.99416e-14 0 0)
(1.60287e-14 0 0)
(8.05917e-15 0 0)
)
;

boundaryField
{
    sides
    {
        type            fixedValue;
        value           uniform (0 0 0);
    }
    empty
    {
        type            empty;
    }
}


// ************************************************************************* //
