/*--------------------------------*- C++ -*----------------------------------*\
| =========                 |                                                 |
| \\      /  F ield         | OpenFOAM: The Open Source CFD Toolbox           |
|  \\    /   O peration     | Version:  2412                                  |
|   \\  /    A nd           | Website:  www.openfoam.com                      |
|    \\/     M anipulation  |                                                 |
\*---------------------------------------------------------------------------*/
FoamFile
{
    version     2.0;
    format      ascii;
    arch        "LSB;label=32;scalar=64";
    class       volVectorField;
    location    "0.0105565";
    object      U;
}
// * * * * * * * * * * * * * * * * * * * * * * * * * * * * * * * * * * * * * //

dimensions      [0 1 -1 0 0 0 0];

internalField   nonuniform List<vector> 
100
(
(-1.18035e-13 0 0)
(-5.78985e-14 0 0)
(6.26199e-15 0 0)
(4.7181e-14 0 0)
(1.30644e-13 0 0)
(9.86057e-14 0 0)
(2.332e-14 0 0)
(1.38918e-14 0 0)
(1.43762e-13 0 0)
(2.36262e-12 0 0)
(1.03962e-09 0 0)
(4.04425e-07 0 0)
(9.94382e-05 0 0)
(0.0113958 0 0)
(0.42481 0 0)
(4.20386 0 0)
(14.5933 0 0)
(27.6395 0 0)
(39.1063 0 0)
(48.6008 0 0)
(57.0015 0 0)
(64.9664 0 0)
(72.8023 0 0)
(80.6193 0 0)
(88.4423 0 0)
(96.2894 0 0)
(104.135 0 0)
(112.053 0 0)
(119.869 0 0)
(127.941 0 0)
(135.521 0 0)
(143.898 0 0)
(151.027 0 0)
(159.647 0 0)
(166.795 0 0)
(174.697 0 0)
(182.828 0 0)
(189.755 0 0)
(198.086 0 0)
(205.346 0 0)
(213.672 0 0)
(220.904 0 0)
(229.132 0 0)
(236.687 0 0)
(244.705 0 0)
(252.716 0 0)
(260.481 0 0)
(266.042 0 0)
(272.376 0 0)
(280.857 0 0)
(286.169 0 0)
(287.033 0 0)
(280.628 0 0)
(277.936 0 0)
(285.597 0 0)
(288.647 0 0)
(284.764 0 0)
(276.558 0 0)
(275.847 0 0)
(287.275 0 0)
(289.272 0 0)
(285.256 0 0)
(277.556 0 0)
(277.663 0 0)
(285.549 0 0)
(288.99 0 0)
(286.868 0 0)
(278.2 0 0)
(277.654 0 0)
(278.303 0 0)
(286.775 0 0)
(287.102 0 0)
(284.972 0 0)
(282.786 0 0)
(278.582 0 0)
(278.891 0 0)
(280.88 0 0)
(281.784 0 0)
(283.708 0 0)
(283.478 0 0)
(278.825 0 0)
(277.498 0 0)
(278.317 0 0)
(279.872 0 0)
(282.684 0 0)
(283.4 0 0)
(282.972 0 0)
(280.821 0 0)
(279.704 0 0)
(279.705 0 0)
(281.157 0 0)
(283.616 0 0)
(283.787 0 0)
(283.25 0 0)
(280.221 0 0)
(276.547 0 0)
(275.643 0 0)
(278.934 0 0)
(268.695 0 0)
(218.965 0 0)
)
;

boundaryField
{
    sides
    {
        type            fixedValue;
        value           uniform (0 0 0);
    }
    empty
    {
        type            empty;
    }
}


// ************************************************************************* //
