/*--------------------------------*- C++ -*----------------------------------*\
| =========                 |                                                 |
| \\      /  F ield         | OpenFOAM: The Open Source CFD Toolbox           |
|  \\    /   O peration     | Version:  2412                                  |
|   \\  /    A nd           | Website:  www.openfoam.com                      |
|    \\/     M anipulation  |                                                 |
\*---------------------------------------------------------------------------*/
FoamFile
{
    version     2.0;
    format      ascii;
    arch        "LSB;label=32;scalar=64";
    class       volVectorField;
    location    "0.0243363";
    object      U;
}
// * * * * * * * * * * * * * * * * * * * * * * * * * * * * * * * * * * * * * //

dimensions      [0 1 -1 0 0 0 0];

internalField   nonuniform List<vector> 
100
(
(2.9859 0 0)
(9.0076 0 0)
(14.9846 0 0)
(20.9769 0 0)
(26.9592 0 0)
(32.9057 0 0)
(38.8403 0 0)
(44.7987 0 0)
(50.7054 0 0)
(56.7555 0 0)
(62.5847 0 0)
(68.7487 0 0)
(74.4254 0 0)
(80.7036 0 0)
(86.3013 0 0)
(92.5399 0 0)
(98.2509 0 0)
(104.339 0 0)
(110.333 0 0)
(116.102 0 0)
(122.22 0 0)
(127.913 0 0)
(134.172 0 0)
(139.925 0 0)
(146.264 0 0)
(152.033 0 0)
(158.097 0 0)
(163.662 0 0)
(169.356 0 0)
(174.847 0 0)
(180.508 0 0)
(186.255 0 0)
(192.496 0 0)
(199.202 0 0)
(206.118 0 0)
(212.464 0 0)
(218.105 0 0)
(224.612 0 0)
(236.326 0 0)
(255.023 0 0)
(264.7 0 0)
(268.168 0 0)
(271.667 0 0)
(274.826 0 0)
(277.037 0 0)
(277.274 0 0)
(277.99 0 0)
(279.963 0 0)
(281.012 0 0)
(282.218 0 0)
(283.165 0 0)
(283.733 0 0)
(283.441 0 0)
(283.585 0 0)
(283.211 0 0)
(282.516 0 0)
(282.996 0 0)
(284.263 0 0)
(283.707 0 0)
(281.402 0 0)
(281.645 0 0)
(286.397 0 0)
(287.747 0 0)
(279.653 0 0)
(277.164 0 0)
(283.698 0 0)
(290.52 0 0)
(287.537 0 0)
(262.765 0 0)
(137.087 0 0)
(16.3579 0 0)
(-2.44723 0 0)
(13.0766 0 0)
(24.7088 0 0)
(10.9043 0 0)
(19.0433 0 0)
(3.86999 0 0)
(-3.64552 0 0)
(-7.46034 0 0)
(-13.3261 0 0)
(-4.73484 0 0)
(-5.42989 0 0)
(-3.95094 0 0)
(-0.629464 0 0)
(0.654173 0 0)
(7.95802 0 0)
(11.862 0 0)
(8.32657 0 0)
(-1.59859 0 0)
(-9.30293 0 0)
(-8.29367 0 0)
(-0.68748 0 0)
(5.93089 0 0)
(9.85362 0 0)
(7.84745 0 0)
(-0.185235 0 0)
(-7.58938 0 0)
(-12.3475 0 0)
(-9.56159 0 0)
(-5.29418 0 0)
)
;

boundaryField
{
    sides
    {
        type            fixedValue;
        value           uniform (0 0 0);
    }
    empty
    {
        type            empty;
    }
}


// ************************************************************************* //
