/*--------------------------------*- C++ -*----------------------------------*\
| =========                 |                                                 |
| \\      /  F ield         | OpenFOAM: The Open Source CFD Toolbox           |
|  \\    /   O peration     | Version:  2412                                  |
|   \\  /    A nd           | Website:  www.openfoam.com                      |
|    \\/     M anipulation  |                                                 |
\*---------------------------------------------------------------------------*/
FoamFile
{
    version     2.0;
    format      ascii;
    arch        "LSB;label=32;scalar=64";
    class       volVectorField;
    location    "0.0494594";
    object      U;
}
// * * * * * * * * * * * * * * * * * * * * * * * * * * * * * * * * * * * * * //

dimensions      [0 1 -1 0 0 0 0];

internalField   nonuniform List<vector> 
100
(
(-7.61553 0 0)
(-23.5056 0 0)
(-24.8822 0 0)
(-16.3786 0 0)
(-6.55205 0 0)
(-4.36118 0 0)
(18.8391 0 0)
(8.25555 0 0)
(-116.139 0 0)
(-228.639 0 0)
(-229.816 0 0)
(-227.814 0 0)
(-232.768 0 0)
(-237.278 0 0)
(-236.861 0 0)
(-234.693 0 0)
(-226.58 0 0)
(-215.72 0 0)
(-212.198 0 0)
(-211.043 0 0)
(-216.785 0 0)
(-230.147 0 0)
(-232.4 0 0)
(-230.965 0 0)
(-226.711 0 0)
(-211.02 0 0)
(-194.911 0 0)
(-190.109 0 0)
(-188.35 0 0)
(-187.736 0 0)
(-192.013 0 0)
(-202.359 0 0)
(-204.703 0 0)
(-203.337 0 0)
(-200.615 0 0)
(-196.042 0 0)
(-192.086 0 0)
(-189.849 0 0)
(-187.588 0 0)
(-183.563 0 0)
(-179.111 0 0)
(-176.831 0 0)
(-175.808 0 0)
(-176.598 0 0)
(-178.538 0 0)
(-178.072 0 0)
(-176.027 0 0)
(-170.681 0 0)
(-164.139 0 0)
(-161.294 0 0)
(-161.597 0 0)
(-174.233 0 0)
(-187.966 0 0)
(-189.386 0 0)
(-187.855 0 0)
(-184.206 0 0)
(-170.869 0 0)
(-147.216 0 0)
(-132.243 0 0)
(-126.152 0 0)
(-122.756 0 0)
(-120.076 0 0)
(-116.849 0 0)
(-113.308 0 0)
(-110.451 0 0)
(-109.251 0 0)
(-108.431 0 0)
(-107.872 0 0)
(-107.53 0 0)
(-106.78 0 0)
(-105.273 0 0)
(-101.031 0 0)
(-94.5042 0 0)
(-87.4141 0 0)
(-82.5125 0 0)
(-77.8108 0 0)
(-74.9807 0 0)
(-73.5128 0 0)
(-71.8632 0 0)
(-71.5931 0 0)
(-69.238 0 0)
(-66.0797 0 0)
(-60.5328 0 0)
(-56.511 0 0)
(-52.8187 0 0)
(-49.0041 0 0)
(-46.6338 0 0)
(-42.7951 0 0)
(-39.4469 0 0)
(-35.3356 0 0)
(-31.7168 0 0)
(-28.0659 0 0)
(-24.8639 0 0)
(-21.4046 0 0)
(-18.2073 0 0)
(-15.1817 0 0)
(-11.9768 0 0)
(-9.12878 0 0)
(-5.4109 0 0)
(-2.03225 0 0)
)
;

boundaryField
{
    sides
    {
        type            fixedValue;
        value           uniform (0 0 0);
    }
    empty
    {
        type            empty;
    }
}


// ************************************************************************* //
