/*--------------------------------*- C++ -*----------------------------------*\
| =========                 |                                                 |
| \\      /  F ield         | OpenFOAM: The Open Source CFD Toolbox           |
|  \\    /   O peration     | Version:  2412                                  |
|   \\  /    A nd           | Website:  www.openfoam.com                      |
|    \\/     M anipulation  |                                                 |
\*---------------------------------------------------------------------------*/
FoamFile
{
    version     2.0;
    format      ascii;
    arch        "LSB;label=32;scalar=64";
    class       volVectorField;
    location    "0.0152186";
    object      U;
}
// * * * * * * * * * * * * * * * * * * * * * * * * * * * * * * * * * * * * * //

dimensions      [0 1 -1 0 0 0 0];

internalField   nonuniform List<vector> 
100
(
(1.57088 0 0)
(10.587 0 0)
(21.8551 0 0)
(31.5686 0 0)
(39.0683 0 0)
(45.2534 0 0)
(50.8792 0 0)
(56.3331 0 0)
(61.7675 0 0)
(67.2232 0 0)
(72.701 0 0)
(78.1938 0 0)
(83.696 0 0)
(89.2051 0 0)
(94.7204 0 0)
(100.244 0 0)
(105.773 0 0)
(111.317 0 0)
(116.856 0 0)
(122.433 0 0)
(127.945 0 0)
(133.584 0 0)
(138.968 0 0)
(144.737 0 0)
(149.864 0 0)
(155.818 0 0)
(160.787 0 0)
(166.708 0 0)
(171.969 0 0)
(177.403 0 0)
(183.105 0 0)
(188.189 0 0)
(193.984 0 0)
(199.037 0 0)
(204.918 0 0)
(210.024 0 0)
(215.775 0 0)
(221.087 0 0)
(226.853 0 0)
(232.258 0 0)
(237.808 0 0)
(243.262 0 0)
(248.884 0 0)
(254.323 0 0)
(259.496 0 0)
(264.87 0 0)
(270.266 0 0)
(274.494 0 0)
(278.53 0 0)
(282.548 0 0)
(285.003 0 0)
(285.725 0 0)
(283.266 0 0)
(280.909 0 0)
(281.087 0 0)
(286.285 0 0)
(287.999 0 0)
(280.451 0 0)
(276.756 0 0)
(280.459 0 0)
(289.615 0 0)
(290.716 0 0)
(277.879 0 0)
(274.948 0 0)
(280.347 0 0)
(290.878 0 0)
(291.3 0 0)
(278.435 0 0)
(274.478 0 0)
(277.858 0 0)
(289.421 0 0)
(288.869 0 0)
(283.616 0 0)
(275.788 0 0)
(276.12 0 0)
(283.641 0 0)
(289.113 0 0)
(287.751 0 0)
(280.344 0 0)
(275.07 0 0)
(277.645 0 0)
(278.642 0 0)
(286.969 0 0)
(286.998 0 0)
(282.258 0 0)
(281.963 0 0)
(279.807 0 0)
(239.644 0 0)
(69.8417 0 0)
(6.68153 0 0)
(14.9655 0 0)
(8.27269 0 0)
(4.77105 0 0)
(3.52899 0 0)
(2.23633 0 0)
(1.83174 0 0)
(-0.0642684 0 0)
(0.779169 0 0)
(3.18476 0 0)
(-1.7985 0 0)
)
;

boundaryField
{
    sides
    {
        type            fixedValue;
        value           uniform (0 0 0);
    }
    empty
    {
        type            empty;
    }
}


// ************************************************************************* //
