/*--------------------------------*- C++ -*----------------------------------*\
| =========                 |                                                 |
| \\      /  F ield         | OpenFOAM: The Open Source CFD Toolbox           |
|  \\    /   O peration     | Version:  2412                                  |
|   \\  /    A nd           | Website:  www.openfoam.com                      |
|    \\/     M anipulation  |                                                 |
\*---------------------------------------------------------------------------*/
FoamFile
{
    version     2.0;
    format      ascii;
    arch        "LSB;label=32;scalar=64";
    class       volVectorField;
    location    "0.0412929";
    object      U;
}
// * * * * * * * * * * * * * * * * * * * * * * * * * * * * * * * * * * * * * //

dimensions      [0 1 -1 0 0 0 0];

internalField   nonuniform List<vector> 
100
(
(1.59817 0 0)
(4.9583 0 0)
(8.22447 0 0)
(11.4467 0 0)
(14.6286 0 0)
(17.7786 0 0)
(20.9048 0 0)
(24.0196 0 0)
(27.1435 0 0)
(30.2492 0 0)
(33.3577 0 0)
(36.4647 0 0)
(39.5719 0 0)
(42.6704 0 0)
(45.7309 0 0)
(48.7697 0 0)
(52.008 0 0)
(55.666 0 0)
(56.5593 0 0)
(-60.5449 0 0)
(-203.076 0 0)
(-218.681 0 0)
(-204.147 0 0)
(-189.342 0 0)
(-184.496 0 0)
(-182.6 0 0)
(-181.343 0 0)
(-184.707 0 0)
(-192.79 0 0)
(-194.278 0 0)
(-192.801 0 0)
(-190.485 0 0)
(-183.504 0 0)
(-167.978 0 0)
(-159.011 0 0)
(-156.04 0 0)
(-155.336 0 0)
(-158.393 0 0)
(-164.297 0 0)
(-165.577 0 0)
(-164.317 0 0)
(-162.335 0 0)
(-157.583 0 0)
(-151.212 0 0)
(-147.725 0 0)
(-146.986 0 0)
(-148.051 0 0)
(-147.891 0 0)
(-145.543 0 0)
(-139.521 0 0)
(-132.541 0 0)
(-129.515 0 0)
(-129.509 0 0)
(-131.521 0 0)
(-131.725 0 0)
(-129.545 0 0)
(-123.436 0 0)
(-116.04 0 0)
(-112.468 0 0)
(-112.485 0 0)
(-116.95 0 0)
(-120.911 0 0)
(-120.397 0 0)
(-116.431 0 0)
(-107.505 0 0)
(-96.7903 0 0)
(-92.1274 0 0)
(-89.5657 0 0)
(-91.8576 0 0)
(-93.8704 0 0)
(-94.3186 0 0)
(-94.1172 0 0)
(-90.6028 0 0)
(-89.4125 0 0)
(-84.5775 0 0)
(-83.6048 0 0)
(-79.9387 0 0)
(-76.4669 0 0)
(-73.446 0 0)
(-70.6257 0 0)
(-70.787 0 0)
(-69.2335 0 0)
(-68.4362 0 0)
(-64.3656 0 0)
(-59.4651 0 0)
(-56.4935 0 0)
(-56.5708 0 0)
(-61.2821 0 0)
(-68.8199 0 0)
(-71.1892 0 0)
(-70.1781 0 0)
(-61.4238 0 0)
(-47.699 0 0)
(-33.3851 0 0)
(-21.6461 0 0)
(-13.0863 0 0)
(-6.40144 0 0)
(-3.34443 0 0)
(-0.511933 0 0)
(0.493653 0 0)
)
;

boundaryField
{
    sides
    {
        type            fixedValue;
        value           uniform (0 0 0);
    }
    empty
    {
        type            empty;
    }
}


// ************************************************************************* //
