/*--------------------------------*- C++ -*----------------------------------*\
| =========                 |                                                 |
| \\      /  F ield         | OpenFOAM: The Open Source CFD Toolbox           |
|  \\    /   O peration     | Version:  2412                                  |
|   \\  /    A nd           | Website:  www.openfoam.com                      |
|    \\/     M anipulation  |                                                 |
\*---------------------------------------------------------------------------*/
FoamFile
{
    version     2.0;
    format      ascii;
    arch        "LSB;label=32;scalar=64";
    class       volVectorField;
    location    "0.0376181";
    object      U;
}
// * * * * * * * * * * * * * * * * * * * * * * * * * * * * * * * * * * * * * //

dimensions      [0 1 -1 0 0 0 0];

internalField   nonuniform List<vector> 
100
(
(1.71148 0 0)
(5.37544 0 0)
(8.786 0 0)
(12.4099 0 0)
(15.7361 0 0)
(19.2784 0 0)
(22.5691 0 0)
(26.2339 0 0)
(29.6275 0 0)
(33.4093 0 0)
(37.039 0 0)
(40.6742 0 0)
(44.4267 0 0)
(47.9406 0 0)
(51.6849 0 0)
(55.0946 0 0)
(58.7981 0 0)
(62.1336 0 0)
(65.7034 0 0)
(69.0253 0 0)
(72.5938 0 0)
(76.008 0 0)
(79.5528 0 0)
(83.021 0 0)
(86.5379 0 0)
(90.029 0 0)
(93.5441 0 0)
(97.0484 0 0)
(100.538 0 0)
(103.991 0 0)
(107.571 0 0)
(111.401 0 0)
(106.185 0 0)
(-47.5662 0 0)
(-154.934 0 0)
(-159.909 0 0)
(-151.066 0 0)
(-149.551 0 0)
(-153.914 0 0)
(-152.996 0 0)
(-147.516 0 0)
(-138.531 0 0)
(-133.538 0 0)
(-131.932 0 0)
(-132.041 0 0)
(-134.257 0 0)
(-136.129 0 0)
(-135.83 0 0)
(-134.149 0 0)
(-129.27 0 0)
(-118.403 0 0)
(-109.302 0 0)
(-105.371 0 0)
(-105.192 0 0)
(-106.603 0 0)
(-107.67 0 0)
(-106.898 0 0)
(-106.168 0 0)
(-103.993 0 0)
(-99.766 0 0)
(-95.0924 0 0)
(-92.5126 0 0)
(-91.7013 0 0)
(-90.0255 0 0)
(-89.0202 0 0)
(-82.7726 0 0)
(-78.3794 0 0)
(-74.3373 0 0)
(-74.3165 0 0)
(-75.2993 0 0)
(-71.9852 0 0)
(-70.8822 0 0)
(-62.9568 0 0)
(-58.943 0 0)
(-56.3878 0 0)
(-57.8822 0 0)
(-61.4534 0 0)
(-59.7116 0 0)
(-57.9011 0 0)
(-49.5895 0 0)
(-42.3553 0 0)
(-38.1598 0 0)
(-37.0836 0 0)
(-36.8528 0 0)
(-36.1858 0 0)
(-34.8291 0 0)
(-33.4093 0 0)
(-32.6811 0 0)
(-31.7822 0 0)
(-29.9578 0 0)
(-28.0661 0 0)
(-21.7555 0 0)
(-9.99708 0 0)
(2.73662 0 0)
(12.3427 0 0)
(15.0846 0 0)
(14.1728 0 0)
(10.8261 0 0)
(4.1039 0 0)
(-0.944002 0 0)
)
;

boundaryField
{
    sides
    {
        type            fixedValue;
        value           uniform (0 0 0);
    }
    empty
    {
        type            empty;
    }
}


// ************************************************************************* //
