/*--------------------------------*- C++ -*----------------------------------*\
| =========                 |                                                 |
| \\      /  F ield         | OpenFOAM: The Open Source CFD Toolbox           |
|  \\    /   O peration     | Version:  2412                                  |
|   \\  /    A nd           | Website:  www.openfoam.com                      |
|    \\/     M anipulation  |                                                 |
\*---------------------------------------------------------------------------*/
FoamFile
{
    version     2.0;
    format      ascii;
    arch        "LSB;label=32;scalar=64";
    class       volVectorField;
    location    "0.0558318";
    object      U;
}
// * * * * * * * * * * * * * * * * * * * * * * * * * * * * * * * * * * * * * //

dimensions      [0 1 -1 0 0 0 0];

internalField   nonuniform List<vector> 
100
(
(17.2237 0 0)
(34.7145 0 0)
(37.1831 0 0)
(19.9594 0 0)
(-5.79706 0 0)
(-19.4753 0 0)
(-15.3873 0 0)
(-3.53547 0 0)
(3.23268 0 0)
(5.29269 0 0)
(-0.573215 0 0)
(-4.35923 0 0)
(-1.32359 0 0)
(2.48704 0 0)
(-0.73552 0 0)
(-6.05542 0 0)
(-9.28466 0 0)
(-2.47542 0 0)
(3.78408 0 0)
(-4.14869 0 0)
(-29.3844 0 0)
(-36.8124 0 0)
(-55.0188 0 0)
(-168.919 0 0)
(-229.171 0 0)
(-201.793 0 0)
(-192.15 0 0)
(-189.721 0 0)
(-189.684 0 0)
(-189.915 0 0)
(-189.395 0 0)
(-188.133 0 0)
(-184.639 0 0)
(-179.028 0 0)
(-175.673 0 0)
(-174.417 0 0)
(-173.24 0 0)
(-172.836 0 0)
(-173.756 0 0)
(-175.463 0 0)
(-175.447 0 0)
(-174.671 0 0)
(-173.448 0 0)
(-171.34 0 0)
(-163.301 0 0)
(-149.788 0 0)
(-142.581 0 0)
(-139.971 0 0)
(-139.114 0 0)
(-138.432 0 0)
(-137.993 0 0)
(-138.1 0 0)
(-138.322 0 0)
(-137.878 0 0)
(-136.71 0 0)
(-133.462 0 0)
(-126.61 0 0)
(-120.406 0 0)
(-116.798 0 0)
(-114.384 0 0)
(-112.551 0 0)
(-110.377 0 0)
(-107.702 0 0)
(-104.642 0 0)
(-101.448 0 0)
(-98.3807 0 0)
(-95.3873 0 0)
(-92.4914 0 0)
(-89.5562 0 0)
(-86.7469 0 0)
(-84.1291 0 0)
(-81.5822 0 0)
(-79.1352 0 0)
(-76.2913 0 0)
(-73.6828 0 0)
(-70.1864 0 0)
(-67.2365 0 0)
(-63.9795 0 0)
(-60.9616 0 0)
(-58.1761 0 0)
(-55.5069 0 0)
(-53.2455 0 0)
(-50.1447 0 0)
(-48.1727 0 0)
(-45.1221 0 0)
(-42.1639 0 0)
(-39.2301 0 0)
(-35.9744 0 0)
(-33.1522 0 0)
(-29.5338 0 0)
(-26.8432 0 0)
(-23.6244 0 0)
(-21.4147 0 0)
(-18.7448 0 0)
(-16.1178 0 0)
(-13.2282 0 0)
(-10.01 0 0)
(-7.2027 0 0)
(-3.96864 0 0)
(-1.69231 0 0)
)
;

boundaryField
{
    sides
    {
        type            fixedValue;
        value           uniform (0 0 0);
    }
    empty
    {
        type            empty;
    }
}


// ************************************************************************* //
