/*--------------------------------*- C++ -*----------------------------------*\
| =========                 |                                                 |
| \\      /  F ield         | OpenFOAM: The Open Source CFD Toolbox           |
|  \\    /   O peration     | Version:  2412                                  |
|   \\  /    A nd           | Website:  www.openfoam.com                      |
|    \\/     M anipulation  |                                                 |
\*---------------------------------------------------------------------------*/
FoamFile
{
    version     2.0;
    format      ascii;
    arch        "LSB;label=32;scalar=64";
    class       volVectorField;
    location    "0.0351475";
    object      U;
}
// * * * * * * * * * * * * * * * * * * * * * * * * * * * * * * * * * * * * * //

dimensions      [0 1 -1 0 0 0 0];

internalField   nonuniform List<vector> 
100
(
(1.86757 0 0)
(5.75739 0 0)
(9.49019 0 0)
(13.4307 0 0)
(17.0819 0 0)
(21.1387 0 0)
(24.6565 0 0)
(28.8259 0 0)
(32.261 0 0)
(36.4238 0 0)
(39.9942 0 0)
(43.9606 0 0)
(47.8094 0 0)
(51.5373 0 0)
(55.5941 0 0)
(59.1361 0 0)
(63.2577 0 0)
(66.7835 0 0)
(70.8832 0 0)
(74.4881 0 0)
(78.5316 0 0)
(82.2241 0 0)
(86.1903 0 0)
(89.9404 0 0)
(93.8344 0 0)
(97.6142 0 0)
(101.464 0 0)
(105.258 0 0)
(109.073 0 0)
(112.851 0 0)
(116.635 0 0)
(120.393 0 0)
(124.169 0 0)
(127.898 0 0)
(131.629 0 0)
(135.319 0 0)
(138.97 0 0)
(142.634 0 0)
(146.151 0 0)
(149.876 0 0)
(153.051 0 0)
(80.5268 0 0)
(-101.216 0 0)
(-134.546 0 0)
(-122.225 0 0)
(-111.305 0 0)
(-109.048 0 0)
(-110.115 0 0)
(-110.99 0 0)
(-111.519 0 0)
(-110.378 0 0)
(-105.767 0 0)
(-99.1966 0 0)
(-94.4413 0 0)
(-93.3303 0 0)
(-92.8759 0 0)
(-92.2688 0 0)
(-92.4032 0 0)
(-91.7561 0 0)
(-88.9083 0 0)
(-82.822 0 0)
(-73.5626 0 0)
(-68.6327 0 0)
(-64.4253 0 0)
(-66.7228 0 0)
(-66.2415 0 0)
(-65.2796 0 0)
(-63.9799 0 0)
(-59.4698 0 0)
(-58.9943 0 0)
(-52.0194 0 0)
(-51.2618 0 0)
(-48.2685 0 0)
(-48.3092 0 0)
(-47.8457 0 0)
(-40.7855 0 0)
(-35.7367 0 0)
(-30.7032 0 0)
(-32.3323 0 0)
(-32.694 0 0)
(-30.853 0 0)
(-27.3895 0 0)
(-21.9329 0 0)
(-15.0633 0 0)
(-3.65311 0 0)
(3.27382 0 0)
(5.516 0 0)
(4.87907 0 0)
(6.49731 0 0)
(5.96296 0 0)
(3.65312 0 0)
(1.54933 0 0)
(-0.233542 0 0)
(-0.648709 0 0)
(-1.35407 0 0)
(-2.68166 0 0)
(-3.2552 0 0)
(-3.32275 0 0)
(-1.81278 0 0)
(-0.699562 0 0)
)
;

boundaryField
{
    sides
    {
        type            fixedValue;
        value           uniform (0 0 0);
    }
    empty
    {
        type            empty;
    }
}


// ************************************************************************* //
