/*--------------------------------*- C++ -*----------------------------------*\
| =========                 |                                                 |
| \\      /  F ield         | OpenFOAM: The Open Source CFD Toolbox           |
|  \\    /   O peration     | Version:  2412                                  |
|   \\  /    A nd           | Website:  www.openfoam.com                      |
|    \\/     M anipulation  |                                                 |
\*---------------------------------------------------------------------------*/
FoamFile
{
    version     2.0;
    format      ascii;
    arch        "LSB;label=32;scalar=64";
    class       volVectorField;
    location    "0.0375368";
    object      U;
}
// * * * * * * * * * * * * * * * * * * * * * * * * * * * * * * * * * * * * * //

dimensions      [0 1 -1 0 0 0 0];

internalField   nonuniform List<vector> 
100
(
(1.71695 0 0)
(5.39212 0 0)
(8.812 0 0)
(12.4915 0 0)
(15.8104 0 0)
(19.3784 0 0)
(22.6764 0 0)
(26.3296 0 0)
(29.7143 0 0)
(33.5027 0 0)
(37.1234 0 0)
(40.7714 0 0)
(44.533 0 0)
(48.0499 0 0)
(51.7974 0 0)
(55.2163 0 0)
(58.9173 0 0)
(62.2514 0 0)
(65.8281 0 0)
(69.1686 0 0)
(72.77 0 0)
(76.1917 0 0)
(79.7724 0 0)
(83.2297 0 0)
(86.7671 0 0)
(90.2609 0 0)
(93.7878 0 0)
(97.3022 0 0)
(100.812 0 0)
(104.274 0 0)
(107.789 0 0)
(111.636 0 0)
(113.436 0 0)
(12.3229 0 0)
(-140.411 0 0)
(-160.12 0 0)
(-151.597 0 0)
(-147.829 0 0)
(-151.709 0 0)
(-152.414 0 0)
(-148.931 0 0)
(-140.501 0 0)
(-133.642 0 0)
(-131.046 0 0)
(-130.66 0 0)
(-131.984 0 0)
(-134.318 0 0)
(-134.757 0 0)
(-133.525 0 0)
(-130.235 0 0)
(-121.599 0 0)
(-110.514 0 0)
(-105.129 0 0)
(-103.708 0 0)
(-104.732 0 0)
(-106.22 0 0)
(-105.879 0 0)
(-105.201 0 0)
(-103.546 0 0)
(-100.066 0 0)
(-95.3737 0 0)
(-91.8144 0 0)
(-90.6279 0 0)
(-89.059 0 0)
(-88.7591 0 0)
(-83.1918 0 0)
(-78.779 0 0)
(-73.8713 0 0)
(-72.9408 0 0)
(-73.9834 0 0)
(-71.3545 0 0)
(-70.9894 0 0)
(-63.5545 0 0)
(-58.8076 0 0)
(-55.1288 0 0)
(-55.5962 0 0)
(-59.3856 0 0)
(-59 0 0)
(-58.0171 0 0)
(-51.2623 0 0)
(-43.5207 0 0)
(-38.1944 0 0)
(-35.517 0 0)
(-34.985 0 0)
(-34.6522 0 0)
(-33.9572 0 0)
(-33.1297 0 0)
(-32.3936 0 0)
(-31.6063 0 0)
(-29.5328 0 0)
(-26.8997 0 0)
(-19.4932 0 0)
(-6.92649 0 0)
(5.93385 0 0)
(14.1522 0 0)
(15.7467 0 0)
(13.619 0 0)
(8.40512 0 0)
(1.72642 0 0)
(-1.28295 0 0)
)
;

boundaryField
{
    sides
    {
        type            fixedValue;
        value           uniform (0 0 0);
    }
    empty
    {
        type            empty;
    }
}


// ************************************************************************* //
