/*--------------------------------*- C++ -*----------------------------------*\
| =========                 |                                                 |
| \\      /  F ield         | OpenFOAM: The Open Source CFD Toolbox           |
|  \\    /   O peration     | Version:  2412                                  |
|   \\  /    A nd           | Website:  www.openfoam.com                      |
|    \\/     M anipulation  |                                                 |
\*---------------------------------------------------------------------------*/
FoamFile
{
    version     2.0;
    format      ascii;
    arch        "LSB;label=32;scalar=64";
    class       volVectorField;
    location    "0.0247933";
    object      U;
}
// * * * * * * * * * * * * * * * * * * * * * * * * * * * * * * * * * * * * * //

dimensions      [0 1 -1 0 0 0 0];

internalField   nonuniform List<vector> 
100
(
(2.91579 0 0)
(8.79855 0 0)
(14.6351 0 0)
(20.4805 0 0)
(26.311 0 0)
(32.1003 0 0)
(37.9024 0 0)
(43.7544 0 0)
(49.5335 0 0)
(55.4763 0 0)
(61.1433 0 0)
(67.2016 0 0)
(72.7237 0 0)
(78.8648 0 0)
(84.308 0 0)
(90.3904 0 0)
(96.0433 0 0)
(101.958 0 0)
(107.861 0 0)
(113.488 0 0)
(119.512 0 0)
(125.011 0 0)
(131.048 0 0)
(136.622 0 0)
(142.746 0 0)
(148.478 0 0)
(154.633 0 0)
(160.399 0 0)
(166.283 0 0)
(171.819 0 0)
(177.344 0 0)
(182.733 0 0)
(188.186 0 0)
(193.707 0 0)
(199.652 0 0)
(206.16 0 0)
(213.085 0 0)
(219.487 0 0)
(224.641 0 0)
(229.915 0 0)
(238.593 0 0)
(256.429 0 0)
(270.428 0 0)
(275.597 0 0)
(278.887 0 0)
(281.295 0 0)
(284.273 0 0)
(285.772 0 0)
(284.041 0 0)
(282.512 0 0)
(282.159 0 0)
(281.96 0 0)
(281.58 0 0)
(282.376 0 0)
(283.882 0 0)
(283.444 0 0)
(282.592 0 0)
(283.196 0 0)
(284.61 0 0)
(283.675 0 0)
(280.974 0 0)
(281.433 0 0)
(287.059 0 0)
(288.061 0 0)
(279.266 0 0)
(276.433 0 0)
(282.865 0 0)
(295.331 0 0)
(151.311 0 0)
(21.8007 0 0)
(18.8771 0 0)
(8.73534 0 0)
(6.10449 0 0)
(12.4148 0 0)
(3.5368 0 0)
(10.3777 0 0)
(-2.61889 0 0)
(-6.89875 0 0)
(-6.46653 0 0)
(-12.5033 0 0)
(-5.42755 0 0)
(-2.25558 0 0)
(4.59306 0 0)
(10.2447 0 0)
(7.12282 0 0)
(5.63628 0 0)
(-1.65565 0 0)
(-4.78274 0 0)
(-6.9543 0 0)
(-1.27865 0 0)
(4.57017 0 0)
(7.23713 0 0)
(3.38207 0 0)
(2.1524 0 0)
(-3.12278 0 0)
(-4.41907 0 0)
(-4.18713 0 0)
(-2.47104 0 0)
(-0.918428 0 0)
(-4.00045 0 0)
)
;

boundaryField
{
    sides
    {
        type            fixedValue;
        value           uniform (0 0 0);
    }
    empty
    {
        type            empty;
    }
}


// ************************************************************************* //
