/*--------------------------------*- C++ -*----------------------------------*\
| =========                 |                                                 |
| \\      /  F ield         | OpenFOAM: The Open Source CFD Toolbox           |
|  \\    /   O peration     | Version:  2412                                  |
|   \\  /    A nd           | Website:  www.openfoam.com                      |
|    \\/     M anipulation  |                                                 |
\*---------------------------------------------------------------------------*/
FoamFile
{
    version     2.0;
    format      ascii;
    arch        "LSB;label=32;scalar=64";
    class       volVectorField;
    location    "0.0290181";
    object      U;
}
// * * * * * * * * * * * * * * * * * * * * * * * * * * * * * * * * * * * * * //

dimensions      [0 1 -1 0 0 0 0];

internalField   nonuniform List<vector> 
100
(
(2.39629 0 0)
(7.22906 0 0)
(12.0113 0 0)
(16.8271 0 0)
(21.5727 0 0)
(26.4156 0 0)
(31.0911 0 0)
(36.0185 0 0)
(40.5728 0 0)
(45.6458 0 0)
(50.0765 0 0)
(55.2005 0 0)
(59.688 0 0)
(64.7114 0 0)
(69.4581 0 0)
(74.2533 0 0)
(79.2373 0 0)
(83.8351 0 0)
(88.9374 0 0)
(93.479 0 0)
(98.5912 0 0)
(103.185 0 0)
(108.248 0 0)
(112.927 0 0)
(117.915 0 0)
(122.653 0 0)
(127.579 0 0)
(132.368 0 0)
(137.256 0 0)
(142.066 0 0)
(146.925 0 0)
(151.747 0 0)
(156.586 0 0)
(161.407 0 0)
(166.231 0 0)
(171.054 0 0)
(175.857 0 0)
(180.654 0 0)
(185.474 0 0)
(190.269 0 0)
(194.903 0 0)
(199.491 0 0)
(204.173 0 0)
(208.65 0 0)
(212.979 0 0)
(217.408 0 0)
(221.658 0 0)
(225.161 0 0)
(227.653 0 0)
(229.476 0 0)
(231.481 0 0)
(233.388 0 0)
(235.229 0 0)
(236.614 0 0)
(237.426 0 0)
(238.088 0 0)
(239.571 0 0)
(245.29 0 0)
(254.666 0 0)
(154.795 0 0)
(-9.16827 0 0)
(-41.394 0 0)
(-30.8992 0 0)
(-14.1027 0 0)
(-5.04739 0 0)
(4.75313 0 0)
(9.46126 0 0)
(5.25989 0 0)
(6.80694 0 0)
(-0.425705 0 0)
(5.83729 0 0)
(1.6451 0 0)
(-0.773749 0 0)
(-0.480112 0 0)
(-6.65401 0 0)
(0.21498 0 0)
(0.663771 0 0)
(5.33183 0 0)
(4.46272 0 0)
(-0.926087 0 0)
(-3.94565 0 0)
(-6.20422 0 0)
(-2.35675 0 0)
(3.11336 0 0)
(4.8642 0 0)
(4.56115 0 0)
(0.688642 0 0)
(-2.72572 0 0)
(-3.42029 0 0)
(-1.5272 0 0)
(1.40329 0 0)
(3.4964 0 0)
(2.18837 0 0)
(-1.9951 0 0)
(-4.18395 0 0)
(-4.46941 0 0)
(-1.04671 0 0)
(1.90706 0 0)
(4.02358 0 0)
(1.11699 0 0)
)
;

boundaryField
{
    sides
    {
        type            fixedValue;
        value           uniform (0 0 0);
    }
    empty
    {
        type            empty;
    }
}


// ************************************************************************* //
