/*--------------------------------*- C++ -*----------------------------------*\
| =========                 |                                                 |
| \\      /  F ield         | OpenFOAM: The Open Source CFD Toolbox           |
|  \\    /   O peration     | Version:  2412                                  |
|   \\  /    A nd           | Website:  www.openfoam.com                      |
|    \\/     M anipulation  |                                                 |
\*---------------------------------------------------------------------------*/
FoamFile
{
    version     2.0;
    format      ascii;
    arch        "LSB;label=32;scalar=64";
    class       volVectorField;
    location    "0.0545455";
    object      U;
}
// * * * * * * * * * * * * * * * * * * * * * * * * * * * * * * * * * * * * * //

dimensions      [0 1 -1 0 0 0 0];

internalField   nonuniform List<vector> 
100
(
(-9.97255 0 0)
(-27.4758 0 0)
(-19.3665 0 0)
(-4.44231 0 0)
(14.654 0 0)
(22.1276 0 0)
(15.9881 0 0)
(8.17291 0 0)
(-4.80948 0 0)
(-9.98631 0 0)
(-9.13868 0 0)
(-5.13284 0 0)
(-6.56339 0 0)
(-2.98817 0 0)
(0.424547 0 0)
(8.41637 0 0)
(8.86818 0 0)
(7.03123 0 0)
(-1.86014 0 0)
(-29.3266 0 0)
(-112.079 0 0)
(-216.637 0 0)
(-219.959 0 0)
(-215.838 0 0)
(-216.504 0 0)
(-235.442 0 0)
(-252.098 0 0)
(-252.495 0 0)
(-250.646 0 0)
(-248.361 0 0)
(-239.564 0 0)
(-209.579 0 0)
(-185.825 0 0)
(-179.417 0 0)
(-177.625 0 0)
(-177.33 0 0)
(-176.623 0 0)
(-175.545 0 0)
(-172.5 0 0)
(-167.287 0 0)
(-163.452 0 0)
(-162.011 0 0)
(-161.078 0 0)
(-160.545 0 0)
(-160.924 0 0)
(-162.24 0 0)
(-162.535 0 0)
(-161.829 0 0)
(-160.688 0 0)
(-157.961 0 0)
(-149.542 0 0)
(-137.635 0 0)
(-130.971 0 0)
(-128.02 0 0)
(-126.994 0 0)
(-126.241 0 0)
(-125.697 0 0)
(-125.69 0 0)
(-125.635 0 0)
(-124.912 0 0)
(-122.774 0 0)
(-117.985 0 0)
(-111.315 0 0)
(-106.784 0 0)
(-103.682 0 0)
(-101.275 0 0)
(-99.0155 0 0)
(-96.4164 0 0)
(-93.3823 0 0)
(-90.1711 0 0)
(-87.042 0 0)
(-83.9456 0 0)
(-80.998 0 0)
(-77.7663 0 0)
(-75.0591 0 0)
(-72.1573 0 0)
(-69.747 0 0)
(-66.938 0 0)
(-63.9794 0 0)
(-60.7714 0 0)
(-57.4511 0 0)
(-54.8472 0 0)
(-51.1407 0 0)
(-48.7232 0 0)
(-45.7105 0 0)
(-42.8498 0 0)
(-40.0192 0 0)
(-36.8969 0 0)
(-34.5617 0 0)
(-31.2755 0 0)
(-28.6137 0 0)
(-25.1761 0 0)
(-22.1798 0 0)
(-18.8601 0 0)
(-15.8897 0 0)
(-13.0077 0 0)
(-10.1565 0 0)
(-7.5998 0 0)
(-4.36263 0 0)
(-1.49089 0 0)
)
;

boundaryField
{
    sides
    {
        type            fixedValue;
        value           uniform (0 0 0);
    }
    empty
    {
        type            empty;
    }
}


// ************************************************************************* //
