/*--------------------------------*- C++ -*----------------------------------*\
| =========                 |                                                 |
| \\      /  F ield         | OpenFOAM: The Open Source CFD Toolbox           |
|  \\    /   O peration     | Version:  2412                                  |
|   \\  /    A nd           | Website:  www.openfoam.com                      |
|    \\/     M anipulation  |                                                 |
\*---------------------------------------------------------------------------*/
FoamFile
{
    version     2.0;
    format      ascii;
    arch        "LSB;label=32;scalar=64";
    class       volVectorField;
    location    "0.0219479";
    object      U;
}
// * * * * * * * * * * * * * * * * * * * * * * * * * * * * * * * * * * * * * //

dimensions      [0 1 -1 0 0 0 0];

internalField   nonuniform List<vector> 
100
(
(3.37931 0 0)
(10.2144 0 0)
(16.9942 0 0)
(23.7662 0 0)
(30.5657 0 0)
(37.3564 0 0)
(44.1735 0 0)
(50.965 0 0)
(57.7344 0 0)
(64.5202 0 0)
(71.2473 0 0)
(78.0988 0 0)
(84.7483 0 0)
(91.7003 0 0)
(98.2337 0 0)
(105.259 0 0)
(111.4 0 0)
(118.096 0 0)
(124.332 0 0)
(130.947 0 0)
(137.737 0 0)
(144.728 0 0)
(152.461 0 0)
(160.166 0 0)
(168.991 0 0)
(177.72 0 0)
(188.922 0 0)
(202.707 0 0)
(213.549 0 0)
(218.07 0 0)
(221.433 0 0)
(223.996 0 0)
(225.815 0 0)
(227.914 0 0)
(230.987 0 0)
(234.29 0 0)
(238.067 0 0)
(243.16 0 0)
(248.03 0 0)
(251.699 0 0)
(255.238 0 0)
(258.788 0 0)
(262.598 0 0)
(266.476 0 0)
(269.752 0 0)
(273.569 0 0)
(277.3 0 0)
(280.099 0 0)
(282.225 0 0)
(283.932 0 0)
(284.222 0 0)
(283.725 0 0)
(283.438 0 0)
(283.22 0 0)
(282.612 0 0)
(282.768 0 0)
(284.382 0 0)
(284.688 0 0)
(281.275 0 0)
(279.826 0 0)
(285.517 0 0)
(288.195 0 0)
(283.873 0 0)
(276.931 0 0)
(277.366 0 0)
(290.215 0 0)
(291.888 0 0)
(279.22 0 0)
(271.047 0 0)
(274.842 0 0)
(291.826 0 0)
(291.655 0 0)
(280.183 0 0)
(256.329 0 0)
(118.595 0 0)
(12.634 0 0)
(-4.79186 0 0)
(14.1626 0 0)
(25.6425 0 0)
(13.7402 0 0)
(21.6664 0 0)
(15.0146 0 0)
(10.4605 0 0)
(14.2961 0 0)
(5.3879 0 0)
(0.031811 0 0)
(-4.57356 0 0)
(-7.944 0 0)
(-14.5637 0 0)
(-13.084 0 0)
(-8.1403 0 0)
(-0.13637 0 0)
(6.90406 0 0)
(14.2814 0 0)
(16.7619 0 0)
(10.9668 0 0)
(0.387393 0 0)
(-12.5934 0 0)
(-15.5345 0 0)
(-6.40246 0 0)
)
;

boundaryField
{
    sides
    {
        type            fixedValue;
        value           uniform (0 0 0);
    }
    empty
    {
        type            empty;
    }
}


// ************************************************************************* //
