/*--------------------------------*- C++ -*----------------------------------*\
| =========                 |                                                 |
| \\      /  F ield         | OpenFOAM: The Open Source CFD Toolbox           |
|  \\    /   O peration     | Version:  2412                                  |
|   \\  /    A nd           | Website:  www.openfoam.com                      |
|    \\/     M anipulation  |                                                 |
\*---------------------------------------------------------------------------*/
FoamFile
{
    version     2.0;
    format      ascii;
    arch        "LSB;label=32;scalar=64";
    class       volVectorField;
    location    "0.0270119";
    object      U;
}
// * * * * * * * * * * * * * * * * * * * * * * * * * * * * * * * * * * * * * //

dimensions      [0 1 -1 0 0 0 0];

internalField   nonuniform List<vector> 
100
(
(2.57973 0 0)
(7.81572 0 0)
(13.0236 0 0)
(18.2671 0 0)
(23.503 0 0)
(28.7797 0 0)
(33.9863 0 0)
(39.3145 0 0)
(44.4214 0 0)
(49.8749 0 0)
(54.8389 0 0)
(60.4115 0 0)
(65.2869 0 0)
(70.828 0 0)
(75.8472 0 0)
(81.2289 0 0)
(86.5121 0 0)
(91.6259 0 0)
(97.0707 0 0)
(102.037 0 0)
(107.569 0 0)
(112.557 0 0)
(118.075 0 0)
(123.122 0 0)
(128.578 0 0)
(133.724 0 0)
(139.124 0 0)
(144.33 0 0)
(149.683 0 0)
(154.919 0 0)
(160.215 0 0)
(165.425 0 0)
(170.669 0 0)
(175.906 0 0)
(181.21 0 0)
(186.584 0 0)
(192.035 0 0)
(197.451 0 0)
(202.732 0 0)
(207.909 0 0)
(212.932 0 0)
(217.687 0 0)
(222.361 0 0)
(226.972 0 0)
(231.096 0 0)
(235.112 0 0)
(240.734 0 0)
(248.01 0 0)
(253.784 0 0)
(254.12 0 0)
(253.966 0 0)
(254.197 0 0)
(256.309 0 0)
(270.203 0 0)
(287.2 0 0)
(289.868 0 0)
(289.086 0 0)
(289.054 0 0)
(290.715 0 0)
(290.444 0 0)
(286.023 0 0)
(281.858 0 0)
(284.024 0 0)
(234.604 0 0)
(57.1248 0 0)
(8.22036 0 0)
(6.70972 0 0)
(1.92 0 0)
(0.814528 0 0)
(-11.0353 0 0)
(-4.23392 0 0)
(-5.91697 0 0)
(-3.93816 0 0)
(0.294606 0 0)
(-3.25283 0 0)
(8.26216 0 0)
(6.74353 0 0)
(8.65793 0 0)
(3.66104 0 0)
(-7.09721 0 0)
(-7.33036 0 0)
(-5.4501 0 0)
(1.95217 0 0)
(8.98784 0 0)
(8.44428 0 0)
(5.25226 0 0)
(-4.02047 0 0)
(-7.81982 0 0)
(-9.2993 0 0)
(-2.42828 0 0)
(3.17883 0 0)
(6.12255 0 0)
(3.77352 0 0)
(0.0385592 0 0)
(-2.09245 0 0)
(-2.81571 0 0)
(0.0976719 0 0)
(0.903303 0 0)
(1.79951 0 0)
(-0.990729 0 0)
)
;

boundaryField
{
    sides
    {
        type            fixedValue;
        value           uniform (0 0 0);
    }
    empty
    {
        type            empty;
    }
}


// ************************************************************************* //
