/*--------------------------------*- C++ -*----------------------------------*\
| =========                 |                                                 |
| \\      /  F ield         | OpenFOAM: The Open Source CFD Toolbox           |
|  \\    /   O peration     | Version:  2412                                  |
|   \\  /    A nd           | Website:  www.openfoam.com                      |
|    \\/     M anipulation  |                                                 |
\*---------------------------------------------------------------------------*/
FoamFile
{
    version     2.0;
    format      ascii;
    arch        "LSB;label=32;scalar=64";
    class       volVectorField;
    location    "0.00724976";
    object      U;
}
// * * * * * * * * * * * * * * * * * * * * * * * * * * * * * * * * * * * * * //

dimensions      [0 1 -1 0 0 0 0];

internalField   nonuniform List<vector> 
100
(
(-6.03344e-15 0 0)
(-4.25882e-14 0 0)
(-7.60388e-14 0 0)
(-5.0357e-14 0 0)
(-9.6815e-14 0 0)
(-9.52028e-14 0 0)
(-3.2594e-14 0 0)
(-1.07532e-13 0 0)
(-2.04421e-13 0 0)
(-2.25378e-13 0 0)
(-2.67285e-13 0 0)
(-2.04243e-13 0 0)
(-7.28556e-14 0 0)
(5.74024e-14 0 0)
(9.09463e-14 0 0)
(9.38674e-14 0 0)
(1.45422e-13 0 0)
(1.46734e-13 0 0)
(1.28861e-13 0 0)
(1.96125e-13 0 0)
(5.91987e-11 0 0)
(2.705e-08 0 0)
(8.72198e-06 0 0)
(0.00152611 0 0)
(0.103192 0 0)
(1.922 0 0)
(10.4574 0 0)
(25.4232 0 0)
(40.8813 0 0)
(54.4219 0 0)
(66.5338 0 0)
(78.0211 0 0)
(89.2607 0 0)
(100.558 0 0)
(111.646 0 0)
(123.289 0 0)
(133.933 0 0)
(146.268 0 0)
(156.266 0 0)
(168.244 0 0)
(179.328 0 0)
(189.034 0 0)
(201.234 0 0)
(211.487 0 0)
(223.75 0 0)
(232.933 0 0)
(244.594 0 0)
(257.148 0 0)
(268.64 0 0)
(274.317 0 0)
(278.005 0 0)
(282.784 0 0)
(289.002 0 0)
(288.783 0 0)
(279.75 0 0)
(276.916 0 0)
(281.299 0 0)
(289.032 0 0)
(289.024 0 0)
(280.203 0 0)
(277.672 0 0)
(279.544 0 0)
(286.87 0 0)
(286.4 0 0)
(285.447 0 0)
(279.084 0 0)
(278.152 0 0)
(280.542 0 0)
(283.038 0 0)
(281.528 0 0)
(279.97 0 0)
(282.744 0 0)
(284.411 0 0)
(283.873 0 0)
(279.066 0 0)
(277.147 0 0)
(276.927 0 0)
(277.263 0 0)
(281.116 0 0)
(284.059 0 0)
(283.679 0 0)
(283.445 0 0)
(286.738 0 0)
(289.449 0 0)
(256.236 0 0)
(81.4501 0 0)
(1.08741 0 0)
(0.000815357 0 0)
(1.13126e-07 0 0)
(1.15479e-11 0 0)
(-2.05139e-13 0 0)
(-2.81555e-13 0 0)
(-2.66707e-13 0 0)
(-2.87668e-13 0 0)
(-2.75169e-13 0 0)
(-2.66406e-13 0 0)
(-1.22627e-13 0 0)
(-2.61674e-15 0 0)
(8.75742e-14 0 0)
(3.65676e-14 0 0)
)
;

boundaryField
{
    sides
    {
        type            fixedValue;
        value           uniform (0 0 0);
    }
    empty
    {
        type            empty;
    }
}


// ************************************************************************* //
