/*--------------------------------*- C++ -*----------------------------------*\
| =========                 |                                                 |
| \\      /  F ield         | OpenFOAM: The Open Source CFD Toolbox           |
|  \\    /   O peration     | Version:  2412                                  |
|   \\  /    A nd           | Website:  www.openfoam.com                      |
|    \\/     M anipulation  |                                                 |
\*---------------------------------------------------------------------------*/
FoamFile
{
    version     2.0;
    format      ascii;
    arch        "LSB;label=32;scalar=64";
    class       volVectorField;
    location    "0.0262248";
    object      U;
}
// * * * * * * * * * * * * * * * * * * * * * * * * * * * * * * * * * * * * * //

dimensions      [0 1 -1 0 0 0 0];

internalField   nonuniform List<vector> 
100
(
(2.69491 0 0)
(8.11343 0 0)
(13.5194 0 0)
(18.9609 0 0)
(24.4043 0 0)
(29.859 0 0)
(35.2864 0 0)
(40.7956 0 0)
(46.1414 0 0)
(51.7624 0 0)
(56.96 0 0)
(62.6908 0 0)
(67.7505 0 0)
(73.508 0 0)
(78.6592 0 0)
(84.2886 0 0)
(89.698 0 0)
(95.0646 0 0)
(100.665 0 0)
(105.837 0 0)
(111.526 0 0)
(116.679 0 0)
(122.405 0 0)
(127.639 0 0)
(133.316 0 0)
(138.622 0 0)
(144.207 0 0)
(149.551 0 0)
(155.047 0 0)
(160.443 0 0)
(165.973 0 0)
(171.501 0 0)
(177.148 0 0)
(182.756 0 0)
(188.318 0 0)
(193.718 0 0)
(198.936 0 0)
(204 0 0)
(208.997 0 0)
(213.872 0 0)
(218.575 0 0)
(223.681 0 0)
(229.897 0 0)
(237.19 0 0)
(243.259 0 0)
(247.547 0 0)
(250.793 0 0)
(253.446 0 0)
(261.686 0 0)
(279.717 0 0)
(289.662 0 0)
(289.798 0 0)
(289.348 0 0)
(289.472 0 0)
(289.162 0 0)
(288.293 0 0)
(284.662 0 0)
(283.011 0 0)
(281.031 0 0)
(279.572 0 0)
(282.303 0 0)
(285.44 0 0)
(283.725 0 0)
(281.217 0 0)
(279.493 0 0)
(163.709 0 0)
(26.5127 0 0)
(2.41748 0 0)
(17.9704 0 0)
(8.85255 0 0)
(7.10219 0 0)
(-9.03531 0 0)
(-11.2648 0 0)
(-2.42381 0 0)
(-8.52171 0 0)
(0.136557 0 0)
(-5.2133 0 0)
(-1.88252 0 0)
(5.57428 0 0)
(6.95739 0 0)
(12.3578 0 0)
(4.79877 0 0)
(-2.43381 0 0)
(-5.37212 0 0)
(-6.02489 0 0)
(-0.00895683 0 0)
(6.63047 0 0)
(8.18954 0 0)
(1.08124 0 0)
(-8.24287 0 0)
(-11.1149 0 0)
(-7.49336 0 0)
(-1.41379 0 0)
(4.24503 0 0)
(7.6239 0 0)
(6.8765 0 0)
(4.26875 0 0)
(-0.812281 0 0)
(-2.7107 0 0)
(-1.43557 0 0)
)
;

boundaryField
{
    sides
    {
        type            fixedValue;
        value           uniform (0 0 0);
    }
    empty
    {
        type            empty;
    }
}


// ************************************************************************* //
