/*--------------------------------*- C++ -*----------------------------------*\
| =========                 |                                                 |
| \\      /  F ield         | OpenFOAM: The Open Source CFD Toolbox           |
|  \\    /   O peration     | Version:  2412                                  |
|   \\  /    A nd           | Website:  www.openfoam.com                      |
|    \\/     M anipulation  |                                                 |
\*---------------------------------------------------------------------------*/
FoamFile
{
    version     2.0;
    format      ascii;
    arch        "LSB;label=32;scalar=64";
    class       volVectorField;
    location    "0.0417991";
    object      U;
}
// * * * * * * * * * * * * * * * * * * * * * * * * * * * * * * * * * * * * * //

dimensions      [0 1 -1 0 0 0 0];

internalField   nonuniform List<vector> 
100
(
(1.6633 0 0)
(5.08247 0 0)
(8.36764 0 0)
(11.5595 0 0)
(14.6564 0 0)
(17.6822 0 0)
(20.6762 0 0)
(23.6737 0 0)
(26.7061 0 0)
(29.7492 0 0)
(32.8149 0 0)
(35.8963 0 0)
(38.9735 0 0)
(42.0277 0 0)
(45.2638 0 0)
(48.8036 0 0)
(48.5732 0 0)
(-79.5418 0 0)
(-212.268 0 0)
(-223.864 0 0)
(-204.472 0 0)
(-192.617 0 0)
(-189.727 0 0)
(-188.586 0 0)
(-188.915 0 0)
(-196.469 0 0)
(-201.423 0 0)
(-200.681 0 0)
(-199.03 0 0)
(-195.574 0 0)
(-183.061 0 0)
(-168.892 0 0)
(-163.638 0 0)
(-161.898 0 0)
(-162.154 0 0)
(-168.026 0 0)
(-172.72 0 0)
(-172.465 0 0)
(-170.882 0 0)
(-167.905 0 0)
(-161.67 0 0)
(-156.241 0 0)
(-154.1 0 0)
(-154.245 0 0)
(-155.405 0 0)
(-154.57 0 0)
(-151.12 0 0)
(-143.916 0 0)
(-138.2 0 0)
(-136.165 0 0)
(-137.176 0 0)
(-139.227 0 0)
(-138.729 0 0)
(-135.598 0 0)
(-128.533 0 0)
(-121.914 0 0)
(-119.139 0 0)
(-120.212 0 0)
(-125.824 0 0)
(-128.789 0 0)
(-127.563 0 0)
(-122.965 0 0)
(-112.191 0 0)
(-102.456 0 0)
(-98.3123 0 0)
(-96.9607 0 0)
(-99.0551 0 0)
(-101.234 0 0)
(-102.28 0 0)
(-100.61 0 0)
(-98.953 0 0)
(-95.85 0 0)
(-91.7046 0 0)
(-90.9383 0 0)
(-86.667 0 0)
(-84.4223 0 0)
(-79.6598 0 0)
(-78.2332 0 0)
(-77.6253 0 0)
(-76.74 0 0)
(-76.8767 0 0)
(-71.9715 0 0)
(-66.8844 0 0)
(-63.5915 0 0)
(-64.7143 0 0)
(-69.7308 0 0)
(-75.7519 0 0)
(-78.9719 0 0)
(-78.2062 0 0)
(-67.8241 0 0)
(-50.7218 0 0)
(-36.248 0 0)
(-27.7736 0 0)
(-22.5576 0 0)
(-18.1211 0 0)
(-14.1121 0 0)
(-10.1829 0 0)
(-6.95605 0 0)
(-3.7154 0 0)
(-0.595445 0 0)
)
;

boundaryField
{
    sides
    {
        type            fixedValue;
        value           uniform (0 0 0);
    }
    empty
    {
        type            empty;
    }
}


// ************************************************************************* //
