/*--------------------------------*- C++ -*----------------------------------*\
| =========                 |                                                 |
| \\      /  F ield         | OpenFOAM: The Open Source CFD Toolbox           |
|  \\    /   O peration     | Version:  2412                                  |
|   \\  /    A nd           | Website:  www.openfoam.com                      |
|    \\/     M anipulation  |                                                 |
\*---------------------------------------------------------------------------*/
FoamFile
{
    version     2.0;
    format      ascii;
    arch        "LSB;label=32;scalar=64";
    class       volVectorField;
    location    "0.0188204";
    object      U;
}
// * * * * * * * * * * * * * * * * * * * * * * * * * * * * * * * * * * * * * //

dimensions      [0 1 -1 0 0 0 0];

internalField   nonuniform List<vector> 
100
(
(4.1066 0 0)
(12.3715 0 0)
(20.497 0 0)
(28.5463 0 0)
(36.486 0 0)
(44.3452 0 0)
(52.4461 0 0)
(60.9545 0 0)
(70.0329 0 0)
(80.2278 0 0)
(91.7055 0 0)
(103.88 0 0)
(115.518 0 0)
(125.698 0 0)
(134.23 0 0)
(140.108 0 0)
(143.404 0 0)
(146.629 0 0)
(149.818 0 0)
(154.258 0 0)
(158.596 0 0)
(163.763 0 0)
(168.052 0 0)
(172.69 0 0)
(177.112 0 0)
(181.406 0 0)
(186.061 0 0)
(190.225 0 0)
(194.969 0 0)
(199.074 0 0)
(203.819 0 0)
(208.04 0 0)
(212.731 0 0)
(217.025 0 0)
(221.66 0 0)
(226.092 0 0)
(230.673 0 0)
(235.115 0 0)
(239.626 0 0)
(244.12 0 0)
(248.64 0 0)
(253.117 0 0)
(257.471 0 0)
(261.694 0 0)
(266.208 0 0)
(270.502 0 0)
(274.115 0 0)
(278.009 0 0)
(281.545 0 0)
(283.45 0 0)
(284.309 0 0)
(284.022 0 0)
(282.897 0 0)
(283.264 0 0)
(284.355 0 0)
(283.848 0 0)
(280.822 0 0)
(280.003 0 0)
(286.371 0 0)
(288.296 0 0)
(282.223 0 0)
(276.545 0 0)
(278.731 0 0)
(290.413 0 0)
(292.072 0 0)
(278.864 0 0)
(272.869 0 0)
(277.455 0 0)
(291.596 0 0)
(291.865 0 0)
(279.36 0 0)
(272.825 0 0)
(275.683 0 0)
(291.641 0 0)
(290.399 0 0)
(283.817 0 0)
(273.4 0 0)
(273.219 0 0)
(285.17 0 0)
(293.156 0 0)
(202.773 0 0)
(48.0635 0 0)
(2.71404 0 0)
(27.673 0 0)
(12.5027 0 0)
(6.34791 0 0)
(14.6643 0 0)
(16.5701 0 0)
(10.678 0 0)
(20.8492 0 0)
(22.0728 0 0)
(15.8398 0 0)
(5.15577 0 0)
(3.53249 0 0)
(2.81116 0 0)
(2.96325 0 0)
(0.539631 0 0)
(-3.96548 0 0)
(-4.76743 0 0)
(-3.56224 0 0)
)
;

boundaryField
{
    sides
    {
        type            fixedValue;
        value           uniform (0 0 0);
    }
    empty
    {
        type            empty;
    }
}


// ************************************************************************* //
