/*--------------------------------*- C++ -*----------------------------------*\
| =========                 |                                                 |
| \\      /  F ield         | OpenFOAM: The Open Source CFD Toolbox           |
|  \\    /   O peration     | Version:  2412                                  |
|   \\  /    A nd           | Website:  www.openfoam.com                      |
|    \\/     M anipulation  |                                                 |
\*---------------------------------------------------------------------------*/
FoamFile
{
    version     2.0;
    format      ascii;
    arch        "LSB;label=32;scalar=64";
    class       volVectorField;
    location    "0.0273397";
    object      U;
}
// * * * * * * * * * * * * * * * * * * * * * * * * * * * * * * * * * * * * * //

dimensions      [0 1 -1 0 0 0 0];

internalField   nonuniform List<vector> 
100
(
(2.55272 0 0)
(7.72602 0 0)
(12.8583 0 0)
(18.014 0 0)
(23.1551 0 0)
(28.3512 0 0)
(33.4655 0 0)
(38.7207 0 0)
(43.7342 0 0)
(49.124 0 0)
(54.001 0 0)
(59.5066 0 0)
(64.3082 0 0)
(69.7612 0 0)
(74.7296 0 0)
(80.0065 0 0)
(85.2386 0 0)
(90.2577 0 0)
(95.6451 0 0)
(100.536 0 0)
(105.999 0 0)
(110.92 0 0)
(116.36 0 0)
(121.34 0 0)
(126.714 0 0)
(131.785 0 0)
(137.092 0 0)
(142.223 0 0)
(147.499 0 0)
(152.677 0 0)
(157.923 0 0)
(163.091 0 0)
(168.271 0 0)
(173.408 0 0)
(178.556 0 0)
(183.728 0 0)
(188.977 0 0)
(194.299 0 0)
(199.598 0 0)
(204.897 0 0)
(210.14 0 0)
(215.088 0 0)
(219.781 0 0)
(224.537 0 0)
(229.155 0 0)
(232.918 0 0)
(236.366 0 0)
(240.367 0 0)
(245.362 0 0)
(251.841 0 0)
(253.454 0 0)
(253.681 0 0)
(253.648 0 0)
(253.392 0 0)
(256.888 0 0)
(274.19 0 0)
(288.279 0 0)
(288.722 0 0)
(289.403 0 0)
(291.551 0 0)
(289.746 0 0)
(288.016 0 0)
(275.378 0 0)
(103.479 0 0)
(4.25075 0 0)
(4.28696 0 0)
(5.74308 0 0)
(-1.53707 0 0)
(-2.59664 0 0)
(-13.3995 0 0)
(-5.7865 0 0)
(-6.14402 0 0)
(-0.634294 0 0)
(6.41973 0 0)
(2.74678 0 0)
(9.27561 0 0)
(4.02206 0 0)
(3.87937 0 0)
(-0.0481533 0 0)
(-7.54546 0 0)
(-4.80679 0 0)
(-2.21384 0 0)
(3.01303 0 0)
(7.50269 0 0)
(5.39675 0 0)
(-0.216238 0 0)
(-3.72459 0 0)
(-5.90347 0 0)
(-4.29693 0 0)
(0.259957 0 0)
(2.95708 0 0)
(5.9572 0 0)
(3.84079 0 0)
(-1.20121 0 0)
(-4.38955 0 0)
(-4.97994 0 0)
(-2.02679 0 0)
(1.16282 0 0)
(3.19907 0 0)
(0.924037 0 0)
)
;

boundaryField
{
    sides
    {
        type            fixedValue;
        value           uniform (0 0 0);
    }
    empty
    {
        type            empty;
    }
}


// ************************************************************************* //
