/*--------------------------------*- C++ -*----------------------------------*\
| =========                 |                                                 |
| \\      /  F ield         | OpenFOAM: The Open Source CFD Toolbox           |
|  \\    /   O peration     | Version:  2412                                  |
|   \\  /    A nd           | Website:  www.openfoam.com                      |
|    \\/     M anipulation  |                                                 |
\*---------------------------------------------------------------------------*/
FoamFile
{
    version     2.0;
    format      ascii;
    arch        "LSB;label=32;scalar=64";
    class       volVectorField;
    location    "0.0424446";
    object      U;
}
// * * * * * * * * * * * * * * * * * * * * * * * * * * * * * * * * * * * * * //

dimensions      [0 1 -1 0 0 0 0];

internalField   nonuniform List<vector> 
100
(
(1.69161 0 0)
(5.05321 0 0)
(8.32016 0 0)
(11.4867 0 0)
(14.5434 0 0)
(17.511 0 0)
(20.4248 0 0)
(23.3198 0 0)
(26.2314 0 0)
(29.1783 0 0)
(32.1538 0 0)
(35.2275 0 0)
(38.753 0 0)
(41.4467 0 0)
(-20.8263 0 0)
(-193.1 0 0)
(-227.934 0 0)
(-215.955 0 0)
(-200.723 0 0)
(-197.285 0 0)
(-196.458 0 0)
(-199.681 0 0)
(-208.504 0 0)
(-211.023 0 0)
(-209.539 0 0)
(-207.59 0 0)
(-202.663 0 0)
(-187.475 0 0)
(-175.031 0 0)
(-171.161 0 0)
(-169.899 0 0)
(-170.96 0 0)
(-178.082 0 0)
(-182.19 0 0)
(-181.389 0 0)
(-179.608 0 0)
(-175.938 0 0)
(-169.183 0 0)
(-164.366 0 0)
(-162.617 0 0)
(-163.192 0 0)
(-164.414 0 0)
(-163.45 0 0)
(-159.908 0 0)
(-152.457 0 0)
(-146.766 0 0)
(-144.777 0 0)
(-145.921 0 0)
(-148.449 0 0)
(-148.084 0 0)
(-145.086 0 0)
(-138.05 0 0)
(-130.955 0 0)
(-128.045 0 0)
(-128.605 0 0)
(-134.573 0 0)
(-138.44 0 0)
(-137.682 0 0)
(-133.477 0 0)
(-123.274 0 0)
(-112.276 0 0)
(-107.401 0 0)
(-105.877 0 0)
(-107.078 0 0)
(-110.326 0 0)
(-111.369 0 0)
(-111.141 0 0)
(-108.307 0 0)
(-106.116 0 0)
(-102.234 0 0)
(-100.405 0 0)
(-97.8151 0 0)
(-93.6352 0 0)
(-90.6908 0 0)
(-86.7933 0 0)
(-87.6413 0 0)
(-86.3182 0 0)
(-86.1807 0 0)
(-83.4608 0 0)
(-77.8271 0 0)
(-74.0558 0 0)
(-72.0879 0 0)
(-77.1331 0 0)
(-84.715 0 0)
(-88.0885 0 0)
(-87.9913 0 0)
(-85.075 0 0)
(-68.0462 0 0)
(-51.1851 0 0)
(-40.3751 0 0)
(-32.7306 0 0)
(-26.6669 0 0)
(-21.9431 0 0)
(-18.9128 0 0)
(-17.4521 0 0)
(-17.3814 0 0)
(-16.3313 0 0)
(-14.0943 0 0)
(-9.39196 0 0)
(-3.04524 0 0)
)
;

boundaryField
{
    sides
    {
        type            fixedValue;
        value           uniform (0 0 0);
    }
    empty
    {
        type            empty;
    }
}


// ************************************************************************* //
