/*--------------------------------*- C++ -*----------------------------------*\
| =========                 |                                                 |
| \\      /  F ield         | OpenFOAM: The Open Source CFD Toolbox           |
|  \\    /   O peration     | Version:  2412                                  |
|   \\  /    A nd           | Website:  www.openfoam.com                      |
|    \\/     M anipulation  |                                                 |
\*---------------------------------------------------------------------------*/
FoamFile
{
    version     2.0;
    format      ascii;
    arch        "LSB;label=32;scalar=64";
    class       volVectorField;
    location    "0.0224635";
    object      U;
}
// * * * * * * * * * * * * * * * * * * * * * * * * * * * * * * * * * * * * * //

dimensions      [0 1 -1 0 0 0 0];

internalField   nonuniform List<vector> 
100
(
(3.28784 0 0)
(9.93326 0 0)
(16.5268 0 0)
(23.1238 0 0)
(29.7292 0 0)
(36.319 0 0)
(42.9295 0 0)
(49.5365 0 0)
(56.13 0 0)
(62.7457 0 0)
(69.2358 0 0)
(75.8452 0 0)
(82.2128 0 0)
(89.0186 0 0)
(95.3676 0 0)
(102.321 0 0)
(108.534 0 0)
(115.409 0 0)
(121.594 0 0)
(127.854 0 0)
(134.114 0 0)
(140.245 0 0)
(146.887 0 0)
(153.331 0 0)
(160.81 0 0)
(168.002 0 0)
(176.131 0 0)
(183.963 0 0)
(193.539 0 0)
(206.831 0 0)
(220.961 0 0)
(227.776 0 0)
(231.373 0 0)
(234.475 0 0)
(236.793 0 0)
(238.15 0 0)
(240.408 0 0)
(243.593 0 0)
(246.898 0 0)
(250.688 0 0)
(256.004 0 0)
(260.17 0 0)
(263.69 0 0)
(267.287 0 0)
(270.479 0 0)
(273.471 0 0)
(277.247 0 0)
(280.59 0 0)
(282.641 0 0)
(283.801 0 0)
(284.283 0 0)
(283.754 0 0)
(283.122 0 0)
(283.33 0 0)
(283.394 0 0)
(282.494 0 0)
(282.43 0 0)
(284.57 0 0)
(285.317 0 0)
(281.133 0 0)
(279.454 0 0)
(284.877 0 0)
(288.809 0 0)
(285.399 0 0)
(276.575 0 0)
(275.144 0 0)
(289.519 0 0)
(291.284 0 0)
(281.783 0 0)
(270.219 0 0)
(272.353 0 0)
(292.734 0 0)
(288.345 0 0)
(111.981 0 0)
(11.3619 0 0)
(22.3995 0 0)
(9.20384 0 0)
(6.64642 0 0)
(14.9933 0 0)
(11.048 0 0)
(22.5103 0 0)
(16.3277 0 0)
(7.85179 0 0)
(1.77265 0 0)
(-9.74004 0 0)
(-11.0767 0 0)
(-6.68582 0 0)
(-3.15596 0 0)
(-4.62161 0 0)
(-3.81096 0 0)
(-2.27699 0 0)
(2.82473 0 0)
(5.87506 0 0)
(10.8427 0 0)
(8.07131 0 0)
(1.85292 0 0)
(-1.86375 0 0)
(-4.34573 0 0)
(-3.36474 0 0)
(-6.57037 0 0)
)
;

boundaryField
{
    sides
    {
        type            fixedValue;
        value           uniform (0 0 0);
    }
    empty
    {
        type            empty;
    }
}


// ************************************************************************* //
