/*--------------------------------*- C++ -*----------------------------------*\
| =========                 |                                                 |
| \\      /  F ield         | OpenFOAM: The Open Source CFD Toolbox           |
|  \\    /   O peration     | Version:  2412                                  |
|   \\  /    A nd           | Website:  www.openfoam.com                      |
|    \\/     M anipulation  |                                                 |
\*---------------------------------------------------------------------------*/
FoamFile
{
    version     2.0;
    format      ascii;
    arch        "LSB;label=32;scalar=64";
    class       volVectorField;
    location    "0.0367231";
    object      U;
}
// * * * * * * * * * * * * * * * * * * * * * * * * * * * * * * * * * * * * * //

dimensions      [0 1 -1 0 0 0 0];

internalField   nonuniform List<vector> 
100
(
(1.77388 0 0)
(5.52379 0 0)
(9.04784 0 0)
(12.8428 0 0)
(16.2621 0 0)
(20.1711 0 0)
(23.4784 0 0)
(27.4639 0 0)
(30.7273 0 0)
(34.5403 0 0)
(38.0886 0 0)
(41.7954 0 0)
(45.5369 0 0)
(49.1239 0 0)
(52.9159 0 0)
(56.2479 0 0)
(60.1616 0 0)
(63.5068 0 0)
(67.4028 0 0)
(70.8212 0 0)
(74.6304 0 0)
(78.1187 0 0)
(81.8389 0 0)
(85.3795 0 0)
(89.0443 0 0)
(92.626 0 0)
(96.2757 0 0)
(99.8872 0 0)
(103.526 0 0)
(107.124 0 0)
(110.719 0 0)
(114.243 0 0)
(117.755 0 0)
(121.315 0 0)
(125.209 0 0)
(124.269 0 0)
(-10.4591 0 0)
(-140.299 0 0)
(-150.071 0 0)
(-137.517 0 0)
(-133.338 0 0)
(-137.319 0 0)
(-139.797 0 0)
(-138.403 0 0)
(-133.281 0 0)
(-125.352 0 0)
(-120.212 0 0)
(-118.566 0 0)
(-118.438 0 0)
(-119.522 0 0)
(-120.516 0 0)
(-120.292 0 0)
(-118.638 0 0)
(-113.3 0 0)
(-103.302 0 0)
(-95.155 0 0)
(-91.4606 0 0)
(-91.7349 0 0)
(-92.3898 0 0)
(-92.6705 0 0)
(-91.9265 0 0)
(-90.1866 0 0)
(-88.3434 0 0)
(-83.4855 0 0)
(-80.6389 0 0)
(-76.6017 0 0)
(-76.8365 0 0)
(-75.3652 0 0)
(-71.2919 0 0)
(-67.6166 0 0)
(-60.1962 0 0)
(-60.8946 0 0)
(-57.9814 0 0)
(-58.4901 0 0)
(-56.6186 0 0)
(-50.4957 0 0)
(-46.3718 0 0)
(-42.1242 0 0)
(-45.3089 0 0)
(-47.1563 0 0)
(-47.5513 0 0)
(-43.4902 0 0)
(-37.4512 0 0)
(-29.4917 0 0)
(-24.5992 0 0)
(-23.9016 0 0)
(-24.6326 0 0)
(-25.1887 0 0)
(-20.0247 0 0)
(-11.0998 0 0)
(-0.372879 0 0)
(8.06391 0 0)
(11.908 0 0)
(12.2321 0 0)
(7.59165 0 0)
(1.30514 0 0)
(-0.0415308 0 0)
(-0.135557 0 0)
(0.393713 0 0)
(0.856037 0 0)
)
;

boundaryField
{
    sides
    {
        type            fixedValue;
        value           uniform (0 0 0);
    }
    empty
    {
        type            empty;
    }
}


// ************************************************************************* //
