/*--------------------------------*- C++ -*----------------------------------*\
| =========                 |                                                 |
| \\      /  F ield         | OpenFOAM: The Open Source CFD Toolbox           |
|  \\    /   O peration     | Version:  2412                                  |
|   \\  /    A nd           | Website:  www.openfoam.com                      |
|    \\/     M anipulation  |                                                 |
\*---------------------------------------------------------------------------*/
FoamFile
{
    version     2.0;
    format      ascii;
    arch        "LSB;label=32;scalar=64";
    class       volVectorField;
    location    "0.0125642";
    object      U;
}
// * * * * * * * * * * * * * * * * * * * * * * * * * * * * * * * * * * * * * //

dimensions      [0 1 -1 0 0 0 0];

internalField   nonuniform List<vector> 
100
(
(-1.99107e-14 0 0)
(3.06345e-14 0 0)
(1.84772e-13 0 0)
(1.63406e-11 0 0)
(7.8004e-09 0 0)
(2.70967e-06 0 0)
(0.000540145 0 0)
(0.0443912 0 0)
(1.04804 0 0)
(6.8261 0 0)
(18.1184 0 0)
(29.7946 0 0)
(39.2935 0 0)
(47.0787 0 0)
(54.04 0 0)
(60.7044 0 0)
(67.2965 0 0)
(73.8892 0 0)
(80.4963 0 0)
(87.1171 0 0)
(93.7481 0 0)
(100.396 0 0)
(107.046 0 0)
(113.737 0 0)
(120.379 0 0)
(127.152 0 0)
(133.667 0 0)
(140.614 0 0)
(146.804 0 0)
(154.01 0 0)
(159.963 0 0)
(167.079 0 0)
(173.462 0 0)
(179.804 0 0)
(186.794 0 0)
(192.806 0 0)
(199.785 0 0)
(205.874 0 0)
(212.983 0 0)
(219.214 0 0)
(226.058 0 0)
(232.533 0 0)
(239.424 0 0)
(245.886 0 0)
(252.47 0 0)
(259.222 0 0)
(264.981 0 0)
(270.324 0 0)
(276.517 0 0)
(282.35 0 0)
(285.938 0 0)
(283.983 0 0)
(280.922 0 0)
(280.808 0 0)
(286.62 0 0)
(288.435 0 0)
(279.941 0 0)
(276.385 0 0)
(280.436 0 0)
(289.516 0 0)
(290.263 0 0)
(278.624 0 0)
(275.979 0 0)
(280.312 0 0)
(289.674 0 0)
(289.546 0 0)
(280.655 0 0)
(275.986 0 0)
(277.658 0 0)
(287.319 0 0)
(287.668 0 0)
(285.91 0 0)
(277.75 0 0)
(277.808 0 0)
(278.47 0 0)
(287.39 0 0)
(287.857 0 0)
(284.264 0 0)
(282.887 0 0)
(278.308 0 0)
(277.79 0 0)
(279.305 0 0)
(280.765 0 0)
(282.836 0 0)
(283.859 0 0)
(280.6 0 0)
(279.515 0 0)
(280.787 0 0)
(282.555 0 0)
(284.3 0 0)
(284.116 0 0)
(282.49 0 0)
(277.592 0 0)
(275.174 0 0)
(134.032 0 0)
(-10.2918 0 0)
(-33.5051 0 0)
(-6.75628 0 0)
(13.1322 0 0)
(-9.4176 0 0)
)
;

boundaryField
{
    sides
    {
        type            fixedValue;
        value           uniform (0 0 0);
    }
    empty
    {
        type            empty;
    }
}


// ************************************************************************* //
