/*--------------------------------*- C++ -*----------------------------------*\
| =========                 |                                                 |
| \\      /  F ield         | OpenFOAM: The Open Source CFD Toolbox           |
|  \\    /   O peration     | Version:  2412                                  |
|   \\  /    A nd           | Website:  www.openfoam.com                      |
|    \\/     M anipulation  |                                                 |
\*---------------------------------------------------------------------------*/
FoamFile
{
    version     2.0;
    format      ascii;
    arch        "LSB;label=32;scalar=64";
    class       volVectorField;
    location    "0.0116885";
    object      U;
}
// * * * * * * * * * * * * * * * * * * * * * * * * * * * * * * * * * * * * * //

dimensions      [0 1 -1 0 0 0 0];

internalField   nonuniform List<vector> 
100
(
(4.46239e-14 0 0)
(1.41549e-14 0 0)
(5.41724e-14 0 0)
(6.4121e-14 0 0)
(-3.98862e-14 0 0)
(9.36676e-14 0 0)
(7.03331e-11 0 0)
(3.14201e-08 0 0)
(9.80507e-06 0 0)
(0.00164239 0 0)
(0.104639 0 0)
(1.81331 0 0)
(9.26226 0 0)
(21.437 0 0)
(33.1216 0 0)
(42.6218 0 0)
(50.6387 0 0)
(57.989 0 0)
(65.1139 0 0)
(72.1902 0 0)
(79.2703 0 0)
(86.3645 0 0)
(93.4699 0 0)
(100.597 0 0)
(107.723 0 0)
(114.908 0 0)
(122.007 0 0)
(129.311 0 0)
(136.213 0 0)
(143.757 0 0)
(150.268 0 0)
(158.061 0 0)
(164.492 0 0)
(171.86 0 0)
(179.034 0 0)
(185.491 0 0)
(193.045 0 0)
(199.571 0 0)
(207.09 0 0)
(213.577 0 0)
(221.136 0 0)
(228.048 0 0)
(235.339 0 0)
(242.298 0 0)
(249.618 0 0)
(255.976 0 0)
(263.022 0 0)
(270.117 0 0)
(276.42 0 0)
(279.692 0 0)
(282.113 0 0)
(283.415 0 0)
(286.69 0 0)
(287.508 0 0)
(280.834 0 0)
(277.331 0 0)
(280.536 0 0)
(289.319 0 0)
(290.222 0 0)
(278.876 0 0)
(275.723 0 0)
(279.818 0 0)
(289.187 0 0)
(289.332 0 0)
(280.416 0 0)
(276.295 0 0)
(278.477 0 0)
(288.09 0 0)
(287.901 0 0)
(285.449 0 0)
(278.164 0 0)
(278.368 0 0)
(279.825 0 0)
(287.428 0 0)
(286.758 0 0)
(283.763 0 0)
(281.5 0 0)
(277.88 0 0)
(278.203 0 0)
(280.756 0 0)
(282.747 0 0)
(281.753 0 0)
(280.209 0 0)
(282.498 0 0)
(284.308 0 0)
(284.162 0 0)
(279.932 0 0)
(277.95 0 0)
(277.865 0 0)
(278.223 0 0)
(280.888 0 0)
(283.358 0 0)
(283.352 0 0)
(283.182 0 0)
(279.893 0 0)
(282.254 0 0)
(194.208 0 0)
(19.7896 0 0)
(-44.4981 0 0)
(-39.2649 0 0)
)
;

boundaryField
{
    sides
    {
        type            fixedValue;
        value           uniform (0 0 0);
    }
    empty
    {
        type            empty;
    }
}


// ************************************************************************* //
