/*--------------------------------*- C++ -*----------------------------------*\
| =========                 |                                                 |
| \\      /  F ield         | OpenFOAM: The Open Source CFD Toolbox           |
|  \\    /   O peration     | Version:  2412                                  |
|   \\  /    A nd           | Website:  www.openfoam.com                      |
|    \\/     M anipulation  |                                                 |
\*---------------------------------------------------------------------------*/
FoamFile
{
    version     2.0;
    format      ascii;
    arch        "LSB;label=32;scalar=64";
    class       volVectorField;
    location    "0.0140012";
    object      U;
}
// * * * * * * * * * * * * * * * * * * * * * * * * * * * * * * * * * * * * * //

dimensions      [0 1 -1 0 0 0 0];

internalField   nonuniform List<vector> 
100
(
(1.88252e-07 0 0)
(5.39047e-05 0 0)
(0.00688932 0 0)
(0.295049 0 0)
(3.30508 0 0)
(12.3087 0 0)
(23.8832 0 0)
(33.7712 0 0)
(41.5338 0 0)
(48.0965 0 0)
(54.17 0 0)
(60.1 0 0)
(66.0149 0 0)
(71.9467 0 0)
(77.8959 0 0)
(83.8577 0 0)
(89.8283 0 0)
(95.8082 0 0)
(101.795 0 0)
(107.799 0 0)
(113.799 0 0)
(119.841 0 0)
(125.816 0 0)
(131.934 0 0)
(137.766 0 0)
(144.04 0 0)
(149.578 0 0)
(156.061 0 0)
(161.442 0 0)
(167.825 0 0)
(173.598 0 0)
(179.359 0 0)
(185.608 0 0)
(191.074 0 0)
(197.366 0 0)
(202.835 0 0)
(209.222 0 0)
(214.82 0 0)
(221.012 0 0)
(226.792 0 0)
(233.042 0 0)
(238.947 0 0)
(244.889 0 0)
(250.774 0 0)
(256.776 0 0)
(262.296 0 0)
(267.79 0 0)
(273.601 0 0)
(278.577 0 0)
(281.587 0 0)
(283.288 0 0)
(283.282 0 0)
(285.167 0 0)
(285.885 0 0)
(283.398 0 0)
(278.789 0 0)
(278.731 0 0)
(288.199 0 0)
(289.755 0 0)
(282.011 0 0)
(275.344 0 0)
(277.228 0 0)
(289.973 0 0)
(290.299 0 0)
(282.217 0 0)
(274.984 0 0)
(276.365 0 0)
(288.826 0 0)
(289.089 0 0)
(285.228 0 0)
(276.994 0 0)
(277.064 0 0)
(283.001 0 0)
(288.88 0 0)
(287.449 0 0)
(280.363 0 0)
(275.365 0 0)
(277.277 0 0)
(279.862 0 0)
(287.572 0 0)
(286.596 0 0)
(283.48 0 0)
(282.09 0 0)
(279.281 0 0)
(278.913 0 0)
(280.812 0 0)
(282.467 0 0)
(282.868 0 0)
(278.904 0 0)
(280.39 0 0)
(193.847 0 0)
(23.9582 0 0)
(-14.3727 0 0)
(-2.10692 0 0)
(7.98734 0 0)
(6.84116 0 0)
(-0.397996 0 0)
(-1.32806 0 0)
(1.50777 0 0)
(-5.93731 0 0)
)
;

boundaryField
{
    sides
    {
        type            fixedValue;
        value           uniform (0 0 0);
    }
    empty
    {
        type            empty;
    }
}


// ************************************************************************* //
