/*--------------------------------*- C++ -*----------------------------------*\
| =========                 |                                                 |
| \\      /  F ield         | OpenFOAM: The Open Source CFD Toolbox           |
|  \\    /   O peration     | Version:  2412                                  |
|   \\  /    A nd           | Website:  www.openfoam.com                      |
|    \\/     M anipulation  |                                                 |
\*---------------------------------------------------------------------------*/
FoamFile
{
    version     2.0;
    format      ascii;
    arch        "LSB;label=32;scalar=64";
    class       volVectorField;
    location    "0.0529486";
    object      U;
}
// * * * * * * * * * * * * * * * * * * * * * * * * * * * * * * * * * * * * * //

dimensions      [0 1 -1 0 0 0 0];

internalField   nonuniform List<vector> 
100
(
(-6.34368 0 0)
(-14.7437 0 0)
(-4.26952 0 0)
(8.77374 0 0)
(13.7038 0 0)
(4.57913 0 0)
(-16.4651 0 0)
(-25.7544 0 0)
(-18.3244 0 0)
(4.25293 0 0)
(25.1882 0 0)
(30.4215 0 0)
(17.086 0 0)
(-6.82706 0 0)
(-26.2286 0 0)
(-26.3628 0 0)
(-61.6859 0 0)
(-191.361 0 0)
(-230.73 0 0)
(-227.635 0 0)
(-225.961 0 0)
(-220.984 0 0)
(-216.552 0 0)
(-214.468 0 0)
(-213.325 0 0)
(-214.135 0 0)
(-218.114 0 0)
(-218.717 0 0)
(-217.137 0 0)
(-213.467 0 0)
(-205.072 0 0)
(-200.402 0 0)
(-198.758 0 0)
(-206.601 0 0)
(-228.138 0 0)
(-233.623 0 0)
(-232.238 0 0)
(-230.307 0 0)
(-224.996 0 0)
(-203.603 0 0)
(-176.098 0 0)
(-164.996 0 0)
(-161.847 0 0)
(-160.944 0 0)
(-159.96 0 0)
(-158.168 0 0)
(-154.193 0 0)
(-149.668 0 0)
(-147.184 0 0)
(-146.185 0 0)
(-145.266 0 0)
(-144.911 0 0)
(-145.521 0 0)
(-145.927 0 0)
(-145.406 0 0)
(-144.336 0 0)
(-141.623 0 0)
(-134.321 0 0)
(-124.188 0 0)
(-117.624 0 0)
(-113.805 0 0)
(-111.596 0 0)
(-110.703 0 0)
(-110.078 0 0)
(-109.787 0 0)
(-109.395 0 0)
(-108.253 0 0)
(-105.123 0 0)
(-99.6801 0 0)
(-94.3405 0 0)
(-90.3741 0 0)
(-87.053 0 0)
(-84.631 0 0)
(-81.7329 0 0)
(-78.8754 0 0)
(-75.3151 0 0)
(-72.5424 0 0)
(-69.0746 0 0)
(-66.0138 0 0)
(-63.0571 0 0)
(-59.2639 0 0)
(-57.123 0 0)
(-53.6263 0 0)
(-51.3254 0 0)
(-48.3678 0 0)
(-45.0759 0 0)
(-41.6937 0 0)
(-37.7221 0 0)
(-35.2139 0 0)
(-31.8035 0 0)
(-29.1308 0 0)
(-25.8461 0 0)
(-23.0507 0 0)
(-19.783 0 0)
(-16.6951 0 0)
(-13.814 0 0)
(-10.8386 0 0)
(-8.33965 0 0)
(-5.03176 0 0)
(-2.0885 0 0)
)
;

boundaryField
{
    sides
    {
        type            fixedValue;
        value           uniform (0 0 0);
    }
    empty
    {
        type            empty;
    }
}


// ************************************************************************* //
