/*--------------------------------*- C++ -*----------------------------------*\
| =========                 |                                                 |
| \\      /  F ield         | OpenFOAM: The Open Source CFD Toolbox           |
|  \\    /   O peration     | Version:  2412                                  |
|   \\  /    A nd           | Website:  www.openfoam.com                      |
|    \\/     M anipulation  |                                                 |
\*---------------------------------------------------------------------------*/
FoamFile
{
    version     2.0;
    format      ascii;
    arch        "LSB;label=32;scalar=64";
    class       volVectorField;
    location    "0.00906707";
    object      U;
}
// * * * * * * * * * * * * * * * * * * * * * * * * * * * * * * * * * * * * * //

dimensions      [0 1 -1 0 0 0 0];

internalField   nonuniform List<vector> 
100
(
(3.48556e-14 0 0)
(7.20678e-15 0 0)
(3.04448e-14 0 0)
(-8.13929e-14 0 0)
(-3.95749e-14 0 0)
(7.52701e-14 0 0)
(8.74317e-14 0 0)
(5.41301e-14 0 0)
(4.78568e-14 0 0)
(1.85266e-14 0 0)
(5.81885e-14 0 0)
(5.57442e-14 0 0)
(-8.10333e-15 0 0)
(6.41314e-14 0 0)
(1.18582e-11 0 0)
(5.79729e-09 0 0)
(2.05817e-06 0 0)
(0.000427081 0 0)
(0.0374719 0 0)
(0.969839 0 0)
(6.88436 0 0)
(19.4423 0 0)
(33.3554 0 0)
(45.3637 0 0)
(55.6595 0 0)
(65.1131 0 0)
(74.2586 0 0)
(83.3273 0 0)
(92.3769 0 0)
(101.481 0 0)
(110.524 0 0)
(119.794 0 0)
(128.649 0 0)
(138.282 0 0)
(146.611 0 0)
(156.634 0 0)
(164.803 0 0)
(174.012 0 0)
(183.415 0 0)
(191.266 0 0)
(200.982 0 0)
(209.365 0 0)
(218.97 0 0)
(227.502 0 0)
(236.607 0 0)
(245.302 0 0)
(255.179 0 0)
(264.394 0 0)
(270.551 0 0)
(275.532 0 0)
(281.105 0 0)
(288.578 0 0)
(289.304 0 0)
(281.841 0 0)
(277.059 0 0)
(279.665 0 0)
(289.302 0 0)
(289.615 0 0)
(280.389 0 0)
(276.18 0 0)
(278.893 0 0)
(287.753 0 0)
(287.61 0 0)
(282.728 0 0)
(277.718 0 0)
(278.44 0 0)
(285.772 0 0)
(288.986 0 0)
(286.305 0 0)
(283.735 0 0)
(278.513 0 0)
(277.873 0 0)
(280.074 0 0)
(280.527 0 0)
(279.316 0 0)
(281.548 0 0)
(283.884 0 0)
(283.588 0 0)
(280.309 0 0)
(279.582 0 0)
(279.714 0 0)
(280.896 0 0)
(283.321 0 0)
(283.612 0 0)
(283.013 0 0)
(279.312 0 0)
(276.736 0 0)
(276.63 0 0)
(276.828 0 0)
(277.963 0 0)
(282.482 0 0)
(295.043 0 0)
(295.263 0 0)
(235.546 0 0)
(42.2097 0 0)
(0.260901 0 0)
(0.000116946 0 0)
(1.21626e-08 0 0)
(1.46977e-12 0 0)
(1.00422e-13 0 0)
)
;

boundaryField
{
    sides
    {
        type            fixedValue;
        value           uniform (0 0 0);
    }
    empty
    {
        type            empty;
    }
}


// ************************************************************************* //
