/*--------------------------------*- C++ -*----------------------------------*\
| =========                 |                                                 |
| \\      /  F ield         | OpenFOAM: The Open Source CFD Toolbox           |
|  \\    /   O peration     | Version:  2412                                  |
|   \\  /    A nd           | Website:  www.openfoam.com                      |
|    \\/     M anipulation  |                                                 |
\*---------------------------------------------------------------------------*/
FoamFile
{
    version     2.0;
    format      ascii;
    arch        "LSB;label=32;scalar=64";
    class       volVectorField;
    location    "0.0186271";
    object      U;
}
// * * * * * * * * * * * * * * * * * * * * * * * * * * * * * * * * * * * * * //

dimensions      [0 1 -1 0 0 0 0];

internalField   nonuniform List<vector> 
100
(
(4.17596 0 0)
(12.5621 0 0)
(20.6595 0 0)
(28.7424 0 0)
(36.7336 0 0)
(44.8056 0 0)
(53.364 0 0)
(62.3783 0 0)
(72.45 0 0)
(83.847 0 0)
(96.1183 0 0)
(108.043 0 0)
(118.507 0 0)
(127.304 0 0)
(133.67 0 0)
(137.503 0 0)
(140.571 0 0)
(144.181 0 0)
(148.127 0 0)
(153.117 0 0)
(157.529 0 0)
(162.563 0 0)
(166.726 0 0)
(171.427 0 0)
(175.88 0 0)
(180.274 0 0)
(184.97 0 0)
(189.184 0 0)
(193.962 0 0)
(198.106 0 0)
(202.908 0 0)
(207.156 0 0)
(211.894 0 0)
(216.223 0 0)
(220.921 0 0)
(225.386 0 0)
(230.009 0 0)
(234.489 0 0)
(239.061 0 0)
(243.614 0 0)
(248.176 0 0)
(252.675 0 0)
(257.025 0 0)
(261.42 0 0)
(265.975 0 0)
(270.2 0 0)
(273.844 0 0)
(278.053 0 0)
(281.454 0 0)
(283.236 0 0)
(284.292 0 0)
(283.989 0 0)
(283.066 0 0)
(283.659 0 0)
(284.605 0 0)
(282.216 0 0)
(280.4 0 0)
(282.445 0 0)
(287.139 0 0)
(287.45 0 0)
(278.387 0 0)
(276.229 0 0)
(284.616 0 0)
(291.281 0 0)
(288.202 0 0)
(274.797 0 0)
(272.826 0 0)
(285.492 0 0)
(292.421 0 0)
(288.48 0 0)
(273.951 0 0)
(273.767 0 0)
(282.44 0 0)
(292.191 0 0)
(290.147 0 0)
(276.018 0 0)
(273.608 0 0)
(276.528 0 0)
(289.938 0 0)
(290.642 0 0)
(262.953 0 0)
(89.4314 0 0)
(3.66261 0 0)
(24.4857 0 0)
(10.767 0 0)
(3.09236 0 0)
(13.7694 0 0)
(22.971 0 0)
(14.5786 0 0)
(21.0836 0 0)
(17.2168 0 0)
(9.32822 0 0)
(3.06705 0 0)
(4.95193 0 0)
(7.61129 0 0)
(10.8034 0 0)
(8.54122 0 0)
(1.38167 0 0)
(-2.16327 0 0)
(-1.33242 0 0)
)
;

boundaryField
{
    sides
    {
        type            fixedValue;
        value           uniform (0 0 0);
    }
    empty
    {
        type            empty;
    }
}


// ************************************************************************* //
