/*--------------------------------*- C++ -*----------------------------------*\
| =========                 |                                                 |
| \\      /  F ield         | OpenFOAM: The Open Source CFD Toolbox           |
|  \\    /   O peration     | Version:  2412                                  |
|   \\  /    A nd           | Website:  www.openfoam.com                      |
|    \\/     M anipulation  |                                                 |
\*---------------------------------------------------------------------------*/
FoamFile
{
    version     2.0;
    format      ascii;
    arch        "LSB;label=32;scalar=64";
    class       volVectorField;
    location    "0.00256284";
    object      U;
}
// * * * * * * * * * * * * * * * * * * * * * * * * * * * * * * * * * * * * * //

dimensions      [0 1 -1 0 0 0 0];

internalField   nonuniform List<vector> 
100
(
(-6.59715e-15 0 0)
(1.43973e-14 0 0)
(3.5981e-14 0 0)
(3.6418e-14 0 0)
(1.64383e-14 0 0)
(1.33288e-15 0 0)
(1.41104e-14 0 0)
(5.008e-15 0 0)
(1.21935e-14 0 0)
(-6.6711e-15 0 0)
(-7.9706e-15 0 0)
(-4.9593e-14 0 0)
(-2.4441e-14 0 0)
(1.48924e-14 0 0)
(4.01054e-14 0 0)
(8.2554e-14 0 0)
(-2.60151e-14 0 0)
(-3.15426e-14 0 0)
(-2.44639e-14 0 0)
(1.75647e-14 0 0)
(-3.96933e-14 0 0)
(-7.25492e-14 0 0)
(-3.17499e-14 0 0)
(6.28145e-14 0 0)
(1.24118e-13 0 0)
(1.00606e-13 0 0)
(1.59026e-13 0 0)
(9.49095e-14 0 0)
(3.96561e-14 0 0)
(4.5444e-14 0 0)
(1.10202e-13 0 0)
(9.63248e-14 0 0)
(3.13835e-14 0 0)
(4.15342e-14 0 0)
(5.94163e-14 0 0)
(6.74418e-11 0 0)
(4.15328e-08 0 0)
(1.61203e-05 0 0)
(0.00311083 0 0)
(0.215451 0 0)
(3.87166 0 0)
(20.2146 0 0)
(48.47 0 0)
(80.19 0 0)
(107.796 0 0)
(141.003 0 0)
(166.008 0 0)
(193.095 0 0)
(231.938 0 0)
(248.462 0 0)
(269.428 0 0)
(291.562 0 0)
(292.038 0 0)
(282.88 0 0)
(276.467 0 0)
(277.045 0 0)
(273.484 0 0)
(275.787 0 0)
(280.874 0 0)
(292.227 0 0)
(302.037 0 0)
(278.856 0 0)
(114.961 0 0)
(2.26514 0 0)
(0.00211476 0 0)
(3.24617e-07 0 0)
(3.07932e-11 0 0)
(1.0836e-15 0 0)
(5.5657e-14 0 0)
(1.60287e-13 0 0)
(5.47854e-14 0 0)
(-7.84129e-14 0 0)
(-1.39933e-13 0 0)
(1.87342e-15 0 0)
(1.11925e-13 0 0)
(6.27333e-14 0 0)
(-9.06445e-14 0 0)
(-3.48519e-14 0 0)
(-1.30443e-14 0 0)
(3.34745e-14 0 0)
(5.6348e-14 0 0)
(-1.50472e-13 0 0)
(-6.46794e-14 0 0)
(3.44529e-14 0 0)
(1.03274e-13 0 0)
(2.82912e-14 0 0)
(-1.64105e-13 0 0)
(-1.56085e-13 0 0)
(-6.24945e-14 0 0)
(-8.01447e-14 0 0)
(-2.32404e-13 0 0)
(-2.50924e-13 0 0)
(5.72426e-14 0 0)
(1.81551e-13 0 0)
(1.20965e-14 0 0)
(-1.04369e-13 0 0)
(-9.70666e-14 0 0)
(4.945e-14 0 0)
(2.0808e-14 0 0)
(-9.23574e-14 0 0)
)
;

boundaryField
{
    sides
    {
        type            fixedValue;
        value           uniform (0 0 0);
    }
    empty
    {
        type            empty;
    }
}


// ************************************************************************* //
