/*--------------------------------*- C++ -*----------------------------------*\
| =========                 |                                                 |
| \\      /  F ield         | OpenFOAM: The Open Source CFD Toolbox           |
|  \\    /   O peration     | Version:  2412                                  |
|   \\  /    A nd           | Website:  www.openfoam.com                      |
|    \\/     M anipulation  |                                                 |
\*---------------------------------------------------------------------------*/
FoamFile
{
    version     2.0;
    format      ascii;
    arch        "LSB;label=32;scalar=64";
    class       volVectorField;
    location    "0.0102487";
    object      U;
}
// * * * * * * * * * * * * * * * * * * * * * * * * * * * * * * * * * * * * * //

dimensions      [0 1 -1 0 0 0 0];

internalField   nonuniform List<vector> 
100
(
(-6.21217e-14 0 0)
(-7.3422e-14 0 0)
(1.42763e-14 0 0)
(6.31417e-14 0 0)
(9.01737e-14 0 0)
(5.90503e-14 0 0)
(4.71875e-14 0 0)
(3.76025e-14 0 0)
(1.60416e-13 0 0)
(1.96613e-13 0 0)
(2.61089e-12 0 0)
(1.19334e-09 0 0)
(4.61658e-07 0 0)
(0.000112214 0 0)
(0.0126331 0 0)
(0.458981 0 0)
(4.42347 0 0)
(15.0819 0 0)
(28.3149 0 0)
(39.9387 0 0)
(49.6142 0 0)
(58.2219 0 0)
(66.4082 0 0)
(74.4718 0 0)
(82.5149 0 0)
(90.5724 0 0)
(98.6345 0 0)
(106.751 0 0)
(114.81 0 0)
(123.06 0 0)
(130.949 0 0)
(139.479 0 0)
(146.92 0 0)
(155.791 0 0)
(163.036 0 0)
(171.427 0 0)
(179.566 0 0)
(186.767 0 0)
(195.41 0 0)
(202.8 0 0)
(211.305 0 0)
(218.713 0 0)
(227.239 0 0)
(235.028 0 0)
(243.402 0 0)
(251.779 0 0)
(258.458 0 0)
(265.115 0 0)
(273.519 0 0)
(281.386 0 0)
(286.387 0 0)
(282.719 0 0)
(279.766 0 0)
(282.118 0 0)
(287.879 0 0)
(287.825 0 0)
(277.375 0 0)
(276.343 0 0)
(283.155 0 0)
(289.664 0 0)
(288.372 0 0)
(277.917 0 0)
(277.972 0 0)
(282.226 0 0)
(288.498 0 0)
(287.995 0 0)
(280.097 0 0)
(276.979 0 0)
(277.926 0 0)
(285.31 0 0)
(287.934 0 0)
(285.172 0 0)
(284.329 0 0)
(279.197 0 0)
(278.574 0 0)
(280.238 0 0)
(281.956 0 0)
(283.832 0 0)
(281.589 0 0)
(277.294 0 0)
(278.166 0 0)
(279.528 0 0)
(282.155 0 0)
(283.435 0 0)
(283.197 0 0)
(281.112 0 0)
(279.638 0 0)
(279.606 0 0)
(280.773 0 0)
(283.297 0 0)
(283.74 0 0)
(283.413 0 0)
(280.574 0 0)
(276.826 0 0)
(276.092 0 0)
(276.325 0 0)
(279.498 0 0)
(294.811 0 0)
(299.398 0 0)
(172.432 0 0)
)
;

boundaryField
{
    sides
    {
        type            fixedValue;
        value           uniform (0 0 0);
    }
    empty
    {
        type            empty;
    }
}


// ************************************************************************* //
