/*--------------------------------*- C++ -*----------------------------------*\
| =========                 |                                                 |
| \\      /  F ield         | OpenFOAM: The Open Source CFD Toolbox           |
|  \\    /   O peration     | Version:  2412                                  |
|   \\  /    A nd           | Website:  www.openfoam.com                      |
|    \\/     M anipulation  |                                                 |
\*---------------------------------------------------------------------------*/
FoamFile
{
    version     2.0;
    format      ascii;
    arch        "LSB;label=32;scalar=64";
    class       volVectorField;
    location    "0.0476697";
    object      U;
}
// * * * * * * * * * * * * * * * * * * * * * * * * * * * * * * * * * * * * * //

dimensions      [0 1 -1 0 0 0 0];

internalField   nonuniform List<vector> 
100
(
(45.4232 0 0)
(62.0658 0 0)
(52.3403 0 0)
(-38.2328 0 0)
(-220.196 0 0)
(-248.286 0 0)
(-252.293 0 0)
(-249.803 0 0)
(-247.703 0 0)
(-240.878 0 0)
(-231.518 0 0)
(-227.483 0 0)
(-226.17 0 0)
(-226.887 0 0)
(-230.999 0 0)
(-231.443 0 0)
(-229.922 0 0)
(-225.637 0 0)
(-215.738 0 0)
(-210.757 0 0)
(-208.936 0 0)
(-210.424 0 0)
(-215.87 0 0)
(-217.025 0 0)
(-215.181 0 0)
(-210.169 0 0)
(-199.198 0 0)
(-193.432 0 0)
(-191.396 0 0)
(-193.566 0 0)
(-204.949 0 0)
(-209.696 0 0)
(-208.478 0 0)
(-205.213 0 0)
(-192.883 0 0)
(-177.006 0 0)
(-170.85 0 0)
(-168.82 0 0)
(-168.258 0 0)
(-172.426 0 0)
(-180.636 0 0)
(-182.465 0 0)
(-181.125 0 0)
(-178.645 0 0)
(-174.509 0 0)
(-170.903 0 0)
(-168.815 0 0)
(-166.511 0 0)
(-162.365 0 0)
(-158.077 0 0)
(-156.004 0 0)
(-155.225 0 0)
(-156.271 0 0)
(-157.085 0 0)
(-156.107 0 0)
(-152.906 0 0)
(-146.601 0 0)
(-141.886 0 0)
(-140.199 0 0)
(-144.388 0 0)
(-159.076 0 0)
(-165.475 0 0)
(-164.827 0 0)
(-162.467 0 0)
(-154.562 0 0)
(-134.638 0 0)
(-116.3 0 0)
(-106.908 0 0)
(-102.361 0 0)
(-98.3953 0 0)
(-95.6473 0 0)
(-92.0405 0 0)
(-89.6118 0 0)
(-87.9668 0 0)
(-87.5148 0 0)
(-86.7392 0 0)
(-85.1667 0 0)
(-84.1506 0 0)
(-79.5867 0 0)
(-75.2795 0 0)
(-67.6941 0 0)
(-63.0332 0 0)
(-58.8464 0 0)
(-55.0764 0 0)
(-53.1658 0 0)
(-51.119 0 0)
(-50.4181 0 0)
(-47.4389 0 0)
(-43.6527 0 0)
(-39.0374 0 0)
(-35.1792 0 0)
(-31.1838 0 0)
(-27.4193 0 0)
(-23.2338 0 0)
(-19.5673 0 0)
(-16.0476 0 0)
(-12.1902 0 0)
(-8.8972 0 0)
(-5.02444 0 0)
(-1.95721 0 0)
)
;

boundaryField
{
    sides
    {
        type            fixedValue;
        value           uniform (0 0 0);
    }
    empty
    {
        type            empty;
    }
}


// ************************************************************************* //
