/*--------------------------------*- C++ -*----------------------------------*\
| =========                 |                                                 |
| \\      /  F ield         | OpenFOAM: The Open Source CFD Toolbox           |
|  \\    /   O peration     | Version:  2412                                  |
|   \\  /    A nd           | Website:  www.openfoam.com                      |
|    \\/     M anipulation  |                                                 |
\*---------------------------------------------------------------------------*/
FoamFile
{
    version     2.0;
    format      ascii;
    arch        "LSB;label=32;scalar=64";
    class       volVectorField;
    location    "0.0300881";
    object      U;
}
// * * * * * * * * * * * * * * * * * * * * * * * * * * * * * * * * * * * * * //

dimensions      [0 1 -1 0 0 0 0];

internalField   nonuniform List<vector> 
100
(
(2.27385 0 0)
(6.8687 0 0)
(11.43 0 0)
(16.0656 0 0)
(20.6119 0 0)
(25.2969 0 0)
(29.7386 0 0)
(34.5195 0 0)
(38.8412 0 0)
(43.7439 0 0)
(47.9434 0 0)
(52.8145 0 0)
(57.1251 0 0)
(61.8532 0 0)
(66.4705 0 0)
(71.0096 0 0)
(75.8424 0 0)
(80.2029 0 0)
(85.1138 0 0)
(89.4557 0 0)
(94.3598 0 0)
(98.7696 0 0)
(103.609 0 0)
(108.103 0 0)
(112.865 0 0)
(117.416 0 0)
(122.128 0 0)
(126.722 0 0)
(131.396 0 0)
(136.009 0 0)
(140.653 0 0)
(145.269 0 0)
(149.897 0 0)
(154.509 0 0)
(159.108 0 0)
(163.696 0 0)
(168.288 0 0)
(172.86 0 0)
(177.401 0 0)
(181.934 0 0)
(186.523 0 0)
(190.873 0 0)
(195.263 0 0)
(199.658 0 0)
(203.82 0 0)
(207.568 0 0)
(210.617 0 0)
(213.197 0 0)
(215.468 0 0)
(217.072 0 0)
(218.408 0 0)
(220.722 0 0)
(223.5 0 0)
(225.941 0 0)
(228.126 0 0)
(230.113 0 0)
(187.787 0 0)
(0.322824 0 0)
(-57.0119 0 0)
(-58.601 0 0)
(-49.3742 0 0)
(-37.3199 0 0)
(-36.3623 0 0)
(-31.3256 0 0)
(-31.1334 0 0)
(-23.8277 0 0)
(-13.2078 0 0)
(-2.90162 0 0)
(10.1754 0 0)
(6.31845 0 0)
(9.99557 0 0)
(4.32177 0 0)
(1.20816 0 0)
(3.97667 0 0)
(-0.310763 0 0)
(1.88654 0 0)
(-5.28492 0 0)
(-6.03666 0 0)
(-5.77285 0 0)
(-1.75358 0 0)
(3.33919 0 0)
(4.75202 0 0)
(6.1001 0 0)
(3.2545 0 0)
(-0.820282 0 0)
(-1.40927 0 0)
(0.170731 0 0)
(0.292748 0 0)
(-0.198805 0 0)
(-3.69061 0 0)
(-6.67172 0 0)
(-5.31982 0 0)
(-1.55917 0 0)
(3.94746 0 0)
(7.01067 0 0)
(5.98831 0 0)
(2.60027 0 0)
(-2.08224 0 0)
(-3.61152 0 0)
(-2.30338 0 0)
)
;

boundaryField
{
    sides
    {
        type            fixedValue;
        value           uniform (0 0 0);
    }
    empty
    {
        type            empty;
    }
}


// ************************************************************************* //
