/*--------------------------------*- C++ -*----------------------------------*\
| =========                 |                                                 |
| \\      /  F ield         | OpenFOAM: The Open Source CFD Toolbox           |
|  \\    /   O peration     | Version:  2412                                  |
|   \\  /    A nd           | Website:  www.openfoam.com                      |
|    \\/     M anipulation  |                                                 |
\*---------------------------------------------------------------------------*/
FoamFile
{
    version     2.0;
    format      ascii;
    arch        "LSB;label=32;scalar=64";
    class       volVectorField;
    location    "0.0131872";
    object      U;
}
// * * * * * * * * * * * * * * * * * * * * * * * * * * * * * * * * * * * * * //

dimensions      [0 1 -1 0 0 0 0];

internalField   nonuniform List<vector> 
100
(
(2.82313e-14 0 0)
(1.39561e-11 0 0)
(6.65105e-09 0 0)
(2.33738e-06 0 0)
(0.000474085 0 0)
(0.0399173 0 0)
(0.972363 0 0)
(6.50251 0 0)
(17.5184 0 0)
(28.9695 0 0)
(38.2284 0 0)
(45.7387 0 0)
(52.4023 0 0)
(58.7589 0 0)
(65.0414 0 0)
(71.3257 0 0)
(77.626 0 0)
(83.9407 0 0)
(90.2657 0 0)
(96.6026 0 0)
(102.946 0 0)
(109.314 0 0)
(115.667 0 0)
(122.088 0 0)
(128.387 0 0)
(134.918 0 0)
(141 0 0)
(147.743 0 0)
(153.498 0 0)
(160.41 0 0)
(166.194 0 0)
(172.709 0 0)
(179.112 0 0)
(184.936 0 0)
(191.615 0 0)
(197.435 0 0)
(204.152 0 0)
(209.921 0 0)
(216.621 0 0)
(222.756 0 0)
(229.312 0 0)
(235.418 0 0)
(241.914 0 0)
(248.192 0 0)
(254.308 0 0)
(260.5 0 0)
(266.832 0 0)
(272.175 0 0)
(276.359 0 0)
(280.645 0 0)
(285.111 0 0)
(286.661 0 0)
(284.992 0 0)
(280.239 0 0)
(278.71 0 0)
(286.115 0 0)
(288.581 0 0)
(284.159 0 0)
(276.418 0 0)
(275.859 0 0)
(288.554 0 0)
(289.977 0 0)
(284.325 0 0)
(275.921 0 0)
(275.906 0 0)
(287.886 0 0)
(289.836 0 0)
(286.075 0 0)
(277.005 0 0)
(276.754 0 0)
(282.031 0 0)
(288.559 0 0)
(287.552 0 0)
(280.899 0 0)
(276.019 0 0)
(277.758 0 0)
(281.27 0 0)
(288.29 0 0)
(286.647 0 0)
(284.409 0 0)
(281.157 0 0)
(278.259 0 0)
(278.421 0 0)
(280.578 0 0)
(280.89 0 0)
(280.928 0 0)
(283.055 0 0)
(283.831 0 0)
(280.768 0 0)
(280.017 0 0)
(279.937 0 0)
(282.642 0 0)
(212.883 0 0)
(26.1424 0 0)
(-23.4681 0 0)
(-10.0303 0 0)
(4.77431 0 0)
(4.87002 0 0)
(1.94543 0 0)
(-4.78836 0 0)
)
;

boundaryField
{
    sides
    {
        type            fixedValue;
        value           uniform (0 0 0);
    }
    empty
    {
        type            empty;
    }
}


// ************************************************************************* //
