/*--------------------------------*- C++ -*----------------------------------*\
| =========                 |                                                 |
| \\      /  F ield         | OpenFOAM: The Open Source CFD Toolbox           |
|  \\    /   O peration     | Version:  2412                                  |
|   \\  /    A nd           | Website:  www.openfoam.com                      |
|    \\/     M anipulation  |                                                 |
\*---------------------------------------------------------------------------*/
FoamFile
{
    version     2.0;
    format      ascii;
    arch        "LSB;label=32;scalar=64";
    class       volVectorField;
    location    "0.0388869";
    object      U;
}
// * * * * * * * * * * * * * * * * * * * * * * * * * * * * * * * * * * * * * //

dimensions      [0 1 -1 0 0 0 0];

internalField   nonuniform List<vector> 
100
(
(1.6702 0 0)
(4.92734 0 0)
(8.19031 0 0)
(11.484 0 0)
(14.8208 0 0)
(18.2173 0 0)
(21.7387 0 0)
(25.2284 0 0)
(28.7051 0 0)
(32.1973 0 0)
(35.721 0 0)
(39.2022 0 0)
(42.6914 0 0)
(46.1144 0 0)
(49.5311 0 0)
(52.9355 0 0)
(56.3587 0 0)
(59.7585 0 0)
(63.1583 0 0)
(66.5522 0 0)
(69.9345 0 0)
(73.2696 0 0)
(76.5667 0 0)
(79.8509 0 0)
(83.1482 0 0)
(86.5546 0 0)
(90.3438 0 0)
(93.3779 0 0)
(23.5531 0 0)
(-147.409 0 0)
(-179.629 0 0)
(-175.266 0 0)
(-171.373 0 0)
(-170.502 0 0)
(-167.635 0 0)
(-158.57 0 0)
(-152.012 0 0)
(-149.841 0 0)
(-149.796 0 0)
(-153.455 0 0)
(-157.126 0 0)
(-157.048 0 0)
(-155.494 0 0)
(-151.717 0 0)
(-141.41 0 0)
(-129.551 0 0)
(-124.708 0 0)
(-123.454 0 0)
(-124.862 0 0)
(-127.727 0 0)
(-128.348 0 0)
(-127.467 0 0)
(-125.971 0 0)
(-122.409 0 0)
(-116.699 0 0)
(-112.788 0 0)
(-111.862 0 0)
(-111.71 0 0)
(-110.751 0 0)
(-107.707 0 0)
(-101.452 0 0)
(-96.1087 0 0)
(-94.4302 0 0)
(-94.2942 0 0)
(-95.2071 0 0)
(-92.7286 0 0)
(-90.0252 0 0)
(-82.6295 0 0)
(-78.0901 0 0)
(-77.1539 0 0)
(-78.7046 0 0)
(-83.5948 0 0)
(-81.4139 0 0)
(-80.1796 0 0)
(-70.4582 0 0)
(-61.5472 0 0)
(-56.9967 0 0)
(-54.031 0 0)
(-56.0705 0 0)
(-56.6062 0 0)
(-56.7214 0 0)
(-54.3805 0 0)
(-52.3477 0 0)
(-50.1914 0 0)
(-48.2354 0 0)
(-46.3048 0 0)
(-43.0108 0 0)
(-38.3866 0 0)
(-34.4398 0 0)
(-32.8763 0 0)
(-33.1524 0 0)
(-32.1942 0 0)
(-31.238 0 0)
(-30.4009 0 0)
(-26.1664 0 0)
(-22.047 0 0)
(-20.2153 0 0)
(-15.9217 0 0)
(-8.8001 0 0)
(-0.383081 0 0)
)
;

boundaryField
{
    sides
    {
        type            fixedValue;
        value           uniform (0 0 0);
    }
    empty
    {
        type            empty;
    }
}


// ************************************************************************* //
