/*--------------------------------*- C++ -*----------------------------------*\
| =========                 |                                                 |
| \\      /  F ield         | OpenFOAM: The Open Source CFD Toolbox           |
|  \\    /   O peration     | Version:  2412                                  |
|   \\  /    A nd           | Website:  www.openfoam.com                      |
|    \\/     M anipulation  |                                                 |
\*---------------------------------------------------------------------------*/
FoamFile
{
    version     2.0;
    format      ascii;
    arch        "LSB;label=32;scalar=64";
    class       volVectorField;
    location    "0.0380985";
    object      U;
}
// * * * * * * * * * * * * * * * * * * * * * * * * * * * * * * * * * * * * * //

dimensions      [0 1 -1 0 0 0 0];

internalField   nonuniform List<vector> 
100
(
(1.71723 0 0)
(5.19597 0 0)
(8.61431 0 0)
(11.9878 0 0)
(15.2689 0 0)
(18.7439 0 0)
(22.0032 0 0)
(25.7096 0 0)
(29.1854 0 0)
(32.9159 0 0)
(36.5198 0 0)
(40.1106 0 0)
(43.8266 0 0)
(47.285 0 0)
(50.9949 0 0)
(54.3798 0 0)
(58.0058 0 0)
(61.3501 0 0)
(64.8147 0 0)
(68.1704 0 0)
(71.5272 0 0)
(74.8959 0 0)
(78.329 0 0)
(81.7712 0 0)
(85.2273 0 0)
(88.6817 0 0)
(92.1302 0 0)
(95.5471 0 0)
(99.0292 0 0)
(102.856 0 0)
(104.772 0 0)
(5.53861 0 0)
(-147.239 0 0)
(-167.675 0 0)
(-161.183 0 0)
(-158.08 0 0)
(-160.524 0 0)
(-159.475 0 0)
(-153.268 0 0)
(-144.056 0 0)
(-139.939 0 0)
(-138.85 0 0)
(-139.423 0 0)
(-142.562 0 0)
(-144.343 0 0)
(-143.657 0 0)
(-141.728 0 0)
(-135.991 0 0)
(-124.046 0 0)
(-115.586 0 0)
(-112.397 0 0)
(-112.45 0 0)
(-114.289 0 0)
(-115.565 0 0)
(-114.988 0 0)
(-113.847 0 0)
(-111.586 0 0)
(-107.153 0 0)
(-102.16 0 0)
(-100.115 0 0)
(-99.264 0 0)
(-98.4353 0 0)
(-96.6802 0 0)
(-90.9273 0 0)
(-85.8038 0 0)
(-81.5333 0 0)
(-82.7117 0 0)
(-82.0002 0 0)
(-80.711 0 0)
(-78.468 0 0)
(-71.2301 0 0)
(-67.9078 0 0)
(-63.1408 0 0)
(-67.3616 0 0)
(-69.7944 0 0)
(-68.657 0 0)
(-66.4722 0 0)
(-58.102 0 0)
(-49.8303 0 0)
(-43.4567 0 0)
(-42.9461 0 0)
(-44.1986 0 0)
(-46.0937 0 0)
(-46.0467 0 0)
(-43.1821 0 0)
(-39.5498 0 0)
(-35.9322 0 0)
(-34.0713 0 0)
(-32.4471 0 0)
(-31.281 0 0)
(-29.9031 0 0)
(-27.6983 0 0)
(-24.9884 0 0)
(-17.3777 0 0)
(-8.69718 0 0)
(3.33572 0 0)
(13.7039 0 0)
(16.2854 0 0)
(16.8058 0 0)
(7.27106 0 0)
)
;

boundaryField
{
    sides
    {
        type            fixedValue;
        value           uniform (0 0 0);
    }
    empty
    {
        type            empty;
    }
}


// ************************************************************************* //
