/*--------------------------------*- C++ -*----------------------------------*\
| =========                 |                                                 |
| \\      /  F ield         | OpenFOAM: The Open Source CFD Toolbox           |
|  \\    /   O peration     | Version:  2412                                  |
|   \\  /    A nd           | Website:  www.openfoam.com                      |
|    \\/     M anipulation  |                                                 |
\*---------------------------------------------------------------------------*/
FoamFile
{
    version     2.0;
    format      ascii;
    arch        "LSB;label=32;scalar=64";
    class       volVectorField;
    location    "0.0533701";
    object      U;
}
// * * * * * * * * * * * * * * * * * * * * * * * * * * * * * * * * * * * * * //

dimensions      [0 1 -1 0 0 0 0];

internalField   nonuniform List<vector> 
100
(
(-0.708268 0 0)
(6.2205 0 0)
(3.33866 0 0)
(1.31606 0 0)
(-10.5742 0 0)
(-15.8874 0 0)
(-15.6045 0 0)
(-7.41742 0 0)
(4.59407 0 0)
(14.8889 0 0)
(21.5125 0 0)
(20.13 0 0)
(9.59952 0 0)
(-8.03217 0 0)
(-24.8619 0 0)
(-21.2975 0 0)
(-12.809 0 0)
(-62.6744 0 0)
(-192.374 0 0)
(-224.121 0 0)
(-220.734 0 0)
(-218.222 0 0)
(-217.437 0 0)
(-219.167 0 0)
(-223.11 0 0)
(-222.899 0 0)
(-221.181 0 0)
(-216.426 0 0)
(-208.053 0 0)
(-204.404 0 0)
(-203.408 0 0)
(-215.924 0 0)
(-236.099 0 0)
(-238.847 0 0)
(-237.097 0 0)
(-235.066 0 0)
(-228.123 0 0)
(-202.557 0 0)
(-176.793 0 0)
(-168.185 0 0)
(-165.779 0 0)
(-165.116 0 0)
(-164.186 0 0)
(-162.588 0 0)
(-158.611 0 0)
(-153.848 0 0)
(-151.379 0 0)
(-150.454 0 0)
(-149.573 0 0)
(-149.154 0 0)
(-149.806 0 0)
(-150.392 0 0)
(-149.917 0 0)
(-148.878 0 0)
(-146.59 0 0)
(-140.245 0 0)
(-129.428 0 0)
(-122.057 0 0)
(-118.116 0 0)
(-115.91 0 0)
(-115.029 0 0)
(-114.342 0 0)
(-114.075 0 0)
(-113.844 0 0)
(-113.033 0 0)
(-110.563 0 0)
(-105.581 0 0)
(-99.6976 0 0)
(-95.4337 0 0)
(-92.0608 0 0)
(-89.5538 0 0)
(-86.9765 0 0)
(-84.1817 0 0)
(-80.7354 0 0)
(-77.7618 0 0)
(-74.2828 0 0)
(-71.5243 0 0)
(-68.2062 0 0)
(-65.1793 0 0)
(-62.3077 0 0)
(-58.9242 0 0)
(-56.9579 0 0)
(-53.4694 0 0)
(-50.9118 0 0)
(-47.5669 0 0)
(-44.2208 0 0)
(-40.9791 0 0)
(-37.1385 0 0)
(-34.5985 0 0)
(-31.3215 0 0)
(-28.9533 0 0)
(-25.9202 0 0)
(-23.3071 0 0)
(-20.1217 0 0)
(-16.9815 0 0)
(-13.7498 0 0)
(-10.2803 0 0)
(-7.38728 0 0)
(-4.06672 0 0)
(-1.82143 0 0)
)
;

boundaryField
{
    sides
    {
        type            fixedValue;
        value           uniform (0 0 0);
    }
    empty
    {
        type            empty;
    }
}


// ************************************************************************* //
