/*--------------------------------*- C++ -*----------------------------------*\
| =========                 |                                                 |
| \\      /  F ield         | OpenFOAM: The Open Source CFD Toolbox           |
|  \\    /   O peration     | Version:  2412                                  |
|   \\  /    A nd           | Website:  www.openfoam.com                      |
|    \\/     M anipulation  |                                                 |
\*---------------------------------------------------------------------------*/
FoamFile
{
    version     2.0;
    format      ascii;
    arch        "LSB;label=32;scalar=64";
    class       volVectorField;
    location    "0.0217542";
    object      U;
}
// * * * * * * * * * * * * * * * * * * * * * * * * * * * * * * * * * * * * * //

dimensions      [0 1 -1 0 0 0 0];

internalField   nonuniform List<vector> 
100
(
(3.41467 0 0)
(10.3249 0 0)
(17.1739 0 0)
(24.0182 0 0)
(30.8954 0 0)
(37.7616 0 0)
(44.6528 0 0)
(51.5117 0 0)
(58.3497 0 0)
(65.2103 0 0)
(72.0395 0 0)
(78.9952 0 0)
(85.7612 0 0)
(92.7392 0 0)
(99.2499 0 0)
(106.218 0 0)
(112.378 0 0)
(119.088 0 0)
(125.485 0 0)
(132.485 0 0)
(139.601 0 0)
(147.016 0 0)
(155.382 0 0)
(163.727 0 0)
(173.208 0 0)
(183.697 0 0)
(197.527 0 0)
(208.187 0 0)
(213.6 0 0)
(216.671 0 0)
(219.413 0 0)
(221.168 0 0)
(223.507 0 0)
(226.498 0 0)
(229.845 0 0)
(233.714 0 0)
(238.922 0 0)
(243.698 0 0)
(247.411 0 0)
(250.996 0 0)
(254.658 0 0)
(258.464 0 0)
(262.466 0 0)
(266.221 0 0)
(269.578 0 0)
(273.578 0 0)
(277.115 0 0)
(279.784 0 0)
(282.195 0 0)
(283.985 0 0)
(284.196 0 0)
(283.802 0 0)
(283.509 0 0)
(282.961 0 0)
(282.471 0 0)
(283.539 0 0)
(284.71 0 0)
(283.274 0 0)
(280.704 0 0)
(281.398 0 0)
(286.791 0 0)
(288.251 0 0)
(279.393 0 0)
(276.463 0 0)
(283.112 0 0)
(291.204 0 0)
(289.181 0 0)
(273.736 0 0)
(270.925 0 0)
(283.704 0 0)
(292.702 0 0)
(288.033 0 0)
(273.534 0 0)
(266.288 0 0)
(195.207 0 0)
(37.248 0 0)
(1.44473 0 0)
(17.8507 0 0)
(24.8259 0 0)
(10.8048 0 0)
(19.7214 0 0)
(13.9401 0 0)
(11.19 0 0)
(17.5114 0 0)
(10.5833 0 0)
(5.63198 0 0)
(-2.27764 0 0)
(-8.50689 0 0)
(-16.5628 0 0)
(-13.4737 0 0)
(-8.28085 0 0)
(-0.708401 0 0)
(6.2704 0 0)
(11.4082 0 0)
(12.1173 0 0)
(8.1239 0 0)
(2.30562 0 0)
(-7.48579 0 0)
(-9.872 0 0)
(-1.94715 0 0)
)
;

boundaryField
{
    sides
    {
        type            fixedValue;
        value           uniform (0 0 0);
    }
    empty
    {
        type            empty;
    }
}


// ************************************************************************* //
