/*--------------------------------*- C++ -*----------------------------------*\
| =========                 |                                                 |
| \\      /  F ield         | OpenFOAM: The Open Source CFD Toolbox           |
|  \\    /   O peration     | Version:  2412                                  |
|   \\  /    A nd           | Website:  www.openfoam.com                      |
|    \\/     M anipulation  |                                                 |
\*---------------------------------------------------------------------------*/
FoamFile
{
    version     2.0;
    format      ascii;
    arch        "LSB;label=32;scalar=64";
    class       volVectorField;
    location    "0.0506425";
    object      U;
}
// * * * * * * * * * * * * * * * * * * * * * * * * * * * * * * * * * * * * * //

dimensions      [0 1 -1 0 0 0 0];

internalField   nonuniform List<vector> 
100
(
(15.1639 0 0)
(-0.799581 0 0)
(0.174455 0 0)
(2.7312 0 0)
(3.72025 0 0)
(-4.47075 0 0)
(-14.9788 0 0)
(-19.5638 0 0)
(-22.1798 0 0)
(0.244811 0 0)
(1.36693 0 0)
(-107.333 0 0)
(-220.089 0 0)
(-223.448 0 0)
(-234.401 0 0)
(-245.521 0 0)
(-245.936 0 0)
(-244.084 0 0)
(-238.106 0 0)
(-218.122 0 0)
(-204.966 0 0)
(-201.553 0 0)
(-200.262 0 0)
(-199.828 0 0)
(-206.056 0 0)
(-217.499 0 0)
(-219.305 0 0)
(-217.919 0 0)
(-214.725 0 0)
(-209.701 0 0)
(-205.598 0 0)
(-203.466 0 0)
(-200.989 0 0)
(-196.722 0 0)
(-192.078 0 0)
(-189.84 0 0)
(-188.609 0 0)
(-189.512 0 0)
(-192.083 0 0)
(-192.007 0 0)
(-190.347 0 0)
(-185.611 0 0)
(-178.229 0 0)
(-174.766 0 0)
(-174.072 0 0)
(-184.844 0 0)
(-201.877 0 0)
(-204.645 0 0)
(-203.173 0 0)
(-200.599 0 0)
(-190.957 0 0)
(-166.319 0 0)
(-147.57 0 0)
(-140.334 0 0)
(-137.006 0 0)
(-134.824 0 0)
(-132.159 0 0)
(-128.571 0 0)
(-124.977 0 0)
(-122.915 0 0)
(-122.039 0 0)
(-121.366 0 0)
(-121.065 0 0)
(-121.036 0 0)
(-120.467 0 0)
(-119.141 0 0)
(-115.527 0 0)
(-108.379 0 0)
(-100.744 0 0)
(-95.0897 0 0)
(-91.1777 0 0)
(-87.8175 0 0)
(-86.566 0 0)
(-85.6151 0 0)
(-85.094 0 0)
(-83.5288 0 0)
(-80.5697 0 0)
(-76.8436 0 0)
(-71.5045 0 0)
(-67.6436 0 0)
(-63.1636 0 0)
(-60.6756 0 0)
(-57.2452 0 0)
(-54.5123 0 0)
(-51.0965 0 0)
(-47.502 0 0)
(-44.4994 0 0)
(-40.0261 0 0)
(-37.205 0 0)
(-33.9732 0 0)
(-31.4456 0 0)
(-27.9491 0 0)
(-24.8754 0 0)
(-21.2199 0 0)
(-17.6612 0 0)
(-14.3173 0 0)
(-10.7544 0 0)
(-7.73026 0 0)
(-4.18779 0 0)
(-1.64831 0 0)
)
;

boundaryField
{
    sides
    {
        type            fixedValue;
        value           uniform (0 0 0);
    }
    empty
    {
        type            empty;
    }
}


// ************************************************************************* //
