/*--------------------------------*- C++ -*----------------------------------*\
| =========                 |                                                 |
| \\      /  F ield         | OpenFOAM: The Open Source CFD Toolbox           |
|  \\    /   O peration     | Version:  2412                                  |
|   \\  /    A nd           | Website:  www.openfoam.com                      |
|    \\/     M anipulation  |                                                 |
\*---------------------------------------------------------------------------*/
FoamFile
{
    version     2.0;
    format      ascii;
    arch        "LSB;label=32;scalar=64";
    class       volVectorField;
    location    "0.0386523";
    object      U;
}
// * * * * * * * * * * * * * * * * * * * * * * * * * * * * * * * * * * * * * //

dimensions      [0 1 -1 0 0 0 0];

internalField   nonuniform List<vector> 
100
(
(1.69516 0 0)
(5.0251 0 0)
(8.31306 0 0)
(11.6278 0 0)
(14.9512 0 0)
(18.3119 0 0)
(21.7922 0 0)
(25.3011 0 0)
(28.7499 0 0)
(32.3904 0 0)
(35.9568 0 0)
(39.4797 0 0)
(43.1099 0 0)
(46.5073 0 0)
(49.9721 0 0)
(53.4124 0 0)
(56.8324 0 0)
(60.2344 0 0)
(63.6608 0 0)
(67.0532 0 0)
(70.4237 0 0)
(73.7491 0 0)
(77.0543 0 0)
(80.3871 0 0)
(83.76 0 0)
(87.1369 0 0)
(90.6012 0 0)
(94.4146 0 0)
(96.3706 0 0)
(-1.905 0 0)
(-155.128 0 0)
(-176.096 0 0)
(-170.505 0 0)
(-167.476 0 0)
(-167.702 0 0)
(-165.008 0 0)
(-155.989 0 0)
(-149.021 0 0)
(-146.697 0 0)
(-146.502 0 0)
(-149.509 0 0)
(-153.173 0 0)
(-153.374 0 0)
(-151.872 0 0)
(-148.478 0 0)
(-138.85 0 0)
(-126.793 0 0)
(-121.596 0 0)
(-120.158 0 0)
(-121.37 0 0)
(-123.927 0 0)
(-124.535 0 0)
(-123.619 0 0)
(-122.348 0 0)
(-118.847 0 0)
(-113.348 0 0)
(-109.284 0 0)
(-108.353 0 0)
(-107.815 0 0)
(-107.249 0 0)
(-103.861 0 0)
(-97.862 0 0)
(-92.6754 0 0)
(-90.4821 0 0)
(-91.2886 0 0)
(-90.3644 0 0)
(-90.4128 0 0)
(-85.0003 0 0)
(-78.9208 0 0)
(-74.5199 0 0)
(-72.4159 0 0)
(-77.0773 0 0)
(-78.4466 0 0)
(-79.508 0 0)
(-74.2954 0 0)
(-66.2802 0 0)
(-57.8362 0 0)
(-51.2566 0 0)
(-51.8389 0 0)
(-51.7235 0 0)
(-52.8537 0 0)
(-52.378 0 0)
(-51.6091 0 0)
(-49.6113 0 0)
(-47.0463 0 0)
(-44.8615 0 0)
(-41.115 0 0)
(-36.9354 0 0)
(-33.4467 0 0)
(-30.943 0 0)
(-31.0284 0 0)
(-31.247 0 0)
(-31.0321 0 0)
(-30.0543 0 0)
(-24.5992 0 0)
(-16.6326 0 0)
(-7.07316 0 0)
(1.46533 0 0)
(2.88143 0 0)
(3.89431 0 0)
)
;

boundaryField
{
    sides
    {
        type            fixedValue;
        value           uniform (0 0 0);
    }
    empty
    {
        type            empty;
    }
}


// ************************************************************************* //
