/*--------------------------------*- C++ -*----------------------------------*\
| =========                 |                                                 |
| \\      /  F ield         | OpenFOAM: The Open Source CFD Toolbox           |
|  \\    /   O peration     | Version:  2412                                  |
|   \\  /    A nd           | Website:  www.openfoam.com                      |
|    \\/     M anipulation  |                                                 |
\*---------------------------------------------------------------------------*/
FoamFile
{
    version     2.0;
    format      ascii;
    arch        "LSB;label=32;scalar=64";
    class       volVectorField;
    location    "0.0306791";
    object      U;
}
// * * * * * * * * * * * * * * * * * * * * * * * * * * * * * * * * * * * * * //

dimensions      [0 1 -1 0 0 0 0];

internalField   nonuniform List<vector> 
100
(
(2.21302 0 0)
(6.7139 0 0)
(11.1639 0 0)
(15.6855 0 0)
(20.1054 0 0)
(24.6936 0 0)
(29.011 0 0)
(33.7177 0 0)
(37.9137 0 0)
(42.7343 0 0)
(46.8375 0 0)
(51.6133 0 0)
(55.8528 0 0)
(60.4514 0 0)
(64.9884 0 0)
(69.3543 0 0)
(74.0857 0 0)
(78.3238 0 0)
(83.1358 0 0)
(87.3776 0 0)
(92.1684 0 0)
(96.4813 0 0)
(101.203 0 0)
(105.602 0 0)
(110.252 0 0)
(114.703 0 0)
(119.297 0 0)
(123.781 0 0)
(128.343 0 0)
(132.855 0 0)
(137.396 0 0)
(141.906 0 0)
(146.417 0 0)
(150.912 0 0)
(155.399 0 0)
(159.878 0 0)
(164.367 0 0)
(168.848 0 0)
(173.292 0 0)
(177.65 0 0)
(182.034 0 0)
(186.366 0 0)
(190.532 0 0)
(194.633 0 0)
(198.664 0 0)
(202.26 0 0)
(205.15 0 0)
(207.24 0 0)
(209.178 0 0)
(211.17 0 0)
(212.63 0 0)
(214.13 0 0)
(216.285 0 0)
(219.179 0 0)
(214.983 0 0)
(60.5495 0 0)
(-60.0245 0 0)
(-68.9845 0 0)
(-56.0903 0 0)
(-49.5019 0 0)
(-50.8905 0 0)
(-45.9637 0 0)
(-41.4146 0 0)
(-28.7802 0 0)
(-26.5304 0 0)
(-26.8977 0 0)
(-29.7894 0 0)
(-32.4671 0 0)
(-17.0297 0 0)
(-5.86477 0 0)
(9.7264 0 0)
(11.0247 0 0)
(10.3289 0 0)
(6.01551 0 0)
(-4.40983 0 0)
(-3.81017 0 0)
(-6.21685 0 0)
(0.458893 0 0)
(3.96318 0 0)
(3.17091 0 0)
(4.09729 0 0)
(0.326349 0 0)
(-2.1134 0 0)
(-2.20233 0 0)
(-0.774401 0 0)
(0.936497 0 0)
(1.38006 0 0)
(1.24323 0 0)
(-1.94804 0 0)
(-1.87055 0 0)
(-1.22115 0 0)
(-0.483217 0 0)
(-1.79798 0 0)
(-2.15914 0 0)
(-1.36703 0 0)
(1.02906 0 0)
(4.14526 0 0)
(4.94239 0 0)
(5.13562 0 0)
(0.863026 0 0)
)
;

boundaryField
{
    sides
    {
        type            fixedValue;
        value           uniform (0 0 0);
    }
    empty
    {
        type            empty;
    }
}


// ************************************************************************* //
