/*--------------------------------*- C++ -*----------------------------------*\
| =========                 |                                                 |
| \\      /  F ield         | OpenFOAM: The Open Source CFD Toolbox           |
|  \\    /   O peration     | Version:  2412                                  |
|   \\  /    A nd           | Website:  www.openfoam.com                      |
|    \\/     M anipulation  |                                                 |
\*---------------------------------------------------------------------------*/
FoamFile
{
    version     2.0;
    format      ascii;
    arch        "LSB;label=32;scalar=64";
    class       volVectorField;
    location    "0.0180458";
    object      U;
}
// * * * * * * * * * * * * * * * * * * * * * * * * * * * * * * * * * * * * * //

dimensions      [0 1 -1 0 0 0 0];

internalField   nonuniform List<vector> 
100
(
(4.09994 0 0)
(12.7394 0 0)
(21.0109 0 0)
(29.3626 0 0)
(38.441 0 0)
(48.1274 0 0)
(59.0982 0 0)
(71.3823 0 0)
(84.0935 0 0)
(95.757 0 0)
(105.368 0 0)
(113.268 0 0)
(118.366 0 0)
(121.999 0 0)
(125.612 0 0)
(129.834 0 0)
(134.512 0 0)
(139.501 0 0)
(144.14 0 0)
(149.058 0 0)
(153.351 0 0)
(158.368 0 0)
(162.602 0 0)
(167.603 0 0)
(172.078 0 0)
(176.745 0 0)
(181.527 0 0)
(185.909 0 0)
(190.806 0 0)
(195.094 0 0)
(200.06 0 0)
(204.376 0 0)
(209.279 0 0)
(213.732 0 0)
(218.611 0 0)
(223.155 0 0)
(227.922 0 0)
(232.551 0 0)
(237.32 0 0)
(242.006 0 0)
(246.667 0 0)
(251.233 0 0)
(255.845 0 0)
(260.568 0 0)
(265.067 0 0)
(269.098 0 0)
(273.56 0 0)
(277.771 0 0)
(280.688 0 0)
(283.019 0 0)
(284.329 0 0)
(284.273 0 0)
(283.991 0 0)
(283.87 0 0)
(281.91 0 0)
(280.703 0 0)
(284.306 0 0)
(286.995 0 0)
(284.735 0 0)
(278.138 0 0)
(276.845 0 0)
(288.254 0 0)
(290.669 0 0)
(283.839 0 0)
(274.407 0 0)
(274.624 0 0)
(290.772 0 0)
(291.56 0 0)
(283.766 0 0)
(273.341 0 0)
(273.559 0 0)
(289.195 0 0)
(291.272 0 0)
(286.37 0 0)
(274.349 0 0)
(274.136 0 0)
(281.433 0 0)
(290.337 0 0)
(289.084 0 0)
(278.351 0 0)
(276.053 0 0)
(269.779 0 0)
(113.009 0 0)
(21.292 0 0)
(-7.38727 0 0)
(15.571 0 0)
(34.2701 0 0)
(24.0287 0 0)
(12.6454 0 0)
(7.34888 0 0)
(2.46844 0 0)
(3.99271 0 0)
(11.8928 0 0)
(17.1645 0 0)
(18.1866 0 0)
(18.5453 0 0)
(19.2734 0 0)
(19.0611 0 0)
(16.6461 0 0)
(6.8672 0 0)
)
;

boundaryField
{
    sides
    {
        type            fixedValue;
        value           uniform (0 0 0);
    }
    empty
    {
        type            empty;
    }
}


// ************************************************************************* //
