/*--------------------------------*- C++ -*----------------------------------*\
| =========                 |                                                 |
| \\      /  F ield         | OpenFOAM: The Open Source CFD Toolbox           |
|  \\    /   O peration     | Version:  2412                                  |
|   \\  /    A nd           | Website:  www.openfoam.com                      |
|    \\/     M anipulation  |                                                 |
\*---------------------------------------------------------------------------*/
FoamFile
{
    version     2.0;
    format      ascii;
    arch        "LSB;label=32;scalar=64";
    class       volVectorField;
    location    "0.0325194";
    object      U;
}
// * * * * * * * * * * * * * * * * * * * * * * * * * * * * * * * * * * * * * //

dimensions      [0 1 -1 0 0 0 0];

internalField   nonuniform List<vector> 
100
(
(2.06515 0 0)
(6.27736 0 0)
(10.4092 0 0)
(14.6617 0 0)
(18.7299 0 0)
(23.0498 0 0)
(26.9867 0 0)
(31.443 0 0)
(35.2709 0 0)
(39.8127 0 0)
(43.6652 0 0)
(48.1264 0 0)
(52.2168 0 0)
(56.4311 0 0)
(60.7855 0 0)
(64.7879 0 0)
(69.2639 0 0)
(73.1634 0 0)
(77.6592 0 0)
(81.5838 0 0)
(86.0032 0 0)
(90.0096 0 0)
(94.3613 0 0)
(98.4623 0 0)
(102.78 0 0)
(106.949 0 0)
(111.221 0 0)
(115.41 0 0)
(119.644 0 0)
(123.838 0 0)
(128.048 0 0)
(132.24 0 0)
(136.434 0 0)
(140.614 0 0)
(144.803 0 0)
(148.972 0 0)
(153.154 0 0)
(157.227 0 0)
(161.283 0 0)
(165.364 0 0)
(169.251 0 0)
(173.111 0 0)
(176.919 0 0)
(180.361 0 0)
(183.31 0 0)
(185.594 0 0)
(187.307 0 0)
(189.456 0 0)
(191.851 0 0)
(165.051 0 0)
(-24.0574 0 0)
(-98.0887 0 0)
(-94.894 0 0)
(-82.717 0 0)
(-75.7874 0 0)
(-72.4779 0 0)
(-67.4341 0 0)
(-64.1927 0 0)
(-63.4701 0 0)
(-62.898 0 0)
(-62.5044 0 0)
(-58.3623 0 0)
(-55.7356 0 0)
(-48.6006 0 0)
(-48.0256 0 0)
(-46.4743 0 0)
(-46.0132 0 0)
(-46.4307 0 0)
(-40.5436 0 0)
(-41.4281 0 0)
(-33.7997 0 0)
(-29.9811 0 0)
(-24.1164 0 0)
(-19.5008 0 0)
(-18.0327 0 0)
(-5.84987 0 0)
(2.73133 0 0)
(8.25358 0 0)
(7.84148 0 0)
(6.15679 0 0)
(2.06542 0 0)
(-1.57133 0 0)
(-2.00642 0 0)
(-1.56147 0 0)
(0.0352913 0 0)
(1.63244 0 0)
(1.03639 0 0)
(0.162377 0 0)
(-2.71525 0 0)
(-2.36253 0 0)
(0.198649 0 0)
(3.57609 0 0)
(3.33353 0 0)
(1.79528 0 0)
(-0.317309 0 0)
(-3.24177 0 0)
(-3.82065 0 0)
(-3.3935 0 0)
(-2.09291 0 0)
(-2.83139 0 0)
)
;

boundaryField
{
    sides
    {
        type            fixedValue;
        value           uniform (0 0 0);
    }
    empty
    {
        type            empty;
    }
}


// ************************************************************************* //
