/*--------------------------------*- C++ -*----------------------------------*\
| =========                 |                                                 |
| \\      /  F ield         | OpenFOAM: The Open Source CFD Toolbox           |
|  \\    /   O peration     | Version:  2412                                  |
|   \\  /    A nd           | Website:  www.openfoam.com                      |
|    \\/     M anipulation  |                                                 |
\*---------------------------------------------------------------------------*/
FoamFile
{
    version     2.0;
    format      ascii;
    arch        "LSB;label=32;scalar=64";
    class       volVectorField;
    location    "0.0329178";
    object      U;
}
// * * * * * * * * * * * * * * * * * * * * * * * * * * * * * * * * * * * * * //

dimensions      [0 1 -1 0 0 0 0];

internalField   nonuniform List<vector> 
100
(
(2.03073 0 0)
(6.18724 0 0)
(10.253 0 0)
(14.4491 0 0)
(18.4506 0 0)
(22.7282 0 0)
(26.5966 0 0)
(31.0099 0 0)
(34.7795 0 0)
(39.2558 0 0)
(43.053 0 0)
(47.4298 0 0)
(51.4786 0 0)
(55.6155 0 0)
(59.9295 0 0)
(63.8553 0 0)
(68.2801 0 0)
(72.1261 0 0)
(76.5678 0 0)
(80.4486 0 0)
(84.822 0 0)
(88.7701 0 0)
(93.0391 0 0)
(97.059 0 0)
(101.287 0 0)
(105.388 0 0)
(109.598 0 0)
(113.733 0 0)
(117.903 0 0)
(122.032 0 0)
(126.172 0 0)
(130.298 0 0)
(134.432 0 0)
(138.555 0 0)
(142.688 0 0)
(146.785 0 0)
(150.885 0 0)
(154.862 0 0)
(158.826 0 0)
(162.855 0 0)
(166.673 0 0)
(170.425 0 0)
(174.078 0 0)
(177.277 0 0)
(179.943 0 0)
(182.036 0 0)
(183.93 0 0)
(186.235 0 0)
(130.573 0 0)
(-59.7976 0 0)
(-105.193 0 0)
(-97.8757 0 0)
(-85.9393 0 0)
(-80.7266 0 0)
(-76.2097 0 0)
(-72.1334 0 0)
(-70.1331 0 0)
(-70.3587 0 0)
(-70.4529 0 0)
(-69.543 0 0)
(-66.1023 0 0)
(-59.663 0 0)
(-57.0822 0 0)
(-51.774 0 0)
(-51.9625 0 0)
(-50.5912 0 0)
(-50.7086 0 0)
(-52.6452 0 0)
(-45.9606 0 0)
(-42.2211 0 0)
(-30.0949 0 0)
(-27.239 0 0)
(-25.3106 0 0)
(-27.541 0 0)
(-30.7282 0 0)
(-22.7266 0 0)
(-14.5435 0 0)
(1.30377 0 0)
(8.60182 0 0)
(9.22808 0 0)
(7.14995 0 0)
(2.09868 0 0)
(-0.475963 0 0)
(0.175912 0 0)
(1.90754 0 0)
(1.87854 0 0)
(0.110293 0 0)
(-1.80541 0 0)
(-2.93622 0 0)
(-0.743971 0 0)
(1.20895 0 0)
(2.37782 0 0)
(0.315068 0 0)
(-2.56733 0 0)
(-4.03547 0 0)
(-3.20287 0 0)
(0.272558 0 0)
(3.29289 0 0)
(4.69817 0 0)
(1.03529 0 0)
)
;

boundaryField
{
    sides
    {
        type            fixedValue;
        value           uniform (0 0 0);
    }
    empty
    {
        type            empty;
    }
}


// ************************************************************************* //
