/*--------------------------------*- C++ -*----------------------------------*\
| =========                 |                                                 |
| \\      /  F ield         | OpenFOAM: The Open Source CFD Toolbox           |
|  \\    /   O peration     | Version:  2412                                  |
|   \\  /    A nd           | Website:  www.openfoam.com                      |
|    \\/     M anipulation  |                                                 |
\*---------------------------------------------------------------------------*/
FoamFile
{
    version     2.0;
    format      ascii;
    arch        "LSB;label=32;scalar=64";
    class       volVectorField;
    location    "0.0089427";
    object      U;
}
// * * * * * * * * * * * * * * * * * * * * * * * * * * * * * * * * * * * * * //

dimensions      [0 1 -1 0 0 0 0];

internalField   nonuniform List<vector> 
100
(
(3.48556e-14 0 0)
(3.13989e-14 0 0)
(1.43311e-14 0 0)
(-6.52793e-14 0 0)
(-2.34612e-14 0 0)
(9.94623e-14 0 0)
(3.10122e-14 0 0)
(4.60948e-14 0 0)
(7.55107e-15 0 0)
(1.85266e-14 0 0)
(5.81885e-14 0 0)
(7.18579e-14 0 0)
(-2.42171e-14 0 0)
(-5.6722e-14 0 0)
(9.32383e-13 0 0)
(5.20835e-10 0 0)
(2.13854e-07 0 0)
(5.68843e-05 0 0)
(0.00731205 0 0)
(0.318348 0 0)
(3.66363 0 0)
(14.0758 0 0)
(28.2088 0 0)
(41.1757 0 0)
(52.1521 0 0)
(61.9697 0 0)
(71.3165 0 0)
(80.5233 0 0)
(89.694 0 0)
(98.9074 0 0)
(108.073 0 0)
(117.439 0 0)
(126.446 0 0)
(136.161 0 0)
(144.658 0 0)
(154.809 0 0)
(163.044 0 0)
(172.512 0 0)
(181.917 0 0)
(189.905 0 0)
(199.797 0 0)
(208.244 0 0)
(217.981 0 0)
(226.54 0 0)
(235.664 0 0)
(244.797 0 0)
(254.873 0 0)
(264.066 0 0)
(269.25 0 0)
(275.37 0 0)
(282.57 0 0)
(289.125 0 0)
(289.155 0 0)
(279.244 0 0)
(277.291 0 0)
(282.559 0 0)
(289.446 0 0)
(288.52 0 0)
(277.41 0 0)
(276.661 0 0)
(281.588 0 0)
(287.969 0 0)
(287.793 0 0)
(279.819 0 0)
(278.037 0 0)
(279.848 0 0)
(287.952 0 0)
(287.908 0 0)
(286.599 0 0)
(281.135 0 0)
(277.598 0 0)
(278.641 0 0)
(280.358 0 0)
(279.803 0 0)
(280.579 0 0)
(283.391 0 0)
(284.132 0 0)
(281.191 0 0)
(279.547 0 0)
(279.706 0 0)
(280.387 0 0)
(282.832 0 0)
(283.732 0 0)
(283.289 0 0)
(280.452 0 0)
(277.037 0 0)
(276.58 0 0)
(276.752 0 0)
(277.887 0 0)
(280.771 0 0)
(290.138 0 0)
(296.742 0 0)
(275.365 0 0)
(119.649 0 0)
(2.77563 0 0)
(0.00304273 0 0)
(5.30763e-07 0 0)
(5.03007e-11 0 0)
(2.49239e-14 0 0)
(1.14479e-13 0 0)
)
;

boundaryField
{
    sides
    {
        type            fixedValue;
        value           uniform (0 0 0);
    }
    empty
    {
        type            empty;
    }
}


// ************************************************************************* //
