/*--------------------------------*- C++ -*----------------------------------*\
| =========                 |                                                 |
| \\      /  F ield         | OpenFOAM: The Open Source CFD Toolbox           |
|  \\    /   O peration     | Version:  2412                                  |
|   \\  /    A nd           | Website:  www.openfoam.com                      |
|    \\/     M anipulation  |                                                 |
\*---------------------------------------------------------------------------*/
FoamFile
{
    version     2.0;
    format      ascii;
    arch        "LSB;label=32;scalar=64";
    class       volVectorField;
    location    "0.0325985";
    object      U;
}
// * * * * * * * * * * * * * * * * * * * * * * * * * * * * * * * * * * * * * //

dimensions      [0 1 -1 0 0 0 0];

internalField   nonuniform List<vector> 
100
(
(2.05802 0 0)
(6.25872 0 0)
(10.3775 0 0)
(14.6192 0 0)
(18.6744 0 0)
(22.9858 0 0)
(26.9083 0 0)
(31.3551 0 0)
(35.1708 0 0)
(39.6998 0 0)
(43.5417 0 0)
(47.9864 0 0)
(52.0684 0 0)
(56.2672 0 0)
(60.6138 0 0)
(64.6008 0 0)
(69.0666 0 0)
(72.9559 0 0)
(77.4419 0 0)
(81.3574 0 0)
(85.7666 0 0)
(89.7596 0 0)
(94.0926 0 0)
(98.1774 0 0)
(102.479 0 0)
(106.635 0 0)
(110.896 0 0)
(115.074 0 0)
(119.295 0 0)
(123.475 0 0)
(127.671 0 0)
(131.851 0 0)
(136.032 0 0)
(140.201 0 0)
(144.378 0 0)
(148.533 0 0)
(152.7 0 0)
(156.752 0 0)
(160.79 0 0)
(164.864 0 0)
(168.736 0 0)
(172.571 0 0)
(176.354 0 0)
(179.75 0 0)
(182.648 0 0)
(184.889 0 0)
(186.568 0 0)
(188.817 0 0)
(191.018 0 0)
(129.051 0 0)
(-58.5977 0 0)
(-100.698 0 0)
(-92.8313 0 0)
(-81.834 0 0)
(-75.9052 0 0)
(-72.2575 0 0)
(-67.411 0 0)
(-65.1087 0 0)
(-64.8357 0 0)
(-64.4772 0 0)
(-63.7168 0 0)
(-58.8549 0 0)
(-55.8338 0 0)
(-48.8299 0 0)
(-48.6953 0 0)
(-47.1973 0 0)
(-46.7582 0 0)
(-47.9377 0 0)
(-42.2471 0 0)
(-41.9467 0 0)
(-33.0711 0 0)
(-29.1294 0 0)
(-23.8492 0 0)
(-20.6538 0 0)
(-21.5205 0 0)
(-10.4507 0 0)
(-0.00822602 0 0)
(7.93703 0 0)
(8.29256 0 0)
(7.41638 0 0)
(3.1634 0 0)
(-1.47479 0 0)
(-2.08405 0 0)
(-1.35066 0 0)
(0.586023 0 0)
(2.05373 0 0)
(0.919235 0 0)
(-0.375555 0 0)
(-3.24482 0 0)
(-2.15418 0 0)
(0.622745 0 0)
(3.75016 0 0)
(3.13874 0 0)
(1.06199 0 0)
(-1.60293 0 0)
(-3.54694 0 0)
(-3.24583 0 0)
(-1.76548 0 0)
(-0.386831 0 0)
(-2.40036 0 0)
)
;

boundaryField
{
    sides
    {
        type            fixedValue;
        value           uniform (0 0 0);
    }
    empty
    {
        type            empty;
    }
}


// ************************************************************************* //
