/*--------------------------------*- C++ -*----------------------------------*\
| =========                 |                                                 |
| \\      /  F ield         | OpenFOAM: The Open Source CFD Toolbox           |
|  \\    /   O peration     | Version:  2412                                  |
|   \\  /    A nd           | Website:  www.openfoam.com                      |
|    \\/     M anipulation  |                                                 |
\*---------------------------------------------------------------------------*/
FoamFile
{
    version     2.0;
    format      ascii;
    arch        "LSB;label=32;scalar=64";
    class       volVectorField;
    location    "0.0270782";
    object      U;
}
// * * * * * * * * * * * * * * * * * * * * * * * * * * * * * * * * * * * * * //

dimensions      [0 1 -1 0 0 0 0];

internalField   nonuniform List<vector> 
100
(
(2.57363 0 0)
(7.79686 0 0)
(12.989 0 0)
(18.2139 0 0)
(23.4308 0 0)
(28.6919 0 0)
(33.8802 0 0)
(39.1936 0 0)
(44.2808 0 0)
(49.7209 0 0)
(54.6669 0 0)
(60.2266 0 0)
(65.0874 0 0)
(70.6097 0 0)
(75.6181 0 0)
(80.9792 0 0)
(86.2522 0 0)
(91.3462 0 0)
(96.7789 0 0)
(101.729 0 0)
(107.248 0 0)
(112.222 0 0)
(117.725 0 0)
(122.757 0 0)
(128.196 0 0)
(133.326 0 0)
(138.707 0 0)
(143.899 0 0)
(149.238 0 0)
(154.464 0 0)
(159.75 0 0)
(164.951 0 0)
(170.177 0 0)
(175.387 0 0)
(180.653 0 0)
(185.984 0 0)
(191.402 0 0)
(196.816 0 0)
(202.119 0 0)
(207.331 0 0)
(212.396 0 0)
(217.179 0 0)
(221.861 0 0)
(226.529 0 0)
(230.711 0 0)
(234.474 0 0)
(239.44 0 0)
(246.057 0 0)
(252.921 0 0)
(254.108 0 0)
(253.911 0 0)
(254.021 0 0)
(254.585 0 0)
(262.968 0 0)
(282.774 0 0)
(289.842 0 0)
(289.184 0 0)
(288.871 0 0)
(290.534 0 0)
(291.084 0 0)
(287.012 0 0)
(283.553 0 0)
(284.152 0 0)
(210.415 0 0)
(40.9319 0 0)
(7.07076 0 0)
(6.85929 0 0)
(1.33562 0 0)
(-0.295703 0 0)
(-11.855 0 0)
(-4.78408 0 0)
(-6.09409 0 0)
(-3.09236 0 0)
(1.70652 0 0)
(-2.00555 0 0)
(8.46906 0 0)
(6.42009 0 0)
(8.26552 0 0)
(2.75579 0 0)
(-7.64719 0 0)
(-7.237 0 0)
(-5.28378 0 0)
(2.41661 0 0)
(9.27167 0 0)
(8.41572 0 0)
(4.20869 0 0)
(-4.34448 0 0)
(-7.75413 0 0)
(-8.92602 0 0)
(-1.86409 0 0)
(3.64042 0 0)
(6.61909 0 0)
(4.13185 0 0)
(-0.419298 0 0)
(-3.02622 0 0)
(-3.57958 0 0)
(-0.328437 0 0)
(1.17852 0 0)
(2.28943 0 0)
(-0.513176 0 0)
)
;

boundaryField
{
    sides
    {
        type            fixedValue;
        value           uniform (0 0 0);
    }
    empty
    {
        type            empty;
    }
}


// ************************************************************************* //
