/*--------------------------------*- C++ -*----------------------------------*\
| =========                 |                                                 |
| \\      /  F ield         | OpenFOAM: The Open Source CFD Toolbox           |
|  \\    /   O peration     | Version:  2412                                  |
|   \\  /    A nd           | Website:  www.openfoam.com                      |
|    \\/     M anipulation  |                                                 |
\*---------------------------------------------------------------------------*/
FoamFile
{
    version     2.0;
    format      ascii;
    arch        "LSB;label=32;scalar=64";
    class       volVectorField;
    location    "0.0328385";
    object      U;
}
// * * * * * * * * * * * * * * * * * * * * * * * * * * * * * * * * * * * * * //

dimensions      [0 1 -1 0 0 0 0];

internalField   nonuniform List<vector> 
100
(
(2.03728 0 0)
(6.20446 0 0)
(10.2834 0 0)
(14.4911 0 0)
(18.5062 0 0)
(22.7921 0 0)
(26.6734 0 0)
(31.0944 0 0)
(34.8751 0 0)
(39.3645 0 0)
(43.173 0 0)
(47.5667 0 0)
(51.6237 0 0)
(55.7761 0 0)
(60.0983 0 0)
(64.0391 0 0)
(68.474 0 0)
(72.3311 0 0)
(76.7845 0 0)
(80.6738 0 0)
(85.0558 0 0)
(89.0139 0 0)
(93.2966 0 0)
(97.3321 0 0)
(101.579 0 0)
(105.695 0 0)
(109.919 0 0)
(114.064 0 0)
(118.247 0 0)
(122.387 0 0)
(126.541 0 0)
(130.681 0 0)
(134.827 0 0)
(138.961 0 0)
(143.105 0 0)
(147.217 0 0)
(151.333 0 0)
(155.328 0 0)
(159.31 0 0)
(163.352 0 0)
(167.185 0 0)
(170.954 0 0)
(174.643 0 0)
(177.894 0 0)
(180.622 0 0)
(182.733 0 0)
(184.552 0 0)
(187.029 0 0)
(164.806 0 0)
(-22.8691 0 0)
(-102.395 0 0)
(-100.308 0 0)
(-86.7585 0 0)
(-80.8622 0 0)
(-76.2482 0 0)
(-71.7665 0 0)
(-69.0875 0 0)
(-68.9622 0 0)
(-69.0768 0 0)
(-68.5712 0 0)
(-65.8534 0 0)
(-59.5498 0 0)
(-56.5534 0 0)
(-50.7964 0 0)
(-51.063 0 0)
(-49.6718 0 0)
(-49.6419 0 0)
(-51.718 0 0)
(-45.5491 0 0)
(-42.4432 0 0)
(-30.7286 0 0)
(-27.2541 0 0)
(-24.4909 0 0)
(-25.8093 0 0)
(-29.0466 0 0)
(-20.6508 0 0)
(-10.8973 0 0)
(4.02278 0 0)
(8.79256 0 0)
(9.18243 0 0)
(6.50023 0 0)
(0.703333 0 0)
(-1.25591 0 0)
(-0.272426 0 0)
(1.73528 0 0)
(2.19425 0 0)
(0.403769 0 0)
(-1.6361 0 0)
(-3.41591 0 0)
(-1.18311 0 0)
(1.33647 0 0)
(3.0705 0 0)
(1.35815 0 0)
(-1.78804 0 0)
(-3.88766 0 0)
(-3.45404 0 0)
(-0.832135 0 0)
(2.35094 0 0)
(3.7775 0 0)
(0.0929002 0 0)
)
;

boundaryField
{
    sides
    {
        type            fixedValue;
        value           uniform (0 0 0);
    }
    empty
    {
        type            empty;
    }
}


// ************************************************************************* //
