/*--------------------------------*- C++ -*----------------------------------*\
| =========                 |                                                 |
| \\      /  F ield         | OpenFOAM: The Open Source CFD Toolbox           |
|  \\    /   O peration     | Version:  2412                                  |
|   \\  /    A nd           | Website:  www.openfoam.com                      |
|    \\/     M anipulation  |                                                 |
\*---------------------------------------------------------------------------*/
FoamFile
{
    version     2.0;
    format      ascii;
    arch        "LSB;label=32;scalar=64";
    class       volVectorField;
    location    "0.0147035";
    object      U;
}
// * * * * * * * * * * * * * * * * * * * * * * * * * * * * * * * * * * * * * //

dimensions      [0 1 -1 0 0 0 0];

internalField   nonuniform List<vector> 
100
(
(0.014224 0 0)
(0.555149 0 0)
(4.73854 0 0)
(14.7083 0 0)
(25.9111 0 0)
(34.988 0 0)
(42.1062 0 0)
(48.2194 0 0)
(53.9501 0 0)
(59.5827 0 0)
(65.2163 0 0)
(70.8713 0 0)
(76.5446 0 0)
(82.2298 0 0)
(87.9231 0 0)
(93.6239 0 0)
(99.3315 0 0)
(105.051 0 0)
(110.773 0 0)
(116.521 0 0)
(122.239 0 0)
(128.037 0 0)
(133.677 0 0)
(139.578 0 0)
(144.996 0 0)
(151.085 0 0)
(156.243 0 0)
(162.439 0 0)
(167.702 0 0)
(173.532 0 0)
(179.306 0 0)
(184.604 0 0)
(190.589 0 0)
(195.832 0 0)
(201.887 0 0)
(207.091 0 0)
(213.104 0 0)
(218.587 0 0)
(224.525 0 0)
(230.018 0 0)
(235.835 0 0)
(241.567 0 0)
(247.323 0 0)
(252.823 0 0)
(258.376 0 0)
(264.109 0 0)
(269 0 0)
(273.695 0 0)
(278.937 0 0)
(282.847 0 0)
(285.121 0 0)
(283.781 0 0)
(281.84 0 0)
(282.007 0 0)
(285.889 0 0)
(287.176 0 0)
(279.707 0 0)
(277.338 0 0)
(282.328 0 0)
(289.592 0 0)
(289.25 0 0)
(276.688 0 0)
(275.551 0 0)
(282.785 0 0)
(291.036 0 0)
(289.774 0 0)
(276.303 0 0)
(275.277 0 0)
(280.05 0 0)
(289.473 0 0)
(289.526 0 0)
(280.849 0 0)
(275.719 0 0)
(277.344 0 0)
(286.878 0 0)
(288.534 0 0)
(287.169 0 0)
(277.464 0 0)
(275.577 0 0)
(276.839 0 0)
(281.99 0 0)
(288.061 0 0)
(284.997 0 0)
(282.865 0 0)
(280.916 0 0)
(279.347 0 0)
(279.265 0 0)
(282.877 0 0)
(250.013 0 0)
(68.0689 0 0)
(-2.4728 0 0)
(-0.0896453 0 0)
(6.4474 0 0)
(4.05139 0 0)
(-1.31304 0 0)
(-0.256514 0 0)
(1.24215 0 0)
(2.97136 0 0)
(3.7613 0 0)
(-3.17638 0 0)
)
;

boundaryField
{
    sides
    {
        type            fixedValue;
        value           uniform (0 0 0);
    }
    empty
    {
        type            empty;
    }
}


// ************************************************************************* //
