/*--------------------------------*- C++ -*----------------------------------*\
| =========                 |                                                 |
| \\      /  F ield         | OpenFOAM: The Open Source CFD Toolbox           |
|  \\    /   O peration     | Version:  2412                                  |
|   \\  /    A nd           | Website:  www.openfoam.com                      |
|    \\/     M anipulation  |                                                 |
\*---------------------------------------------------------------------------*/
FoamFile
{
    version     2.0;
    format      ascii;
    arch        "LSB;label=32;scalar=64";
    class       volVectorField;
    location    "0.047739";
    object      U;
}
// * * * * * * * * * * * * * * * * * * * * * * * * * * * * * * * * * * * * * //

dimensions      [0 1 -1 0 0 0 0];

internalField   nonuniform List<vector> 
100
(
(47.0149 0 0)
(60.0553 0 0)
(57.0893 0 0)
(-5.85462 0 0)
(-209.042 0 0)
(-252.385 0 0)
(-253.061 0 0)
(-249.83 0 0)
(-246.986 0 0)
(-237.696 0 0)
(-230.236 0 0)
(-227.522 0 0)
(-226.709 0 0)
(-229.169 0 0)
(-232.42 0 0)
(-231.725 0 0)
(-229.805 0 0)
(-223.029 0 0)
(-213.881 0 0)
(-210.731 0 0)
(-209.555 0 0)
(-213.201 0 0)
(-217.707 0 0)
(-217.397 0 0)
(-214.907 0 0)
(-207.319 0 0)
(-197.141 0 0)
(-193.319 0 0)
(-192.097 0 0)
(-197.911 0 0)
(-208.802 0 0)
(-210.426 0 0)
(-208.616 0 0)
(-203.299 0 0)
(-187.279 0 0)
(-174.702 0 0)
(-170.631 0 0)
(-169.238 0 0)
(-169.493 0 0)
(-176.344 0 0)
(-182.866 0 0)
(-183.029 0 0)
(-181.355 0 0)
(-178.187 0 0)
(-173.936 0 0)
(-170.884 0 0)
(-169 0 0)
(-166.117 0 0)
(-161.569 0 0)
(-157.958 0 0)
(-156.449 0 0)
(-156.167 0 0)
(-157.604 0 0)
(-157.763 0 0)
(-156.273 0 0)
(-151.954 0 0)
(-145.442 0 0)
(-141.894 0 0)
(-141.227 0 0)
(-149.564 0 0)
(-163.503 0 0)
(-166.549 0 0)
(-165.214 0 0)
(-161.943 0 0)
(-150.192 0 0)
(-128.687 0 0)
(-113.297 0 0)
(-105.964 0 0)
(-102.068 0 0)
(-98.2715 0 0)
(-95.4417 0 0)
(-92.0045 0 0)
(-89.9366 0 0)
(-88.4662 0 0)
(-88.1102 0 0)
(-87.4084 0 0)
(-85.7071 0 0)
(-84.1464 0 0)
(-79.1713 0 0)
(-74.4495 0 0)
(-66.7889 0 0)
(-62.4419 0 0)
(-58.6777 0 0)
(-55.2922 0 0)
(-53.6152 0 0)
(-51.5791 0 0)
(-50.6596 0 0)
(-47.3734 0 0)
(-43.4002 0 0)
(-38.7169 0 0)
(-34.8923 0 0)
(-30.9991 0 0)
(-27.3482 0 0)
(-23.2434 0 0)
(-19.536 0 0)
(-15.9853 0 0)
(-12.1283 0 0)
(-8.83527 0 0)
(-4.96546 0 0)
(-1.93403 0 0)
)
;

boundaryField
{
    sides
    {
        type            fixedValue;
        value           uniform (0 0 0);
    }
    empty
    {
        type            empty;
    }
}


// ************************************************************************* //
