/*--------------------------------*- C++ -*----------------------------------*\
| =========                 |                                                 |
| \\      /  F ield         | OpenFOAM: The Open Source CFD Toolbox           |
|  \\    /   O peration     | Version:  2412                                  |
|   \\  /    A nd           | Website:  www.openfoam.com                      |
|    \\/     M anipulation  |                                                 |
\*---------------------------------------------------------------------------*/
FoamFile
{
    version     2.0;
    format      ascii;
    arch        "LSB;label=32;scalar=64";
    class       volVectorField;
    location    "0.04451";
    object      U;
}
// * * * * * * * * * * * * * * * * * * * * * * * * * * * * * * * * * * * * * //

dimensions      [0 1 -1 0 0 0 0];

internalField   nonuniform List<vector> 
100
(
(1.43506 0 0)
(4.20903 0 0)
(7.12367 0 0)
(10.5347 0 0)
(13.6602 0 0)
(-4.79175 0 0)
(-170.219 0 0)
(-236.753 0 0)
(-235.15 0 0)
(-223.388 0 0)
(-222.101 0 0)
(-234.147 0 0)
(-239.74 0 0)
(-238.549 0 0)
(-236.063 0 0)
(-233.482 0 0)
(-221.734 0 0)
(-204.063 0 0)
(-197.432 0 0)
(-195.601 0 0)
(-194.803 0 0)
(-199.636 0 0)
(-209.325 0 0)
(-211.232 0 0)
(-209.65 0 0)
(-207.219 0 0)
(-200.728 0 0)
(-193.147 0 0)
(-189.856 0 0)
(-188.764 0 0)
(-190.4 0 0)
(-191.973 0 0)
(-190.845 0 0)
(-187.372 0 0)
(-179.185 0 0)
(-173.244 0 0)
(-171.092 0 0)
(-171.996 0 0)
(-175.862 0 0)
(-176.313 0 0)
(-174.193 0 0)
(-167.92 0 0)
(-159.071 0 0)
(-155.015 0 0)
(-154.034 0 0)
(-159.109 0 0)
(-166.843 0 0)
(-167.696 0 0)
(-165.585 0 0)
(-158.821 0 0)
(-144.512 0 0)
(-136.009 0 0)
(-132.857 0 0)
(-132.292 0 0)
(-134.821 0 0)
(-139.786 0 0)
(-140.992 0 0)
(-139.992 0 0)
(-137.824 0 0)
(-134.063 0 0)
(-130.578 0 0)
(-128.664 0 0)
(-126.298 0 0)
(-122.195 0 0)
(-117.983 0 0)
(-116.065 0 0)
(-115.743 0 0)
(-115.737 0 0)
(-115.737 0 0)
(-112.567 0 0)
(-108.35 0 0)
(-102.73 0 0)
(-100.71 0 0)
(-102.303 0 0)
(-112.096 0 0)
(-120.379 0 0)
(-119.339 0 0)
(-117.979 0 0)
(-109.008 0 0)
(-92.5654 0 0)
(-75.1804 0 0)
(-64.5849 0 0)
(-60.6015 0 0)
(-55.92 0 0)
(-52.9462 0 0)
(-49.9724 0 0)
(-48.8293 0 0)
(-47.305 0 0)
(-46.1396 0 0)
(-43.7546 0 0)
(-39.8031 0 0)
(-34.6771 0 0)
(-29.4095 0 0)
(-23.8477 0 0)
(-18.5204 0 0)
(-14.1083 0 0)
(-10.7112 0 0)
(-8.35373 0 0)
(-5.06966 0 0)
(-1.18308 0 0)
)
;

boundaryField
{
    sides
    {
        type            fixedValue;
        value           uniform (0 0 0);
    }
    empty
    {
        type            empty;
    }
}


// ************************************************************************* //
