/*--------------------------------*- C++ -*----------------------------------*\
| =========                 |                                                 |
| \\      /  F ield         | OpenFOAM: The Open Source CFD Toolbox           |
|  \\    /   O peration     | Version:  2412                                  |
|   \\  /    A nd           | Website:  www.openfoam.com                      |
|    \\/     M anipulation  |                                                 |
\*---------------------------------------------------------------------------*/
FoamFile
{
    version     2.0;
    format      ascii;
    arch        "LSB;label=32;scalar=64";
    class       volVectorField;
    location    "0.020997";
    object      U;
}
// * * * * * * * * * * * * * * * * * * * * * * * * * * * * * * * * * * * * * //

dimensions      [0 1 -1 0 0 0 0];

internalField   nonuniform List<vector> 
100
(
(3.55649 0 0)
(10.7736 0 0)
(17.9386 0 0)
(25.0681 0 0)
(32.254 0 0)
(39.3963 0 0)
(46.567 0 0)
(53.7433 0 0)
(60.9548 0 0)
(68.1863 0 0)
(75.3544 0 0)
(82.4761 0 0)
(89.3478 0 0)
(96.2663 0 0)
(102.873 0 0)
(110.036 0 0)
(116.992 0 0)
(125.1 0 0)
(132.835 0 0)
(142.214 0 0)
(151.947 0 0)
(162.285 0 0)
(174.177 0 0)
(185.945 0 0)
(194.126 0 0)
(197.539 0 0)
(200.569 0 0)
(202.48 0 0)
(205.169 0 0)
(207.979 0 0)
(211.495 0 0)
(215.646 0 0)
(220.962 0 0)
(225.46 0 0)
(229.456 0 0)
(233.243 0 0)
(237.168 0 0)
(241.186 0 0)
(245.295 0 0)
(249.366 0 0)
(253.39 0 0)
(257.405 0 0)
(261.288 0 0)
(264.996 0 0)
(269.119 0 0)
(272.897 0 0)
(275.946 0 0)
(279.424 0 0)
(282.356 0 0)
(283.771 0 0)
(284.246 0 0)
(284.035 0 0)
(283.189 0 0)
(282.846 0 0)
(283.712 0 0)
(283.991 0 0)
(281.868 0 0)
(280.829 0 0)
(285.055 0 0)
(287.047 0 0)
(282.986 0 0)
(278.015 0 0)
(279.531 0 0)
(289.612 0 0)
(291.428 0 0)
(278.399 0 0)
(272.938 0 0)
(278.391 0 0)
(291.459 0 0)
(291.5 0 0)
(275.361 0 0)
(271.689 0 0)
(277.442 0 0)
(292.932 0 0)
(294.517 0 0)
(261.795 0 0)
(110.219 0 0)
(13.6275 0 0)
(14.5775 0 0)
(2.9533 0 0)
(17.9973 0 0)
(14.4087 0 0)
(14.1934 0 0)
(22.5005 0 0)
(12.2594 0 0)
(9.98156 0 0)
(12.4919 0 0)
(6.80709 0 0)
(0.196245 0 0)
(-6.78212 0 0)
(-7.68961 0 0)
(-4.19341 0 0)
(-8.07642 0 0)
(-11.8171 0 0)
(-10.1403 0 0)
(-3.1471 0 0)
(8.22296 0 0)
(15.7344 0 0)
(19.7595 0 0)
(7.70184 0 0)
)
;

boundaryField
{
    sides
    {
        type            fixedValue;
        value           uniform (0 0 0);
    }
    empty
    {
        type            empty;
    }
}


// ************************************************************************* //
