/*--------------------------------*- C++ -*----------------------------------*\
| =========                 |                                                 |
| \\      /  F ield         | OpenFOAM: The Open Source CFD Toolbox           |
|  \\    /   O peration     | Version:  2412                                  |
|   \\  /    A nd           | Website:  www.openfoam.com                      |
|    \\/     M anipulation  |                                                 |
\*---------------------------------------------------------------------------*/
FoamFile
{
    version     2.0;
    format      ascii;
    arch        "LSB;label=32;scalar=64";
    class       volVectorField;
    location    "0.0146394";
    object      U;
}
// * * * * * * * * * * * * * * * * * * * * * * * * * * * * * * * * * * * * * //

dimensions      [0 1 -1 0 0 0 0];

internalField   nonuniform List<vector> 
100
(
(0.00614026 0 0)
(0.306308 0 0)
(3.38166 0 0)
(12.4065 0 0)
(23.7963 0 0)
(33.3869 0 0)
(40.8481 0 0)
(47.1275 0 0)
(52.9299 0 0)
(58.5956 0 0)
(64.2509 0 0)
(69.9262 0 0)
(75.6208 0 0)
(81.3284 0 0)
(87.0445 0 0)
(92.7683 0 0)
(98.499 0 0)
(104.241 0 0)
(109.987 0 0)
(115.757 0 0)
(121.501 0 0)
(127.319 0 0)
(132.99 0 0)
(138.91 0 0)
(144.365 0 0)
(150.47 0 0)
(155.658 0 0)
(161.884 0 0)
(167.151 0 0)
(173.032 0 0)
(178.811 0 0)
(184.142 0 0)
(190.153 0 0)
(195.417 0 0)
(201.492 0 0)
(206.714 0 0)
(212.763 0 0)
(218.261 0 0)
(224.22 0 0)
(229.73 0 0)
(235.587 0 0)
(241.345 0 0)
(247.113 0 0)
(252.632 0 0)
(258.242 0 0)
(263.997 0 0)
(268.815 0 0)
(273.689 0 0)
(278.963 0 0)
(282.807 0 0)
(284.951 0 0)
(283.64 0 0)
(281.673 0 0)
(282.724 0 0)
(286.132 0 0)
(286.448 0 0)
(279.115 0 0)
(277.142 0 0)
(284.168 0 0)
(289.855 0 0)
(287.538 0 0)
(276.393 0 0)
(275.137 0 0)
(285.21 0 0)
(291.16 0 0)
(288.027 0 0)
(275.549 0 0)
(275.417 0 0)
(281.919 0 0)
(289.923 0 0)
(289.161 0 0)
(278.884 0 0)
(276.06 0 0)
(278.187 0 0)
(288.026 0 0)
(287.895 0 0)
(286.347 0 0)
(276.61 0 0)
(275.994 0 0)
(276.361 0 0)
(284.041 0 0)
(288.043 0 0)
(284.092 0 0)
(283.267 0 0)
(280.219 0 0)
(279.227 0 0)
(279.492 0 0)
(282.77 0 0)
(265.605 0 0)
(90.2795 0 0)
(-0.660417 0 0)
(-3.28108 0 0)
(7.09915 0 0)
(3.888 0 0)
(-1.41718 0 0)
(0.303725 0 0)
(1.42135 0 0)
(2.81517 0 0)
(3.50202 0 0)
(-3.48577 0 0)
)
;

boundaryField
{
    sides
    {
        type            fixedValue;
        value           uniform (0 0 0);
    }
    empty
    {
        type            empty;
    }
}


// ************************************************************************* //
