/*--------------------------------*- C++ -*----------------------------------*\
| =========                 |                                                 |
| \\      /  F ield         | OpenFOAM: The Open Source CFD Toolbox           |
|  \\    /   O peration     | Version:  2412                                  |
|   \\  /    A nd           | Website:  www.openfoam.com                      |
|    \\/     M anipulation  |                                                 |
\*---------------------------------------------------------------------------*/
FoamFile
{
    version     2.0;
    format      ascii;
    arch        "LSB;label=32;scalar=64";
    class       volVectorField;
    location    "0.0310523";
    object      U;
}
// * * * * * * * * * * * * * * * * * * * * * * * * * * * * * * * * * * * * * //

dimensions      [0 1 -1 0 0 0 0];

internalField   nonuniform List<vector> 
100
(
(2.18637 0 0)
(6.63317 0 0)
(11.0119 0 0)
(15.4608 0 0)
(19.7984 0 0)
(24.3254 0 0)
(28.5675 0 0)
(33.228 0 0)
(37.3468 0 0)
(42.1083 0 0)
(46.1486 0 0)
(50.8673 0 0)
(55.084 0 0)
(59.6152 0 0)
(64.1097 0 0)
(68.3789 0 0)
(73.0358 0 0)
(77.1887 0 0)
(81.9297 0 0)
(86.1109 0 0)
(90.8353 0 0)
(95.0908 0 0)
(99.7407 0 0)
(104.077 0 0)
(108.656 0 0)
(113.048 0 0)
(117.574 0 0)
(121.995 0 0)
(126.486 0 0)
(130.93 0 0)
(135.401 0 0)
(139.847 0 0)
(144.29 0 0)
(148.72 0 0)
(153.143 0 0)
(157.555 0 0)
(161.97 0 0)
(166.377 0 0)
(170.78 0 0)
(175.03 0 0)
(179.311 0 0)
(183.609 0 0)
(187.676 0 0)
(191.632 0 0)
(195.442 0 0)
(198.816 0 0)
(201.568 0 0)
(203.568 0 0)
(205.147 0 0)
(207.246 0 0)
(209.069 0 0)
(210.758 0 0)
(212.983 0 0)
(206.703 0 0)
(46.1536 0 0)
(-68.8179 0 0)
(-73.303 0 0)
(-63.1273 0 0)
(-56.4512 0 0)
(-52.0932 0 0)
(-48.175 0 0)
(-43.0605 0 0)
(-43.5558 0 0)
(-35.5115 0 0)
(-32.1495 0 0)
(-32.5255 0 0)
(-33.2129 0 0)
(-34.1623 0 0)
(-23.9261 0 0)
(-23.1108 0 0)
(-5.02611 0 0)
(6.15408 0 0)
(7.17271 0 0)
(6.50527 0 0)
(-0.301134 0 0)
(0.859075 0 0)
(-0.195152 0 0)
(3.55923 0 0)
(4.96225 0 0)
(3.29613 0 0)
(0.602835 0 0)
(-3.13698 0 0)
(-3.42484 0 0)
(-2.36559 0 0)
(-0.125978 0 0)
(0.892625 0 0)
(0.624983 0 0)
(-0.132265 0 0)
(-1.67345 0 0)
(0.404686 0 0)
(2.01175 0 0)
(2.32677 0 0)
(-0.360192 0 0)
(-4.50806 0 0)
(-4.79001 0 0)
(-2.66872 0 0)
(2.28305 0 0)
(6.28252 0 0)
(7.37481 0 0)
(3.24041 0 0)
)
;

boundaryField
{
    sides
    {
        type            fixedValue;
        value           uniform (0 0 0);
    }
    empty
    {
        type            empty;
    }
}


// ************************************************************************* //
