/*--------------------------------*- C++ -*----------------------------------*\
| =========                 |                                                 |
| \\      /  F ield         | OpenFOAM: The Open Source CFD Toolbox           |
|  \\    /   O peration     | Version:  2412                                  |
|   \\  /    A nd           | Website:  www.openfoam.com                      |
|    \\/     M anipulation  |                                                 |
\*---------------------------------------------------------------------------*/
FoamFile
{
    version     2.0;
    format      ascii;
    arch        "LSB;label=32;scalar=64";
    class       volVectorField;
    location    "0.0277946";
    object      U;
}
// * * * * * * * * * * * * * * * * * * * * * * * * * * * * * * * * * * * * * //

dimensions      [0 1 -1 0 0 0 0];

internalField   nonuniform List<vector> 
100
(
(2.51763 0 0)
(7.60393 0 0)
(12.6384 0 0)
(17.6949 0 0)
(22.7136 0 0)
(27.7864 0 0)
(32.7602 0 0)
(37.9147 0 0)
(42.8132 0 0)
(48.1277 0 0)
(52.8874 0 0)
(58.2848 0 0)
(62.9845 0 0)
(68.3267 0 0)
(73.2337 0 0)
(78.3654 0 0)
(83.5228 0 0)
(88.4179 0 0)
(93.7321 0 0)
(98.526 0 0)
(103.894 0 0)
(108.722 0 0)
(114.052 0 0)
(118.945 0 0)
(124.214 0 0)
(129.191 0 0)
(134.383 0 0)
(139.41 0 0)
(144.567 0 0)
(149.637 0 0)
(154.783 0 0)
(159.879 0 0)
(164.996 0 0)
(170.075 0 0)
(175.137 0 0)
(180.159 0 0)
(185.171 0 0)
(190.217 0 0)
(195.28 0 0)
(200.398 0 0)
(205.647 0 0)
(210.916 0 0)
(215.843 0 0)
(220.622 0 0)
(225.422 0 0)
(229.857 0 0)
(233.642 0 0)
(236.596 0 0)
(239.096 0 0)
(240.571 0 0)
(242.972 0 0)
(248.893 0 0)
(252.844 0 0)
(253.478 0 0)
(253.121 0 0)
(253.355 0 0)
(254.356 0 0)
(263.364 0 0)
(280.87 0 0)
(288.666 0 0)
(292.533 0 0)
(280.054 0 0)
(123.229 0 0)
(21.4112 0 0)
(-3.71907 0 0)
(-2.07529 0 0)
(-3.89088 0 0)
(-7.83644 0 0)
(-1.7692 0 0)
(-8.81858 0 0)
(-2.08257 0 0)
(-3.02797 0 0)
(1.71314 0 0)
(9.2202 0 0)
(5.07091 0 0)
(8.91767 0 0)
(-1.82321 0 0)
(-4.1725 0 0)
(-2.11622 0 0)
(-0.704781 0 0)
(4.44715 0 0)
(3.097 0 0)
(1.14991 0 0)
(-3.68619 0 0)
(-6.37718 0 0)
(-3.35663 0 0)
(1.43938 0 0)
(3.22934 0 0)
(5.47393 0 0)
(2.89442 0 0)
(-1.33601 0 0)
(-2.43525 0 0)
(-1.86625 0 0)
(-0.287209 0 0)
(-0.596274 0 0)
(-1.55672 0 0)
(-1.6448 0 0)
(-2.39783 0 0)
(-1.30456 0 0)
(0.054866 0 0)
)
;

boundaryField
{
    sides
    {
        type            fixedValue;
        value           uniform (0 0 0);
    }
    empty
    {
        type            empty;
    }
}


// ************************************************************************* //
