/*--------------------------------*- C++ -*----------------------------------*\
| =========                 |                                                 |
| \\      /  F ield         | OpenFOAM: The Open Source CFD Toolbox           |
|  \\    /   O peration     | Version:  2412                                  |
|   \\  /    A nd           | Website:  www.openfoam.com                      |
|    \\/     M anipulation  |                                                 |
\*---------------------------------------------------------------------------*/
FoamFile
{
    version     2.0;
    format      ascii;
    arch        "LSB;label=32;scalar=64";
    class       volVectorField;
    location    "0.0137513";
    object      U;
}
// * * * * * * * * * * * * * * * * * * * * * * * * * * * * * * * * * * * * * //

dimensions      [0 1 -1 0 0 0 0];

internalField   nonuniform List<vector> 
100
(
(1.66559e-09 0 0)
(6.80026e-07 0 0)
(0.000159592 0 0)
(0.0167711 0 0)
(0.546704 0 0)
(4.70838 0 0)
(14.7811 0 0)
(26.3057 0 0)
(35.8021 0 0)
(43.344 0 0)
(49.8688 0 0)
(56.0026 0 0)
(62.0322 0 0)
(68.0571 0 0)
(74.0994 0 0)
(80.1578 0 0)
(86.2273 0 0)
(92.3064 0 0)
(98.3932 0 0)
(104.494 0 0)
(110.597 0 0)
(116.735 0 0)
(122.826 0 0)
(129.031 0 0)
(135.009 0 0)
(141.355 0 0)
(147.053 0 0)
(153.62 0 0)
(159.088 0 0)
(165.651 0 0)
(171.414 0 0)
(177.389 0 0)
(183.71 0 0)
(189.26 0 0)
(195.658 0 0)
(201.242 0 0)
(207.742 0 0)
(213.37 0 0)
(219.693 0 0)
(225.604 0 0)
(231.969 0 0)
(237.908 0 0)
(243.983 0 0)
(250.042 0 0)
(256.059 0 0)
(261.636 0 0)
(267.547 0 0)
(273.361 0 0)
(278.043 0 0)
(281.009 0 0)
(283.117 0 0)
(284.7 0 0)
(285.96 0 0)
(285.554 0 0)
(280.019 0 0)
(278.373 0 0)
(283.988 0 0)
(289.263 0 0)
(287.22 0 0)
(276.656 0 0)
(275.111 0 0)
(284.958 0 0)
(290.732 0 0)
(287.776 0 0)
(275.99 0 0)
(275.675 0 0)
(283.126 0 0)
(290.102 0 0)
(288.922 0 0)
(278.301 0 0)
(276.849 0 0)
(279.108 0 0)
(288.099 0 0)
(287.488 0 0)
(284.642 0 0)
(276.465 0 0)
(276.631 0 0)
(277.168 0 0)
(286.693 0 0)
(287.548 0 0)
(284.192 0 0)
(283.741 0 0)
(279.262 0 0)
(278.834 0 0)
(279.773 0 0)
(281.996 0 0)
(281.856 0 0)
(279.994 0 0)
(280.525 0 0)
(283.692 0 0)
(275.401 0 0)
(116.125 0 0)
(-8.97021 0 0)
(-11.0489 0 0)
(5.26087 0 0)
(6.36063 0 0)
(1.29277 0 0)
(0.127869 0 0)
(0.993668 0 0)
(-8.35932 0 0)
)
;

boundaryField
{
    sides
    {
        type            fixedValue;
        value           uniform (0 0 0);
    }
    empty
    {
        type            empty;
    }
}


// ************************************************************************* //
