/*--------------------------------*- C++ -*----------------------------------*\
| =========                 |                                                 |
| \\      /  F ield         | OpenFOAM: The Open Source CFD Toolbox           |
|  \\    /   O peration     | Version:  2412                                  |
|   \\  /    A nd           | Website:  www.openfoam.com                      |
|    \\/     M anipulation  |                                                 |
\*---------------------------------------------------------------------------*/
FoamFile
{
    version     2.0;
    format      ascii;
    arch        "LSB;label=32;scalar=64";
    class       volVectorField;
    location    "0.0215013";
    object      U;
}
// * * * * * * * * * * * * * * * * * * * * * * * * * * * * * * * * * * * * * //

dimensions      [0 1 -1 0 0 0 0];

internalField   nonuniform List<vector> 
100
(
(3.46062 0 0)
(10.4725 0 0)
(17.4148 0 0)
(24.3584 0 0)
(31.3402 0 0)
(38.3001 0 0)
(45.2819 0 0)
(52.2323 0 0)
(59.1756 0 0)
(66.1541 0 0)
(73.122 0 0)
(80.1906 0 0)
(87.0659 0 0)
(94.0393 0 0)
(100.482 0 0)
(107.357 0 0)
(113.677 0 0)
(120.637 0 0)
(127.306 0 0)
(134.941 0 0)
(142.582 0 0)
(150.881 0 0)
(160.151 0 0)
(169.521 0 0)
(180.989 0 0)
(193.979 0 0)
(203.988 0 0)
(208.236 0 0)
(211.539 0 0)
(213.784 0 0)
(215.845 0 0)
(218.353 0 0)
(221.617 0 0)
(224.988 0 0)
(229.513 0 0)
(234.773 0 0)
(239.119 0 0)
(242.79 0 0)
(246.454 0 0)
(250.266 0 0)
(254.225 0 0)
(258.217 0 0)
(262.227 0 0)
(265.729 0 0)
(269.411 0 0)
(273.422 0 0)
(276.788 0 0)
(279.467 0 0)
(282.301 0 0)
(283.969 0 0)
(284.175 0 0)
(283.898 0 0)
(283.437 0 0)
(282.79 0 0)
(282.775 0 0)
(284.074 0 0)
(284.445 0 0)
(281.626 0 0)
(280.284 0 0)
(284.914 0 0)
(287.523 0 0)
(284.002 0 0)
(277.666 0 0)
(277.835 0 0)
(289.874 0 0)
(291.71 0 0)
(279.956 0 0)
(271.946 0 0)
(275.487 0 0)
(291.421 0 0)
(291.586 0 0)
(277.774 0 0)
(271.804 0 0)
(273.155 0 0)
(280.304 0 0)
(108.068 0 0)
(17.7998 0 0)
(15.4724 0 0)
(20.6908 0 0)
(8.09358 0 0)
(17.7921 0 0)
(12.4561 0 0)
(12.0642 0 0)
(21.6055 0 0)
(14.3467 0 0)
(9.82852 0 0)
(3.14426 0 0)
(-7.66154 0 0)
(-13.9447 0 0)
(-12.956 0 0)
(-8.54928 0 0)
(-0.50968 0 0)
(3.44733 0 0)
(4.84735 0 0)
(3.39785 0 0)
(1.36391 0 0)
(3.8451 0 0)
(3.35925 0 0)
(2.61365 0 0)
(5.32656 0 0)
)
;

boundaryField
{
    sides
    {
        type            fixedValue;
        value           uniform (0 0 0);
    }
    empty
    {
        type            empty;
    }
}


// ************************************************************************* //
