/*--------------------------------*- C++ -*----------------------------------*\
| =========                 |                                                 |
| \\      /  F ield         | OpenFOAM: The Open Source CFD Toolbox           |
|  \\    /   O peration     | Version:  2412                                  |
|   \\  /    A nd           | Website:  www.openfoam.com                      |
|    \\/     M anipulation  |                                                 |
\*---------------------------------------------------------------------------*/
FoamFile
{
    version     2.0;
    format      ascii;
    arch        "LSB;label=32;scalar=64";
    class       volVectorField;
    location    "0.0467041";
    object      U;
}
// * * * * * * * * * * * * * * * * * * * * * * * * * * * * * * * * * * * * * //

dimensions      [0 1 -1 0 0 0 0];

internalField   nonuniform List<vector> 
100
(
(-90.4678 0 0)
(-124.383 0 0)
(-251.243 0 0)
(-261.141 0 0)
(-252.554 0 0)
(-230.633 0 0)
(-222.479 0 0)
(-219.786 0 0)
(-218.677 0 0)
(-219.413 0 0)
(-231.783 0 0)
(-239.057 0 0)
(-238.398 0 0)
(-236.578 0 0)
(-232.087 0 0)
(-222.846 0 0)
(-217.693 0 0)
(-216.03 0 0)
(-215.944 0 0)
(-219.434 0 0)
(-220.142 0 0)
(-218.905 0 0)
(-214.481 0 0)
(-205.412 0 0)
(-199.862 0 0)
(-197.99 0 0)
(-199.053 0 0)
(-203.847 0 0)
(-204.512 0 0)
(-202.685 0 0)
(-197.023 0 0)
(-186.884 0 0)
(-181.652 0 0)
(-179.965 0 0)
(-183.277 0 0)
(-193.871 0 0)
(-197.268 0 0)
(-195.919 0 0)
(-191.529 0 0)
(-178.04 0 0)
(-164.611 0 0)
(-159.479 0 0)
(-157.721 0 0)
(-157.949 0 0)
(-163.725 0 0)
(-169.515 0 0)
(-169.999 0 0)
(-168.611 0 0)
(-165.611 0 0)
(-161.432 0 0)
(-158.371 0 0)
(-156.475 0 0)
(-153.573 0 0)
(-149.143 0 0)
(-145.509 0 0)
(-144.041 0 0)
(-143.854 0 0)
(-144.906 0 0)
(-144.679 0 0)
(-142.805 0 0)
(-137.884 0 0)
(-131.889 0 0)
(-128.922 0 0)
(-129.437 0 0)
(-139.479 0 0)
(-150.536 0 0)
(-152.103 0 0)
(-150.218 0 0)
(-145.566 0 0)
(-130.311 0 0)
(-110.642 0 0)
(-97.6028 0 0)
(-92.0298 0 0)
(-87.1567 0 0)
(-83.679 0 0)
(-80.8558 0 0)
(-77.9174 0 0)
(-76.6002 0 0)
(-74.5308 0 0)
(-75.0597 0 0)
(-73.6531 0 0)
(-71.2813 0 0)
(-67.4504 0 0)
(-60.607 0 0)
(-55.6321 0 0)
(-49.9902 0 0)
(-46.3025 0 0)
(-43.1622 0 0)
(-41.5208 0 0)
(-39.0787 0 0)
(-36.6924 0 0)
(-33.4027 0 0)
(-29.7108 0 0)
(-25.3423 0 0)
(-21.0616 0 0)
(-17.1046 0 0)
(-13.1589 0 0)
(-9.72313 0 0)
(-5.60388 0 0)
(-2.04659 0 0)
)
;

boundaryField
{
    sides
    {
        type            fixedValue;
        value           uniform (0 0 0);
    }
    empty
    {
        type            empty;
    }
}


// ************************************************************************* //
