/*--------------------------------*- C++ -*----------------------------------*\
| =========                 |                                                 |
| \\      /  F ield         | OpenFOAM: The Open Source CFD Toolbox           |
|  \\    /   O peration     | Version:  2412                                  |
|   \\  /    A nd           | Website:  www.openfoam.com                      |
|    \\/     M anipulation  |                                                 |
\*---------------------------------------------------------------------------*/
FoamFile
{
    version     2.0;
    format      ascii;
    arch        "LSB;label=32;scalar=64";
    class       volVectorField;
    location    "0.0175973";
    object      U;
}
// * * * * * * * * * * * * * * * * * * * * * * * * * * * * * * * * * * * * * //

dimensions      [0 1 -1 0 0 0 0];

internalField   nonuniform List<vector> 
100
(
(3.95504 0 0)
(12.5748 0 0)
(21.8398 0 0)
(31.4333 0 0)
(42.4554 0 0)
(54.819 0 0)
(67.9436 0 0)
(80.2054 0 0)
(90.1862 0 0)
(98.4376 0 0)
(103.976 0 0)
(107.907 0 0)
(111.768 0 0)
(116.153 0 0)
(120.978 0 0)
(125.959 0 0)
(130.83 0 0)
(135.726 0 0)
(140.405 0 0)
(145.373 0 0)
(149.865 0 0)
(154.988 0 0)
(159.322 0 0)
(164.495 0 0)
(168.968 0 0)
(173.873 0 0)
(178.699 0 0)
(183.239 0 0)
(188.236 0 0)
(192.651 0 0)
(197.728 0 0)
(202.112 0 0)
(207.166 0 0)
(211.711 0 0)
(216.713 0 0)
(221.321 0 0)
(226.239 0 0)
(230.998 0 0)
(235.891 0 0)
(240.65 0 0)
(245.398 0 0)
(250.145 0 0)
(254.983 0 0)
(259.716 0 0)
(264.114 0 0)
(268.587 0 0)
(273.252 0 0)
(277.141 0 0)
(280.28 0 0)
(283.167 0 0)
(284.589 0 0)
(284.616 0 0)
(284.036 0 0)
(282.21 0 0)
(281.058 0 0)
(284.008 0 0)
(286.462 0 0)
(284.661 0 0)
(278.638 0 0)
(277.328 0 0)
(287.708 0 0)
(290.156 0 0)
(283.833 0 0)
(274.943 0 0)
(275.187 0 0)
(290.749 0 0)
(291.622 0 0)
(283.403 0 0)
(273.327 0 0)
(273.75 0 0)
(289.549 0 0)
(291.136 0 0)
(286.064 0 0)
(274.588 0 0)
(274.091 0 0)
(282.662 0 0)
(290.267 0 0)
(289.077 0 0)
(277.892 0 0)
(274.314 0 0)
(276.237 0 0)
(286.268 0 0)
(281.27 0 0)
(111.085 0 0)
(15.5068 0 0)
(13.8402 0 0)
(29.3105 0 0)
(14.6103 0 0)
(3.50583 0 0)
(4.58466 0 0)
(8.05063 0 0)
(15.547 0 0)
(17.4222 0 0)
(19.1365 0 0)
(21.0306 0 0)
(23.17 0 0)
(24.0608 0 0)
(21.9758 0 0)
(17.5199 0 0)
(3.94475 0 0)
)
;

boundaryField
{
    sides
    {
        type            fixedValue;
        value           uniform (0 0 0);
    }
    empty
    {
        type            empty;
    }
}


// ************************************************************************* //
