/*--------------------------------*- C++ -*----------------------------------*\
| =========                 |                                                 |
| \\      /  F ield         | OpenFOAM: The Open Source CFD Toolbox           |
|  \\    /   O peration     | Version:  2412                                  |
|   \\  /    A nd           | Website:  www.openfoam.com                      |
|    \\/     M anipulation  |                                                 |
\*---------------------------------------------------------------------------*/
FoamFile
{
    version     2.0;
    format      ascii;
    arch        "LSB;label=32;scalar=64";
    class       volVectorField;
    location    "0.0434459";
    object      U;
}
// * * * * * * * * * * * * * * * * * * * * * * * * * * * * * * * * * * * * * //

dimensions      [0 1 -1 0 0 0 0];

internalField   nonuniform List<vector> 
100
(
(1.59367 0 0)
(4.67455 0 0)
(7.78014 0 0)
(10.8764 0 0)
(13.95 0 0)
(16.9652 0 0)
(19.9022 0 0)
(22.9345 0 0)
(26.3128 0 0)
(27.7196 0 0)
(-69.7885 0 0)
(-214.036 0 0)
(-232.909 0 0)
(-218.917 0 0)
(-209.123 0 0)
(-207.512 0 0)
(-214.202 0 0)
(-224.685 0 0)
(-225.461 0 0)
(-223.695 0 0)
(-221.497 0 0)
(-216.187 0 0)
(-199.244 0 0)
(-186.964 0 0)
(-183.322 0 0)
(-182.119 0 0)
(-183.013 0 0)
(-191.226 0 0)
(-196.119 0 0)
(-195.424 0 0)
(-193.689 0 0)
(-189.819 0 0)
(-182.426 0 0)
(-177.527 0 0)
(-175.645 0 0)
(-176.048 0 0)
(-177.788 0 0)
(-177.143 0 0)
(-174.418 0 0)
(-167.386 0 0)
(-160.603 0 0)
(-157.984 0 0)
(-158.31 0 0)
(-161.6 0 0)
(-162.346 0 0)
(-160.347 0 0)
(-154.55 0 0)
(-146.06 0 0)
(-141.799 0 0)
(-140.816 0 0)
(-145.304 0 0)
(-152.115 0 0)
(-152.858 0 0)
(-150.66 0 0)
(-143.4 0 0)
(-130.043 0 0)
(-122.271 0 0)
(-119.397 0 0)
(-119.122 0 0)
(-121.978 0 0)
(-125.51 0 0)
(-125.91 0 0)
(-124.724 0 0)
(-122.308 0 0)
(-118.644 0 0)
(-115.396 0 0)
(-113.65 0 0)
(-110.468 0 0)
(-107.142 0 0)
(-102.581 0 0)
(-101.642 0 0)
(-100.938 0 0)
(-100.956 0 0)
(-100.688 0 0)
(-95.65 0 0)
(-91.6389 0 0)
(-86.665 0 0)
(-87.1861 0 0)
(-91.2547 0 0)
(-100.716 0 0)
(-104.486 0 0)
(-101.884 0 0)
(-98.5496 0 0)
(-85.5778 0 0)
(-66.124 0 0)
(-53.1628 0 0)
(-47.4828 0 0)
(-42.79 0 0)
(-39.0264 0 0)
(-36.0257 0 0)
(-33.5936 0 0)
(-31.6057 0 0)
(-29.0545 0 0)
(-26.6711 0 0)
(-22.8177 0 0)
(-17.7407 0 0)
(-12.5543 0 0)
(-7.74696 0 0)
(-3.7192 0 0)
(-2.228 0 0)
)
;

boundaryField
{
    sides
    {
        type            fixedValue;
        value           uniform (0 0 0);
    }
    empty
    {
        type            empty;
    }
}


// ************************************************************************* //
