/*--------------------------------*- C++ -*----------------------------------*\
| =========                 |                                                 |
| \\      /  F ield         | OpenFOAM: The Open Source CFD Toolbox           |
|  \\    /   O peration     | Version:  2412                                  |
|   \\  /    A nd           | Website:  www.openfoam.com                      |
|    \\/     M anipulation  |                                                 |
\*---------------------------------------------------------------------------*/
FoamFile
{
    version     2.0;
    format      ascii;
    arch        "LSB;label=32;scalar=64";
    class       volVectorField;
    location    "0.0266199";
    object      U;
}
// * * * * * * * * * * * * * * * * * * * * * * * * * * * * * * * * * * * * * //

dimensions      [0 1 -1 0 0 0 0];

internalField   nonuniform List<vector> 
100
(
(2.62875 0 0)
(7.94168 0 0)
(13.2505 0 0)
(18.5998 0 0)
(23.9434 0 0)
(29.3087 0 0)
(34.623 0 0)
(40.0394 0 0)
(45.2666 0 0)
(50.8034 0 0)
(55.8786 0 0)
(61.5259 0 0)
(66.4887 0 0)
(72.1423 0 0)
(77.2276 0 0)
(82.7295 0 0)
(88.0738 0 0)
(93.3104 0 0)
(98.8315 0 0)
(103.895 0 0)
(109.505 0 0)
(114.572 0 0)
(120.188 0 0)
(125.326 0 0)
(130.893 0 0)
(136.126 0 0)
(141.632 0 0)
(146.913 0 0)
(152.333 0 0)
(157.626 0 0)
(162.992 0 0)
(168.311 0 0)
(173.728 0 0)
(179.182 0 0)
(184.717 0 0)
(190.251 0 0)
(195.702 0 0)
(200.958 0 0)
(206.046 0 0)
(211.059 0 0)
(215.868 0 0)
(220.464 0 0)
(225.074 0 0)
(229.949 0 0)
(235.625 0 0)
(242.854 0 0)
(249.581 0 0)
(253.013 0 0)
(253.744 0 0)
(254.672 0 0)
(259.225 0 0)
(275.666 0 0)
(288.046 0 0)
(289.355 0 0)
(289.717 0 0)
(289.129 0 0)
(289.171 0 0)
(289.636 0 0)
(287.053 0 0)
(282.178 0 0)
(278.657 0 0)
(283.089 0 0)
(284.173 0 0)
(284.018 0 0)
(199.496 0 0)
(38.1052 0 0)
(6.46822 0 0)
(3.88848 0 0)
(9.09375 0 0)
(-2.67324 0 0)
(1.21272 0 0)
(-6.63332 0 0)
(-9.43065 0 0)
(-4.97676 0 0)
(-8.46912 0 0)
(5.67523 0 0)
(4.91761 0 0)
(5.71115 0 0)
(6.12546 0 0)
(0.113173 0 0)
(-0.947109 0 0)
(-1.93404 0 0)
(-1.86813 0 0)
(2.28618 0 0)
(4.23891 0 0)
(4.59966 0 0)
(2.58009 0 0)
(-2.00501 0 0)
(-5.99948 0 0)
(-6.79818 0 0)
(-4.47813 0 0)
(-0.185954 0 0)
(1.25832 0 0)
(2.887 0 0)
(5.15754 0 0)
(4.29369 0 0)
(1.31012 0 0)
(-1.5137 0 0)
(-1.78566 0 0)
(-2.79987 0 0)
)
;

boundaryField
{
    sides
    {
        type            fixedValue;
        value           uniform (0 0 0);
    }
    empty
    {
        type            empty;
    }
}


// ************************************************************************* //
