/*--------------------------------*- C++ -*----------------------------------*\
| =========                 |                                                 |
| \\      /  F ield         | OpenFOAM: The Open Source CFD Toolbox           |
|  \\    /   O peration     | Version:  2412                                  |
|   \\  /    A nd           | Website:  www.openfoam.com                      |
|    \\/     M anipulation  |                                                 |
\*---------------------------------------------------------------------------*/
FoamFile
{
    version     2.0;
    format      ascii;
    arch        "LSB;label=32;scalar=64";
    class       volVectorField;
    location    "0.0363937";
    object      U;
}
// * * * * * * * * * * * * * * * * * * * * * * * * * * * * * * * * * * * * * //

dimensions      [0 1 -1 0 0 0 0];

internalField   nonuniform List<vector> 
100
(
(1.79508 0 0)
(5.57501 0 0)
(9.14229 0 0)
(12.9647 0 0)
(16.4278 0 0)
(20.3644 0 0)
(23.7138 0 0)
(27.7405 0 0)
(31.0424 0 0)
(35.0218 0 0)
(38.4816 0 0)
(42.2345 0 0)
(45.9845 0 0)
(49.5093 0 0)
(53.4421 0 0)
(56.8172 0 0)
(60.7907 0 0)
(64.1678 0 0)
(68.1035 0 0)
(71.5562 0 0)
(75.4087 0 0)
(78.937 0 0)
(82.7046 0 0)
(86.291 0 0)
(90.0078 0 0)
(93.6327 0 0)
(97.3218 0 0)
(100.967 0 0)
(104.641 0 0)
(108.285 0 0)
(111.937 0 0)
(115.531 0 0)
(119.106 0 0)
(122.599 0 0)
(126.147 0 0)
(129.995 0 0)
(131.513 0 0)
(22.0434 0 0)
(-129.781 0 0)
(-147.265 0 0)
(-134.194 0 0)
(-128.3 0 0)
(-130.124 0 0)
(-133.998 0 0)
(-133.656 0 0)
(-130.496 0 0)
(-123.964 0 0)
(-116.833 0 0)
(-113.854 0 0)
(-113.348 0 0)
(-113.505 0 0)
(-114.47 0 0)
(-114.758 0 0)
(-113.727 0 0)
(-110.297 0 0)
(-102.555 0 0)
(-92.5952 0 0)
(-87.5197 0 0)
(-85.9555 0 0)
(-86.6198 0 0)
(-87.3306 0 0)
(-86.4871 0 0)
(-85.972 0 0)
(-82.4609 0 0)
(-80.5794 0 0)
(-75.2828 0 0)
(-73.332 0 0)
(-71.1699 0 0)
(-69.2871 0 0)
(-68.8959 0 0)
(-61.1119 0 0)
(-58.0073 0 0)
(-52.4511 0 0)
(-53.728 0 0)
(-53.6473 0 0)
(-50.3265 0 0)
(-49.0205 0 0)
(-42.9003 0 0)
(-40.084 0 0)
(-38.0446 0 0)
(-38.7567 0 0)
(-39.9791 0 0)
(-38.6618 0 0)
(-35.4562 0 0)
(-28.4015 0 0)
(-22.5071 0 0)
(-19.8859 0 0)
(-15.0968 0 0)
(-3.08539 0 0)
(0.769057 0 0)
(6.61725 0 0)
(10.7093 0 0)
(10.2383 0 0)
(4.84872 0 0)
(-1.31349 0 0)
(-2.66563 0 0)
(-1.13057 0 0)
(0.952375 0 0)
(2.4685 0 0)
(1.02467 0 0)
)
;

boundaryField
{
    sides
    {
        type            fixedValue;
        value           uniform (0 0 0);
    }
    empty
    {
        type            empty;
    }
}


// ************************************************************************* //
