/*--------------------------------*- C++ -*----------------------------------*\
| =========                 |                                                 |
| \\      /  F ield         | OpenFOAM: The Open Source CFD Toolbox           |
|  \\    /   O peration     | Version:  2412                                  |
|   \\  /    A nd           | Website:  www.openfoam.com                      |
|    \\/     M anipulation  |                                                 |
\*---------------------------------------------------------------------------*/
FoamFile
{
    version     2.0;
    format      ascii;
    arch        "LSB;label=32;scalar=64";
    class       volVectorField;
    location    "0.0518254";
    object      U;
}
// * * * * * * * * * * * * * * * * * * * * * * * * * * * * * * * * * * * * * //

dimensions      [0 1 -1 0 0 0 0];

internalField   nonuniform List<vector> 
100
(
(5.87059 0 0)
(12.6338 0 0)
(5.50667 0 0)
(-4.53789 0 0)
(-12.8749 0 0)
(-4.45491 0 0)
(8.46231 0 0)
(21.4336 0 0)
(11.2448 0 0)
(-13.5383 0 0)
(-34.5343 0 0)
(-41.2054 0 0)
(-20.1027 0 0)
(-14.4251 0 0)
(-124.747 0 0)
(-211.949 0 0)
(-212.836 0 0)
(-211.098 0 0)
(-221.38 0 0)
(-232.113 0 0)
(-232.547 0 0)
(-230.799 0 0)
(-227.106 0 0)
(-221.268 0 0)
(-217.939 0 0)
(-216.175 0 0)
(-213.797 0 0)
(-209.258 0 0)
(-204.809 0 0)
(-202.968 0 0)
(-201.652 0 0)
(-202.937 0 0)
(-205.913 0 0)
(-205.729 0 0)
(-203.821 0 0)
(-199.155 0 0)
(-191.2 0 0)
(-187.583 0 0)
(-186.737 0 0)
(-197.659 0 0)
(-216.617 0 0)
(-219.596 0 0)
(-218.055 0 0)
(-215.676 0 0)
(-207.77 0 0)
(-182.804 0 0)
(-160.907 0 0)
(-152.969 0 0)
(-149.942 0 0)
(-148.471 0 0)
(-146.577 0 0)
(-143.36 0 0)
(-139.207 0 0)
(-136.192 0 0)
(-134.959 0 0)
(-134.09 0 0)
(-133.629 0 0)
(-133.81 0 0)
(-133.973 0 0)
(-133.428 0 0)
(-132.195 0 0)
(-128.747 0 0)
(-121.072 0 0)
(-112.506 0 0)
(-106.677 0 0)
(-102.888 0 0)
(-100.214 0 0)
(-99.1626 0 0)
(-98.4899 0 0)
(-97.9096 0 0)
(-97.2883 0 0)
(-94.9323 0 0)
(-91.0442 0 0)
(-85.5551 0 0)
(-81.1776 0 0)
(-77.0606 0 0)
(-74.3686 0 0)
(-71.7426 0 0)
(-68.5621 0 0)
(-65.3697 0 0)
(-61.2784 0 0)
(-58.8124 0 0)
(-55.0074 0 0)
(-52.1128 0 0)
(-48.8602 0 0)
(-45.9705 0 0)
(-43.4762 0 0)
(-39.5333 0 0)
(-36.9714 0 0)
(-33.26 0 0)
(-29.9001 0 0)
(-26.2031 0 0)
(-23.2065 0 0)
(-20.0873 0 0)
(-17.3052 0 0)
(-14.3944 0 0)
(-11.093 0 0)
(-8.02307 0 0)
(-4.41031 0 0)
(-1.66779 0 0)
)
;

boundaryField
{
    sides
    {
        type            fixedValue;
        value           uniform (0 0 0);
    }
    empty
    {
        type            empty;
    }
}


// ************************************************************************* //
