/*--------------------------------*- C++ -*----------------------------------*\
| =========                 |                                                 |
| \\      /  F ield         | OpenFOAM: The Open Source CFD Toolbox           |
|  \\    /   O peration     | Version:  2412                                  |
|   \\  /    A nd           | Website:  www.openfoam.com                      |
|    \\/     M anipulation  |                                                 |
\*---------------------------------------------------------------------------*/
FoamFile
{
    version     2.0;
    format      ascii;
    arch        "LSB;label=32;scalar=64";
    class       volVectorField;
    location    "0.0456248";
    object      U;
}
// * * * * * * * * * * * * * * * * * * * * * * * * * * * * * * * * * * * * * //

dimensions      [0 1 -1 0 0 0 0];

internalField   nonuniform List<vector> 
100
(
(-5.00646 0 0)
(-145.761 0 0)
(-242.368 0 0)
(-248.175 0 0)
(-243.73 0 0)
(-244.326 0 0)
(-252.632 0 0)
(-252.368 0 0)
(-250.742 0 0)
(-247.533 0 0)
(-235.415 0 0)
(-216.943 0 0)
(-210.027 0 0)
(-207.955 0 0)
(-206.82 0 0)
(-210.48 0 0)
(-222.124 0 0)
(-226.126 0 0)
(-224.725 0 0)
(-222.906 0 0)
(-217.039 0 0)
(-208.478 0 0)
(-204.567 0 0)
(-203.179 0 0)
(-204.053 0 0)
(-206.646 0 0)
(-205.936 0 0)
(-203.694 0 0)
(-196.802 0 0)
(-188.556 0 0)
(-185.234 0 0)
(-184.506 0 0)
(-188.147 0 0)
(-191.021 0 0)
(-190.066 0 0)
(-186.672 0 0)
(-177.646 0 0)
(-170.305 0 0)
(-167.617 0 0)
(-168.257 0 0)
(-176.891 0 0)
(-182.845 0 0)
(-182.257 0 0)
(-179.185 0 0)
(-169.141 0 0)
(-154.589 0 0)
(-148.004 0 0)
(-145.744 0 0)
(-145.59 0 0)
(-149.631 0 0)
(-155.222 0 0)
(-156.077 0 0)
(-154.808 0 0)
(-152.258 0 0)
(-148.195 0 0)
(-144.96 0 0)
(-143.091 0 0)
(-140.434 0 0)
(-136.13 0 0)
(-132.247 0 0)
(-130.549 0 0)
(-130.27 0 0)
(-130.886 0 0)
(-130.521 0 0)
(-128.316 0 0)
(-123.444 0 0)
(-117.876 0 0)
(-115.113 0 0)
(-116.423 0 0)
(-126.545 0 0)
(-135.978 0 0)
(-136.295 0 0)
(-134.519 0 0)
(-127.935 0 0)
(-111.386 0 0)
(-93.2158 0 0)
(-81.4291 0 0)
(-77.427 0 0)
(-71.4506 0 0)
(-68.7796 0 0)
(-65.9605 0 0)
(-63.2485 0 0)
(-62.3225 0 0)
(-60.8018 0 0)
(-60.6992 0 0)
(-57.8493 0 0)
(-54.2904 0 0)
(-48.617 0 0)
(-43.118 0 0)
(-37.5542 0 0)
(-33.0983 0 0)
(-29.3001 0 0)
(-26.539 0 0)
(-24.3691 0 0)
(-22.1377 0 0)
(-19.3424 0 0)
(-15.2542 0 0)
(-11.0532 0 0)
(-6.25518 0 0)
(-2.35789 0 0)
)
;

boundaryField
{
    sides
    {
        type            fixedValue;
        value           uniform (0 0 0);
    }
    empty
    {
        type            empty;
    }
}


// ************************************************************************* //
