/*--------------------------------*- C++ -*----------------------------------*\
| =========                 |                                                 |
| \\      /  F ield         | OpenFOAM: The Open Source CFD Toolbox           |
|  \\    /   O peration     | Version:  2412                                  |
|   \\  /    A nd           | Website:  www.openfoam.com                      |
|    \\/     M anipulation  |                                                 |
\*---------------------------------------------------------------------------*/
FoamFile
{
    version     2.0;
    format      ascii;
    arch        "LSB;label=32;scalar=64";
    class       volVectorField;
    location    "0.037859";
    object      U;
}
// * * * * * * * * * * * * * * * * * * * * * * * * * * * * * * * * * * * * * //

dimensions      [0 1 -1 0 0 0 0];

internalField   nonuniform List<vector> 
100
(
(1.71605 0 0)
(5.26695 0 0)
(8.69048 0 0)
(12.1878 0 0)
(15.4791 0 0)
(19.0061 0 0)
(22.2646 0 0)
(25.9586 0 0)
(29.3982 0 0)
(33.1506 0 0)
(36.7787 0 0)
(40.3916 0 0)
(44.1204 0 0)
(47.6114 0 0)
(51.3442 0 0)
(54.736 0 0)
(58.4258 0 0)
(61.7615 0 0)
(65.3127 0 0)
(68.6116 0 0)
(72.0245 0 0)
(75.4493 0 0)
(78.9301 0 0)
(82.3914 0 0)
(85.8753 0 0)
(89.3473 0 0)
(92.8325 0 0)
(96.2966 0 0)
(99.7326 0 0)
(103.258 0 0)
(107.12 0 0)
(106.6 0 0)
(-21.2529 0 0)
(-152.444 0 0)
(-164.1 0 0)
(-156.131 0 0)
(-153.655 0 0)
(-157.248 0 0)
(-156.42 0 0)
(-150.41 0 0)
(-141.286 0 0)
(-136.787 0 0)
(-135.474 0 0)
(-135.66 0 0)
(-138.383 0 0)
(-140.285 0 0)
(-139.793 0 0)
(-138.031 0 0)
(-132.686 0 0)
(-121.274 0 0)
(-112.417 0 0)
(-108.973 0 0)
(-108.786 0 0)
(-110.486 0 0)
(-111.647 0 0)
(-111.025 0 0)
(-109.731 0 0)
(-108.106 0 0)
(-103.471 0 0)
(-98.6664 0 0)
(-96.2474 0 0)
(-95.4283 0 0)
(-94.916 0 0)
(-91.8257 0 0)
(-87.8441 0 0)
(-81.1644 0 0)
(-79.2367 0 0)
(-77.5731 0 0)
(-78.0141 0 0)
(-78.4873 0 0)
(-72.3928 0 0)
(-69.0826 0 0)
(-61.6117 0 0)
(-61.9957 0 0)
(-62.3358 0 0)
(-64.3237 0 0)
(-65.8124 0 0)
(-60.2633 0 0)
(-54.7061 0 0)
(-44.8327 0 0)
(-41.1335 0 0)
(-40.174 0 0)
(-41.8591 0 0)
(-42.2114 0 0)
(-40.1428 0 0)
(-37.203 0 0)
(-34.4413 0 0)
(-33.3836 0 0)
(-32.0853 0 0)
(-30.8752 0 0)
(-29.794 0 0)
(-25.9964 0 0)
(-18.4438 0 0)
(-7.63283 0 0)
(2.95065 0 0)
(11.165 0 0)
(14.9075 0 0)
(15.0778 0 0)
(12.4705 0 0)
(2.62299 0 0)
)
;

boundaryField
{
    sides
    {
        type            fixedValue;
        value           uniform (0 0 0);
    }
    empty
    {
        type            empty;
    }
}


// ************************************************************************* //
