/*--------------------------------*- C++ -*----------------------------------*\
| =========                 |                                                 |
| \\      /  F ield         | OpenFOAM: The Open Source CFD Toolbox           |
|  \\    /   O peration     | Version:  2412                                  |
|   \\  /    A nd           | Website:  www.openfoam.com                      |
|    \\/     M anipulation  |                                                 |
\*---------------------------------------------------------------------------*/
FoamFile
{
    version     2.0;
    format      ascii;
    arch        "LSB;label=32;scalar=64";
    class       volVectorField;
    location    "0.0149611";
    object      U;
}
// * * * * * * * * * * * * * * * * * * * * * * * * * * * * * * * * * * * * * //

dimensions      [0 1 -1 0 0 0 0];

internalField   nonuniform List<vector> 
100
(
(0.238893 0 0)
(3.48872 0 0)
(12.5629 0 0)
(23.8545 0 0)
(33.2811 0 0)
(40.5826 0 0)
(46.7198 0 0)
(52.3908 0 0)
(57.9306 0 0)
(63.4629 0 0)
(69.0169 0 0)
(74.5911 0 0)
(80.1787 0 0)
(85.7749 0 0)
(91.3778 0 0)
(96.9883 0 0)
(102.605 0 0)
(108.235 0 0)
(113.865 0 0)
(119.526 0 0)
(125.141 0 0)
(130.857 0 0)
(136.37 0 0)
(142.203 0 0)
(147.472 0 0)
(153.495 0 0)
(158.548 0 0)
(164.613 0 0)
(169.87 0 0)
(175.497 0 0)
(181.244 0 0)
(186.425 0 0)
(192.311 0 0)
(197.461 0 0)
(203.433 0 0)
(208.579 0 0)
(214.454 0 0)
(219.86 0 0)
(225.717 0 0)
(231.158 0 0)
(236.825 0 0)
(242.428 0 0)
(248.133 0 0)
(253.585 0 0)
(258.917 0 0)
(264.48 0 0)
(269.733 0 0)
(274.044 0 0)
(278.587 0 0)
(282.87 0 0)
(285.09 0 0)
(285.136 0 0)
(282.22 0 0)
(280.363 0 0)
(284.375 0 0)
(286.972 0 0)
(284.734 0 0)
(278.026 0 0)
(276.678 0 0)
(287.855 0 0)
(290.031 0 0)
(284.207 0 0)
(275.481 0 0)
(275.37 0 0)
(289.604 0 0)
(290.634 0 0)
(284.688 0 0)
(275.224 0 0)
(274.768 0 0)
(285.902 0 0)
(289.94 0 0)
(287.467 0 0)
(276.774 0 0)
(276.685 0 0)
(279.285 0 0)
(288.326 0 0)
(287.979 0 0)
(284.561 0 0)
(276.053 0 0)
(276.381 0 0)
(276.54 0 0)
(285.788 0 0)
(287.508 0 0)
(283.417 0 0)
(282.702 0 0)
(280.088 0 0)
(279.054 0 0)
(278.483 0 0)
(151.373 0 0)
(21.2912 0 0)
(-2.59619 0 0)
(7.20843 0 0)
(5.67845 0 0)
(3.45625 0 0)
(0.239729 0 0)
(0.217467 0 0)
(-0.0520601 0 0)
(2.22982 0 0)
(4.31176 0 0)
(-2.08398 0 0)
)
;

boundaryField
{
    sides
    {
        type            fixedValue;
        value           uniform (0 0 0);
    }
    empty
    {
        type            empty;
    }
}


// ************************************************************************* //
