/*--------------------------------*- C++ -*----------------------------------*\
| =========                 |                                                 |
| \\      /  F ield         | OpenFOAM: The Open Source CFD Toolbox           |
|  \\    /   O peration     | Version:  2412                                  |
|   \\  /    A nd           | Website:  www.openfoam.com                      |
|    \\/     M anipulation  |                                                 |
\*---------------------------------------------------------------------------*/
FoamFile
{
    version     2.0;
    format      ascii;
    arch        "LSB;label=32;scalar=64";
    class       volVectorField;
    location    "0.05434";
    object      U;
}
// * * * * * * * * * * * * * * * * * * * * * * * * * * * * * * * * * * * * * //

dimensions      [0 1 -1 0 0 0 0];

internalField   nonuniform List<vector> 
100
(
(-1.33455 0 0)
(-18.967 0 0)
(-16.8572 0 0)
(-12.8501 0 0)
(1.66025 0 0)
(11.3499 0 0)
(13.4706 0 0)
(16.5289 0 0)
(11.3578 0 0)
(-2.18249 0 0)
(-11.0718 0 0)
(-14.6869 0 0)
(-10.6029 0 0)
(-0.774959 0 0)
(5.28585 0 0)
(9.29121 0 0)
(4.98977 0 0)
(0.563223 0 0)
(-3.63296 0 0)
(-50.6012 0 0)
(-175.15 0 0)
(-230.375 0 0)
(-226.08 0 0)
(-216.951 0 0)
(-213.938 0 0)
(-213.621 0 0)
(-230.506 0 0)
(-249.143 0 0)
(-250.251 0 0)
(-248.571 0 0)
(-246.209 0 0)
(-238.971 0 0)
(-210.309 0 0)
(-185.04 0 0)
(-177.552 0 0)
(-175.755 0 0)
(-175.066 0 0)
(-174.566 0 0)
(-173.242 0 0)
(-170.416 0 0)
(-165.067 0 0)
(-161.446 0 0)
(-159.97 0 0)
(-159.204 0 0)
(-158.58 0 0)
(-158.998 0 0)
(-160.209 0 0)
(-160.45 0 0)
(-159.689 0 0)
(-158.521 0 0)
(-155.423 0 0)
(-146.607 0 0)
(-135.106 0 0)
(-128.87 0 0)
(-125.997 0 0)
(-124.984 0 0)
(-124.232 0 0)
(-123.705 0 0)
(-123.707 0 0)
(-123.55 0 0)
(-122.724 0 0)
(-120.271 0 0)
(-115.047 0 0)
(-108.661 0 0)
(-104.403 0 0)
(-101.382 0 0)
(-98.966 0 0)
(-96.6708 0 0)
(-93.9668 0 0)
(-90.8691 0 0)
(-87.6677 0 0)
(-84.4776 0 0)
(-81.5142 0 0)
(-78.2484 0 0)
(-75.4427 0 0)
(-72.3757 0 0)
(-69.8167 0 0)
(-67.02 0 0)
(-64.2691 0 0)
(-61.2775 0 0)
(-57.9669 0 0)
(-55.3493 0 0)
(-51.5297 0 0)
(-49.0122 0 0)
(-45.8955 0 0)
(-42.8988 0 0)
(-40.0234 0 0)
(-36.9082 0 0)
(-34.6318 0 0)
(-31.2862 0 0)
(-28.6138 0 0)
(-25.3455 0 0)
(-22.5554 0 0)
(-19.3453 0 0)
(-16.2828 0 0)
(-13.1417 0 0)
(-10.0009 0 0)
(-7.22592 0 0)
(-3.91676 0 0)
(-1.347 0 0)
)
;

boundaryField
{
    sides
    {
        type            fixedValue;
        value           uniform (0 0 0);
    }
    empty
    {
        type            empty;
    }
}


// ************************************************************************* //
