/*--------------------------------*- C++ -*----------------------------------*\
| =========                 |                                                 |
| \\      /  F ield         | OpenFOAM: The Open Source CFD Toolbox           |
|  \\    /   O peration     | Version:  2412                                  |
|   \\  /    A nd           | Website:  www.openfoam.com                      |
|    \\/     M anipulation  |                                                 |
\*---------------------------------------------------------------------------*/
FoamFile
{
    version     2.0;
    format      ascii;
    arch        "LSB;label=32;scalar=64";
    class       volVectorField;
    location    "0.0281204";
    object      U;
}
// * * * * * * * * * * * * * * * * * * * * * * * * * * * * * * * * * * * * * //

dimensions      [0 1 -1 0 0 0 0];

internalField   nonuniform List<vector> 
100
(
(2.48798 0 0)
(7.51079 0 0)
(12.4794 0 0)
(17.474 0 0)
(22.4131 0 0)
(27.4046 0 0)
(32.2799 0 0)
(37.3649 0 0)
(42.1779 0 0)
(47.4404 0 0)
(52.1159 0 0)
(57.435 0 0)
(62.0678 0 0)
(67.3281 0 0)
(72.1928 0 0)
(77.2292 0 0)
(82.3364 0 0)
(87.146 0 0)
(92.4044 0 0)
(97.1312 0 0)
(102.434 0 0)
(107.197 0 0)
(112.452 0 0)
(117.284 0 0)
(122.476 0 0)
(127.388 0 0)
(132.508 0 0)
(137.471 0 0)
(142.549 0 0)
(147.539 0 0)
(152.599 0 0)
(157.621 0 0)
(162.672 0 0)
(167.702 0 0)
(172.729 0 0)
(177.713 0 0)
(182.654 0 0)
(187.588 0 0)
(192.513 0 0)
(197.415 0 0)
(202.417 0 0)
(207.577 0 0)
(212.628 0 0)
(217.507 0 0)
(222.359 0 0)
(226.988 0 0)
(230.918 0 0)
(234.104 0 0)
(236.76 0 0)
(238.567 0 0)
(238.928 0 0)
(239.626 0 0)
(243.873 0 0)
(250.994 0 0)
(253.113 0 0)
(253.217 0 0)
(253.555 0 0)
(253.739 0 0)
(253.723 0 0)
(263.962 0 0)
(287.115 0 0)
(193.45 0 0)
(32.6277 0 0)
(11.7003 0 0)
(5.08424 0 0)
(-4.35661 0 0)
(-8.80393 0 0)
(-10.6762 0 0)
(-1.69292 0 0)
(-5.51035 0 0)
(3.13704 0 0)
(1.83896 0 0)
(2.93705 0 0)
(7.00514 0 0)
(0.946347 0 0)
(3.66299 0 0)
(-3.13407 0 0)
(-2.53181 0 0)
(-0.0512318 0 0)
(3.34261 0 0)
(7.88428 0 0)
(3.40158 0 0)
(-3.38678 0 0)
(-8.7855 0 0)
(-9.29978 0 0)
(-3.71157 0 0)
(4.55158 0 0)
(8.17334 0 0)
(8.47067 0 0)
(2.92802 0 0)
(-3.15788 0 0)
(-5.54402 0 0)
(-5.07901 0 0)
(-1.3486 0 0)
(1.90852 0 0)
(1.69074 0 0)
(-0.700054 0 0)
(-3.78878 0 0)
(-4.40771 0 0)
(-2.11231 0 0)
)
;

boundaryField
{
    sides
    {
        type            fixedValue;
        value           uniform (0 0 0);
    }
    empty
    {
        type            empty;
    }
}


// ************************************************************************* //
