/*--------------------------------*- C++ -*----------------------------------*\
| =========                 |                                                 |
| \\      /  F ield         | OpenFOAM: The Open Source CFD Toolbox           |
|  \\    /   O peration     | Version:  2412                                  |
|   \\  /    A nd           | Website:  www.openfoam.com                      |
|    \\/     M anipulation  |                                                 |
\*---------------------------------------------------------------------------*/
FoamFile
{
    version     2.0;
    format      ascii;
    arch        "LSB;label=32;scalar=64";
    class       volVectorField;
    location    "0.0512595";
    object      U;
}
// * * * * * * * * * * * * * * * * * * * * * * * * * * * * * * * * * * * * * //

dimensions      [0 1 -1 0 0 0 0];

internalField   nonuniform List<vector> 
100
(
(-4.32204 0 0)
(-12.2374 0 0)
(-1.59309 0 0)
(11.6539 0 0)
(15.8944 0 0)
(10.2144 0 0)
(-7.77632 0 0)
(-19.0142 0 0)
(-20.5441 0 0)
(-9.3864 0 0)
(2.77532 0 0)
(2.57535 0 0)
(-60.4254 0 0)
(-209.44 0 0)
(-251.015 0 0)
(-239.968 0 0)
(-218.419 0 0)
(-209.234 0 0)
(-207.17 0 0)
(-205.933 0 0)
(-206.278 0 0)
(-215.718 0 0)
(-225.615 0 0)
(-226.138 0 0)
(-224.38 0 0)
(-220.878 0 0)
(-215.293 0 0)
(-212.088 0 0)
(-209.993 0 0)
(-207.587 0 0)
(-202.681 0 0)
(-198.583 0 0)
(-196.51 0 0)
(-195.464 0 0)
(-196.731 0 0)
(-199.371 0 0)
(-198.864 0 0)
(-197.015 0 0)
(-191.7 0 0)
(-184.353 0 0)
(-181.27 0 0)
(-181.07 0 0)
(-194.132 0 0)
(-210.564 0 0)
(-212.439 0 0)
(-210.782 0 0)
(-207.996 0 0)
(-197.589 0 0)
(-171.846 0 0)
(-153.293 0 0)
(-146.553 0 0)
(-143.609 0 0)
(-141.855 0 0)
(-139.447 0 0)
(-135.877 0 0)
(-131.993 0 0)
(-129.693 0 0)
(-128.714 0 0)
(-127.981 0 0)
(-127.711 0 0)
(-127.835 0 0)
(-127.605 0 0)
(-126.69 0 0)
(-124.228 0 0)
(-118.549 0 0)
(-110.035 0 0)
(-103.344 0 0)
(-98.8072 0 0)
(-95.4508 0 0)
(-93.502 0 0)
(-92.739 0 0)
(-91.9635 0 0)
(-91.4217 0 0)
(-89.4122 0 0)
(-85.9353 0 0)
(-81.0356 0 0)
(-76.3926 0 0)
(-72.2257 0 0)
(-68.8797 0 0)
(-66.6426 0 0)
(-62.6486 0 0)
(-59.7633 0 0)
(-55.8895 0 0)
(-53.1202 0 0)
(-49.9716 0 0)
(-46.7617 0 0)
(-43.8703 0 0)
(-39.5834 0 0)
(-36.8976 0 0)
(-33.2977 0 0)
(-30.4735 0 0)
(-27.4788 0 0)
(-24.5853 0 0)
(-21.0323 0 0)
(-17.5583 0 0)
(-13.9643 0 0)
(-10.3305 0 0)
(-7.51002 0 0)
(-4.21774 0 0)
(-1.61025 0 0)
)
;

boundaryField
{
    sides
    {
        type            fixedValue;
        value           uniform (0 0 0);
    }
    empty
    {
        type            empty;
    }
}


// ************************************************************************* //
