/*--------------------------------*- C++ -*----------------------------------*\
| =========                 |                                                 |
| \\      /  F ield         | OpenFOAM: The Open Source CFD Toolbox           |
|  \\    /   O peration     | Version:  2412                                  |
|   \\  /    A nd           | Website:  www.openfoam.com                      |
|    \\/     M anipulation  |                                                 |
\*---------------------------------------------------------------------------*/
FoamFile
{
    version     2.0;
    format      ascii;
    arch        "LSB;label=32;scalar=64";
    class       volVectorField;
    location    "0.00305588";
    object      U;
}
// * * * * * * * * * * * * * * * * * * * * * * * * * * * * * * * * * * * * * //

dimensions      [0 1 -1 0 0 0 0];

internalField   nonuniform List<vector> 
100
(
(2.54093e-14 0 0)
(3.84626e-14 0 0)
(3.5928e-14 0 0)
(-3.55966e-14 0 0)
(-7.52931e-15 0 0)
(2.54739e-14 0 0)
(-3.38026e-14 0 0)
(1.28627e-14 0 0)
(4.41255e-14 0 0)
(-2.26857e-14 0 0)
(-3.98294e-14 0 0)
(-1.76392e-14 0 0)
(-5.64053e-14 0 0)
(-9.04034e-15 0 0)
(3.20904e-14 0 0)
(-1.31384e-14 0 0)
(-2.61584e-14 0 0)
(4.04115e-14 0 0)
(-6.11539e-16 0 0)
(9.62064e-15 0 0)
(-7.76775e-15 0 0)
(1.53113e-14 0 0)
(4.00026e-14 0 0)
(1.51299e-14 0 0)
(9.20987e-14 0 0)
(9.2548e-14 0 0)
(1.98981e-13 0 0)
(1.50823e-13 0 0)
(1.03453e-13 0 0)
(1.1737e-13 0 0)
(1.18224e-13 0 0)
(4.03978e-14 0 0)
(-1.65461e-14 0 0)
(6.22954e-12 0 0)
(3.8364e-09 0 0)
(1.64776e-06 0 0)
(0.000405453 0 0)
(0.04204 0 0)
(1.28693 0 0)
(10.422 0 0)
(32.2666 0 0)
(59.717 0 0)
(85.7069 0 0)
(112.746 0 0)
(134.972 0 0)
(162.983 0 0)
(186.394 0 0)
(205.445 0 0)
(237.35 0 0)
(263.181 0 0)
(273.193 0 0)
(281.324 0 0)
(286.701 0 0)
(287.461 0 0)
(283.357 0 0)
(277.559 0 0)
(279.417 0 0)
(282.617 0 0)
(275.753 0 0)
(274.045 0 0)
(276.59 0 0)
(282.363 0 0)
(299.438 0 0)
(297.045 0 0)
(206.291 0 0)
(19.1147 0 0)
(0.0593433 0 0)
(1.75183e-05 0 0)
(1.42759e-09 0 0)
(4.5277e-13 0 0)
(1.10765e-13 0 0)
(-5.06645e-14 0 0)
(-9.09973e-14 0 0)
(2.00876e-15 0 0)
(9.09382e-14 0 0)
(8.37281e-14 0 0)
(-4.17283e-14 0 0)
(-2.08003e-14 0 0)
(-5.48602e-14 0 0)
(-2.25859e-14 0 0)
(-5.56772e-14 0 0)
(-1.57212e-13 0 0)
(-8.57312e-14 0 0)
(6.96318e-14 0 0)
(1.10056e-13 0 0)
(-2.77986e-14 0 0)
(-2.26978e-13 0 0)
(-2.60849e-13 0 0)
(-1.46415e-13 0 0)
(-5.2105e-14 0 0)
(-1.55403e-13 0 0)
(-8.32238e-14 0 0)
(-5.82604e-15 0 0)
(-1.74856e-13 0 0)
(-9.28624e-14 0 0)
(-1.34137e-14 0 0)
(-6.20215e-14 0 0)
(-2.05325e-14 0 0)
(-2.82934e-14 0 0)
(-9.24538e-14 0 0)
)
;

boundaryField
{
    sides
    {
        type            fixedValue;
        value           uniform (0 0 0);
    }
    empty
    {
        type            empty;
    }
}


// ************************************************************************* //
