/*--------------------------------*- C++ -*----------------------------------*\
| =========                 |                                                 |
| \\      /  F ield         | OpenFOAM: The Open Source CFD Toolbox           |
|  \\    /   O peration     | Version:  2412                                  |
|   \\  /    A nd           | Website:  www.openfoam.com                      |
|    \\/     M anipulation  |                                                 |
\*---------------------------------------------------------------------------*/
FoamFile
{
    version     2.0;
    format      ascii;
    arch        "LSB;label=32;scalar=64";
    class       volVectorField;
    location    "0.0258359";
    object      U;
}
// * * * * * * * * * * * * * * * * * * * * * * * * * * * * * * * * * * * * * //

dimensions      [0 1 -1 0 0 0 0];

internalField   nonuniform List<vector> 
100
(
(2.76249 0 0)
(8.31196 0 0)
(13.8168 0 0)
(19.3437 0 0)
(24.8788 0 0)
(30.4233 0 0)
(35.9624 0 0)
(41.5676 0 0)
(47.0259 0 0)
(52.7278 0 0)
(58.0533 0 0)
(63.8757 0 0)
(69.0469 0 0)
(74.897 0 0)
(80.1107 0 0)
(85.8735 0 0)
(91.3513 0 0)
(96.8472 0 0)
(102.525 0 0)
(107.818 0 0)
(113.6 0 0)
(118.843 0 0)
(124.676 0 0)
(129.993 0 0)
(135.755 0 0)
(141.121 0 0)
(146.782 0 0)
(152.226 0 0)
(157.882 0 0)
(163.468 0 0)
(169.219 0 0)
(174.904 0 0)
(180.591 0 0)
(186.085 0 0)
(191.445 0 0)
(196.644 0 0)
(201.73 0 0)
(206.751 0 0)
(211.797 0 0)
(217.129 0 0)
(223.194 0 0)
(230.354 0 0)
(236.967 0 0)
(241.215 0 0)
(244.773 0 0)
(249.619 0 0)
(260.721 0 0)
(280.541 0 0)
(288.27 0 0)
(290.246 0 0)
(290.304 0 0)
(289.513 0 0)
(289.241 0 0)
(288.013 0 0)
(283.426 0 0)
(281.353 0 0)
(281.894 0 0)
(281.588 0 0)
(280.629 0 0)
(282.227 0 0)
(285.391 0 0)
(285.446 0 0)
(280.616 0 0)
(280.204 0 0)
(286.447 0 0)
(285.54 0 0)
(123.994 0 0)
(15.4674 0 0)
(16.7397 0 0)
(5.73873 0 0)
(11.9729 0 0)
(-0.418886 0 0)
(-2.95527 0 0)
(2.52369 0 0)
(-10.3937 0 0)
(-8.0872 0 0)
(-13.1964 0 0)
(-4.80571 0 0)
(4.36979 0 0)
(7.52051 0 0)
(13.7434 0 0)
(9.18545 0 0)
(2.18524 0 0)
(-5.28279 0 0)
(-8.65604 0 0)
(-2.94695 0 0)
(3.58274 0 0)
(5.39988 0 0)
(5.23309 0 0)
(-1.67181 0 0)
(-7.8425 0 0)
(-7.18471 0 0)
(-4.57208 0 0)
(-0.341571 0 0)
(2.89543 0 0)
(3.90259 0 0)
(5.19883 0 0)
(4.06646 0 0)
(3.0567 0 0)
(1.89278 0 0)
)
;

boundaryField
{
    sides
    {
        type            fixedValue;
        value           uniform (0 0 0);
    }
    empty
    {
        type            empty;
    }
}


// ************************************************************************* //
