/*--------------------------------*- C++ -*----------------------------------*\
| =========                 |                                                 |
| \\      /  F ield         | OpenFOAM: The Open Source CFD Toolbox           |
|  \\    /   O peration     | Version:  2412                                  |
|   \\  /    A nd           | Website:  www.openfoam.com                      |
|    \\/     M anipulation  |                                                 |
\*---------------------------------------------------------------------------*/
FoamFile
{
    version     2.0;
    format      ascii;
    arch        "LSB;label=32;scalar=64";
    class       volVectorField;
    location    "0.0335685";
    object      U;
}
// * * * * * * * * * * * * * * * * * * * * * * * * * * * * * * * * * * * * * //

dimensions      [0 1 -1 0 0 0 0];

internalField   nonuniform List<vector> 
100
(
(1.98175 0 0)
(6.05495 0 0)
(10.0146 0 0)
(14.1176 0 0)
(18.005 0 0)
(22.2154 0 0)
(25.9865 0 0)
(30.3437 0 0)
(34.0207 0 0)
(38.3935 0 0)
(42.1054 0 0)
(46.3494 0 0)
(50.3292 0 0)
(54.3368 0 0)
(58.5779 0 0)
(62.3872 0 0)
(66.7292 0 0)
(70.4808 0 0)
(74.8238 0 0)
(78.63 0 0)
(82.913 0 0)
(86.7927 0 0)
(90.9843 0 0)
(94.9122 0 0)
(99.0125 0 0)
(102.982 0 0)
(107.049 0 0)
(111.069 0 0)
(115.135 0 0)
(119.172 0 0)
(123.219 0 0)
(127.248 0 0)
(131.285 0 0)
(135.306 0 0)
(139.341 0 0)
(143.308 0 0)
(147.264 0 0)
(151.142 0 0)
(154.972 0 0)
(158.847 0 0)
(162.547 0 0)
(166.123 0 0)
(169.414 0 0)
(172.159 0 0)
(174.747 0 0)
(177.155 0 0)
(119.655 0 0)
(-71.0918 0 0)
(-114.757 0 0)
(-106.659 0 0)
(-93.6612 0 0)
(-87.5829 0 0)
(-84.9829 0 0)
(-82.9513 0 0)
(-81.9779 0 0)
(-82.6328 0 0)
(-81.9766 0 0)
(-79.575 0 0)
(-74.3642 0 0)
(-69.659 0 0)
(-67.1565 0 0)
(-65.2035 0 0)
(-65.6022 0 0)
(-62.0857 0 0)
(-62.6517 0 0)
(-59.1597 0 0)
(-53.9536 0 0)
(-48.3465 0 0)
(-40.4917 0 0)
(-41.9941 0 0)
(-37.1472 0 0)
(-38.8996 0 0)
(-37.751 0 0)
(-33.6017 0 0)
(-33.4917 0 0)
(-29.8478 0 0)
(-30.672 0 0)
(-23.0354 0 0)
(-15.6765 0 0)
(-1.27237 0 0)
(8.15031 0 0)
(10.8601 0 0)
(11.348 0 0)
(6.37016 0 0)
(1.30906 0 0)
(-1.55034 0 0)
(-0.246839 0 0)
(0.84018 0 0)
(2.77343 0 0)
(0.319723 0 0)
(-4.80951 0 0)
(-7.37541 0 0)
(-6.79915 0 0)
(-3.05902 0 0)
(1.61932 0 0)
(4.47637 0 0)
(5.61819 0 0)
(4.73893 0 0)
(2.99345 0 0)
(1.68849 0 0)
)
;

boundaryField
{
    sides
    {
        type            fixedValue;
        value           uniform (0 0 0);
    }
    empty
    {
        type            empty;
    }
}


// ************************************************************************* //
