/*--------------------------------*- C++ -*----------------------------------*\
| =========                 |                                                 |
| \\      /  F ield         | OpenFOAM: The Open Source CFD Toolbox           |
|  \\    /   O peration     | Version:  2412                                  |
|   \\  /    A nd           | Website:  www.openfoam.com                      |
|    \\/     M anipulation  |                                                 |
\*---------------------------------------------------------------------------*/
FoamFile
{
    version     2.0;
    format      ascii;
    arch        "LSB;label=32;scalar=64";
    class       volVectorField;
    location    "0.00095867";
    object      U;
}
// * * * * * * * * * * * * * * * * * * * * * * * * * * * * * * * * * * * * * //

dimensions      [0 1 -1 0 0 0 0];

internalField   nonuniform List<vector> 
100
(
(5.74118e-14 0 0)
(2.26424e-14 0 0)
(-1.20127e-14 0 0)
(-3.68612e-15 0 0)
(-4.79662e-14 0 0)
(4.11138e-14 0 0)
(2.26049e-14 0 0)
(5.19064e-15 0 0)
(-2.0101e-14 0 0)
(-2.24432e-14 0 0)
(-3.24292e-14 0 0)
(6.13564e-15 0 0)
(-3.26265e-14 0 0)
(-2.44941e-14 0 0)
(1.6489e-20 0 0)
(2.68276e-14 0 0)
(-2.33354e-15 0 0)
(2.4396e-14 0 0)
(-2.4396e-14 0 0)
(1.00299e-14 0 0)
(8.58527e-21 0 0)
(2.25966e-14 0 0)
(-2.6605e-20 0 0)
(-3.25966e-14 0 0)
(4.45724e-14 0 0)
(1.25483e-14 0 0)
(-2.45957e-14 0 0)
(-4.06596e-14 0 0)
(2.38333e-14 0 0)
(8.56381e-14 0 0)
(8.57246e-14 0 0)
(6.45501e-14 0 0)
(-7.48897e-16 0 0)
(-4.69777e-14 0 0)
(-2.08306e-14 0 0)
(4.19396e-14 0 0)
(2.66176e-14 0 0)
(-3.3455e-14 0 0)
(-1.11616e-13 0 0)
(-9.0305e-14 0 0)
(-2.32553e-14 0 0)
(2.27078e-10 0 0)
(4.91536e-07 0 0)
(0.000358396 0 0)
(0.0693588 0 0)
(2.99742 0 0)
(25.4204 0 0)
(78.8383 0 0)
(128.759 0 0)
(201.868 0 0)
(275.712 0 0)
(287.938 0 0)
(296.244 0 0)
(282.682 0 0)
(151.859 0 0)
(7.33922 0 0)
(0.0180824 0 0)
(6.97105e-06 0 0)
(8.07476e-10 0 0)
(4.85784e-14 0 0)
(-6.50177e-14 0 0)
(2.98428e-14 0 0)
(-6.98165e-15 0 0)
(-2.10165e-14 0 0)
(3.0944e-14 0 0)
(1.01947e-14 0 0)
(2.23032e-14 0 0)
(-6.59417e-15 0 0)
(-3.54659e-14 0 0)
(-7.07931e-15 0 0)
(-3.60231e-14 0 0)
(-1.51411e-14 0 0)
(4.16454e-14 0 0)
(5.03878e-14 0 0)
(-7.6833e-14 0 0)
(-1.27846e-16 0 0)
(7.03614e-14 0 0)
(-7.18973e-15 0 0)
(-3.40019e-14 0 0)
(-3.62474e-14 0 0)
(1.42202e-14 0 0)
(6.56587e-14 0 0)
(4.87566e-15 0 0)
(-5.56498e-14 0 0)
(-2.91048e-14 0 0)
(1.42202e-14 0 0)
(6.5755e-14 0 0)
(-1.61269e-14 0 0)
(-3.45543e-14 0 0)
(-3.77448e-14 0 0)
(-2.94333e-14 0 0)
(-6.53077e-15 0 0)
(9.76223e-16 0 0)
(7.00701e-15 0 0)
(5.6671e-15 0 0)
(7.49475e-15 0 0)
(-2.07996e-14 0 0)
(6.3076e-16 0 0)
(6.92117e-15 0 0)
(1.29751e-14 0 0)
)
;

boundaryField
{
    sides
    {
        type            fixedValue;
        value           uniform (0 0 0);
    }
    empty
    {
        type            empty;
    }
}


// ************************************************************************* //
