/*--------------------------------*- C++ -*----------------------------------*\
| =========                 |                                                 |
| \\      /  F ield         | OpenFOAM: The Open Source CFD Toolbox           |
|  \\    /   O peration     | Version:  2412                                  |
|   \\  /    A nd           | Website:  www.openfoam.com                      |
|    \\/     M anipulation  |                                                 |
\*---------------------------------------------------------------------------*/
FoamFile
{
    version     2.0;
    format      ascii;
    arch        "LSB;label=32;scalar=64";
    class       volVectorField;
    location    "0.0260265";
    object      U;
}
// * * * * * * * * * * * * * * * * * * * * * * * * * * * * * * * * * * * * * //

dimensions      [0 1 -1 0 0 0 0];

internalField   nonuniform List<vector> 
100
(
(2.73005 0 0)
(8.2132 0 0)
(13.668 0 0)
(19.1524 0 0)
(24.643 0 0)
(30.1435 0 0)
(35.6285 0 0)
(41.1862 0 0)
(46.5894 0 0)
(52.2517 0 0)
(57.5142 0 0)
(63.291 0 0)
(68.4054 0 0)
(74.2104 0 0)
(79.3936 0 0)
(85.0908 0 0)
(90.5346 0 0)
(95.9668 0 0)
(101.606 0 0)
(106.838 0 0)
(112.572 0 0)
(117.771 0 0)
(123.553 0 0)
(128.832 0 0)
(134.556 0 0)
(139.892 0 0)
(145.512 0 0)
(150.898 0 0)
(156.461 0 0)
(161.946 0 0)
(167.593 0 0)
(173.224 0 0)
(178.927 0 0)
(184.509 0 0)
(189.977 0 0)
(195.26 0 0)
(200.39 0 0)
(205.416 0 0)
(210.391 0 0)
(215.306 0 0)
(220.453 0 0)
(226.628 0 0)
(233.982 0 0)
(240.262 0 0)
(244.295 0 0)
(247.986 0 0)
(251.974 0 0)
(261.97 0 0)
(280.95 0 0)
(289.197 0 0)
(290.494 0 0)
(289.63 0 0)
(289.373 0 0)
(289.268 0 0)
(288.059 0 0)
(283.745 0 0)
(282.21 0 0)
(281.989 0 0)
(280.383 0 0)
(280.491 0 0)
(284.175 0 0)
(286.452 0 0)
(281.519 0 0)
(280.602 0 0)
(283.055 0 0)
(243.754 0 0)
(64.7595 0 0)
(5.07723 0 0)
(18.8699 0 0)
(10.0499 0 0)
(9.48162 0 0)
(-6.33973 0 0)
(-8.42409 0 0)
(0.265374 0 0)
(-8.46014 0 0)
(-4.11833 0 0)
(-10.5038 0 0)
(-4.24955 0 0)
(5.09123 0 0)
(8.48428 0 0)
(14.4786 0 0)
(8.22517 0 0)
(-0.720356 0 0)
(-6.76874 0 0)
(-8.77548 0 0)
(-1.9014 0 0)
(6.26099 0 0)
(8.00878 0 0)
(4.29818 0 0)
(-5.65236 0 0)
(-10.8817 0 0)
(-8.44235 0 0)
(-3.22974 0 0)
(2.63966 0 0)
(6.10485 0 0)
(5.58566 0 0)
(5.26536 0 0)
(1.62828 0 0)
(-0.554622 0 0)
(0.227193 0 0)
)
;

boundaryField
{
    sides
    {
        type            fixedValue;
        value           uniform (0 0 0);
    }
    empty
    {
        type            empty;
    }
}


// ************************************************************************* //
