/*--------------------------------*- C++ -*----------------------------------*\
| =========                 |                                                 |
| \\      /  F ield         | OpenFOAM: The Open Source CFD Toolbox           |
|  \\    /   O peration     | Version:  2412                                  |
|   \\  /    A nd           | Website:  www.openfoam.com                      |
|    \\/     M anipulation  |                                                 |
\*---------------------------------------------------------------------------*/
FoamFile
{
    version     2.0;
    format      ascii;
    arch        "LSB;label=32;scalar=64";
    class       volVectorField;
    location    "0.0363109";
    object      U;
}
// * * * * * * * * * * * * * * * * * * * * * * * * * * * * * * * * * * * * * //

dimensions      [0 1 -1 0 0 0 0];

internalField   nonuniform List<vector> 
100
(
(1.80011 0 0)
(5.5874 0 0)
(9.16563 0 0)
(12.9954 0 0)
(16.47 0 0)
(20.4138 0 0)
(23.774 0 0)
(27.8096 0 0)
(31.1196 0 0)
(35.111 0 0)
(38.5776 0 0)
(42.3443 0 0)
(46.1013 0 0)
(49.6393 0 0)
(53.5811 0 0)
(56.9673 0 0)
(60.95 0 0)
(64.3355 0 0)
(68.2815 0 0)
(71.7431 0 0)
(75.6065 0 0)
(79.1454 0 0)
(82.9259 0 0)
(86.5244 0 0)
(90.2543 0 0)
(93.8895 0 0)
(97.5879 0 0)
(101.241 0 0)
(104.925 0 0)
(108.58 0 0)
(112.247 0 0)
(115.855 0 0)
(119.446 0 0)
(122.948 0 0)
(126.457 0 0)
(130.245 0 0)
(133.7 0 0)
(80.2757 0 0)
(-104.388 0 0)
(-146.105 0 0)
(-137.67 0 0)
(-127.97 0 0)
(-127.049 0 0)
(-131.958 0 0)
(-132.621 0 0)
(-130.664 0 0)
(-125.313 0 0)
(-117.738 0 0)
(-113.193 0 0)
(-112.17 0 0)
(-111.956 0 0)
(-112.718 0 0)
(-113.339 0 0)
(-112.732 0 0)
(-110.545 0 0)
(-104.532 0 0)
(-94.2437 0 0)
(-87.5995 0 0)
(-84.7079 0 0)
(-85.0785 0 0)
(-85.8199 0 0)
(-85.4061 0 0)
(-85.0565 0 0)
(-81.7995 0 0)
(-80.5011 0 0)
(-75.2462 0 0)
(-72.7134 0 0)
(-70.3017 0 0)
(-68.3975 0 0)
(-68.3904 0 0)
(-61.2983 0 0)
(-58.1254 0 0)
(-51.9582 0 0)
(-52.2237 0 0)
(-52.1865 0 0)
(-50.0136 0 0)
(-49.4368 0 0)
(-43.4558 0 0)
(-39.5253 0 0)
(-36.2572 0 0)
(-36.2556 0 0)
(-38.3463 0 0)
(-38.5138 0 0)
(-36.3068 0 0)
(-29.6611 0 0)
(-22.8064 0 0)
(-18.5283 0 0)
(-11.6634 0 0)
(1.08334 0 0)
(3.68843 0 0)
(7.47253 0 0)
(10.4531 0 0)
(8.92391 0 0)
(2.54497 0 0)
(-2.54473 0 0)
(-2.85335 0 0)
(-1.08692 0 0)
(1.03984 0 0)
(2.37501 0 0)
(0.832005 0 0)
)
;

boundaryField
{
    sides
    {
        type            fixedValue;
        value           uniform (0 0 0);
    }
    empty
    {
        type            empty;
    }
}


// ************************************************************************* //
