/*--------------------------------*- C++ -*----------------------------------*\
| =========                 |                                                 |
| \\      /  F ield         | OpenFOAM: The Open Source CFD Toolbox           |
|  \\    /   O peration     | Version:  2412                                  |
|   \\  /    A nd           | Website:  www.openfoam.com                      |
|    \\/     M anipulation  |                                                 |
\*---------------------------------------------------------------------------*/
FoamFile
{
    version     2.0;
    format      ascii;
    arch        "LSB;label=32;scalar=64";
    class       volVectorField;
    location    "0.0462378";
    object      U;
}
// * * * * * * * * * * * * * * * * * * * * * * * * * * * * * * * * * * * * * //

dimensions      [0 1 -1 0 0 0 0];

internalField   nonuniform List<vector> 
100
(
(-183.729 0 0)
(-237.875 0 0)
(-257.445 0 0)
(-259.82 0 0)
(-260.019 0 0)
(-257.978 0 0)
(-253.803 0 0)
(-235.636 0 0)
(-220.184 0 0)
(-215.53 0 0)
(-213.983 0 0)
(-213.015 0 0)
(-219.742 0 0)
(-231.727 0 0)
(-233.583 0 0)
(-232.121 0 0)
(-229.318 0 0)
(-222.19 0 0)
(-214.1 0 0)
(-211.379 0 0)
(-210.235 0 0)
(-212.436 0 0)
(-214.648 0 0)
(-213.854 0 0)
(-211.136 0 0)
(-203.503 0 0)
(-195.601 0 0)
(-192.669 0 0)
(-192.128 0 0)
(-196.243 0 0)
(-198.74 0 0)
(-197.562 0 0)
(-193.883 0 0)
(-184.573 0 0)
(-177.4 0 0)
(-174.899 0 0)
(-175.718 0 0)
(-184.964 0 0)
(-191.006 0 0)
(-190.364 0 0)
(-187.304 0 0)
(-177.06 0 0)
(-161.998 0 0)
(-155.144 0 0)
(-152.791 0 0)
(-152.452 0 0)
(-156.438 0 0)
(-162.829 0 0)
(-164.193 0 0)
(-163.024 0 0)
(-160.564 0 0)
(-156.456 0 0)
(-153.022 0 0)
(-151.081 0 0)
(-148.614 0 0)
(-144.44 0 0)
(-140.349 0 0)
(-138.484 0 0)
(-137.982 0 0)
(-138.791 0 0)
(-138.776 0 0)
(-137.233 0 0)
(-132.648 0 0)
(-126.707 0 0)
(-123.377 0 0)
(-123.248 0 0)
(-131.546 0 0)
(-143.264 0 0)
(-145.667 0 0)
(-143.66 0 0)
(-139.971 0 0)
(-125.567 0 0)
(-106.153 0 0)
(-92.3614 0 0)
(-85.5837 0 0)
(-81.9379 0 0)
(-77.1694 0 0)
(-75.1573 0 0)
(-72.1094 0 0)
(-71.0882 0 0)
(-69.2147 0 0)
(-68.2203 0 0)
(-67.673 0 0)
(-64.6451 0 0)
(-60.1715 0 0)
(-53.7073 0 0)
(-49.0536 0 0)
(-44.1755 0 0)
(-40.1885 0 0)
(-36.2756 0 0)
(-34.0389 0 0)
(-31.7815 0 0)
(-29.8213 0 0)
(-26.5724 0 0)
(-22.6177 0 0)
(-18.4248 0 0)
(-13.8221 0 0)
(-9.99566 0 0)
(-5.68565 0 0)
(-2.03411 0 0)
)
;

boundaryField
{
    sides
    {
        type            fixedValue;
        value           uniform (0 0 0);
    }
    empty
    {
        type            empty;
    }
}


// ************************************************************************* //
