/*--------------------------------*- C++ -*----------------------------------*\
| =========                 |                                                 |
| \\      /  F ield         | OpenFOAM: The Open Source CFD Toolbox           |
|  \\    /   O peration     | Version:  2412                                  |
|   \\  /    A nd           | Website:  www.openfoam.com                      |
|    \\/     M anipulation  |                                                 |
\*---------------------------------------------------------------------------*/
FoamFile
{
    version     2.0;
    format      ascii;
    arch        "LSB;label=32;scalar=64";
    class       volVectorField;
    location    "0.0127506";
    object      U;
}
// * * * * * * * * * * * * * * * * * * * * * * * * * * * * * * * * * * * * * //

dimensions      [0 1 -1 0 0 0 0];

internalField   nonuniform List<vector> 
100
(
(-1.99107e-14 0 0)
(7.898e-14 0 0)
(1.46663e-12 0 0)
(6.43407e-10 0 0)
(2.606e-07 0 0)
(6.76333e-05 0 0)
(0.0083258 0 0)
(0.338829 0 0)
(3.61635 0 0)
(13.0824 0 0)
(25.0983 0 0)
(35.4414 0 0)
(43.7151 0 0)
(50.832 0 0)
(57.4812 0 0)
(63.9924 0 0)
(70.4857 0 0)
(76.9921 0 0)
(83.5129 0 0)
(90.0463 0 0)
(96.5887 0 0)
(103.149 0 0)
(109.709 0 0)
(116.315 0 0)
(122.856 0 0)
(129.553 0 0)
(135.939 0 0)
(142.822 0 0)
(148.871 0 0)
(155.997 0 0)
(161.88 0 0)
(168.822 0 0)
(175.218 0 0)
(181.38 0 0)
(188.284 0 0)
(194.242 0 0)
(201.132 0 0)
(207.113 0 0)
(214.11 0 0)
(220.321 0 0)
(227.058 0 0)
(233.412 0 0)
(240.2 0 0)
(246.596 0 0)
(253.019 0 0)
(259.581 0 0)
(265.788 0 0)
(270.728 0 0)
(276.067 0 0)
(282.126 0 0)
(285.679 0 0)
(285.892 0 0)
(281.402 0 0)
(279.13 0 0)
(285.232 0 0)
(287.938 0 0)
(284.524 0 0)
(276.99 0 0)
(276.06 0 0)
(288.211 0 0)
(289.849 0 0)
(284.427 0 0)
(276.171 0 0)
(276.167 0 0)
(287.96 0 0)
(289.734 0 0)
(285.701 0 0)
(276.873 0 0)
(276.604 0 0)
(282.449 0 0)
(288.511 0 0)
(287.585 0 0)
(280.558 0 0)
(276.572 0 0)
(278.151 0 0)
(282.813 0 0)
(288.792 0 0)
(285.997 0 0)
(284.207 0 0)
(279.975 0 0)
(277.808 0 0)
(278.535 0 0)
(280.205 0 0)
(281.123 0 0)
(283.276 0 0)
(283.64 0 0)
(280.208 0 0)
(279.657 0 0)
(280.634 0 0)
(282.566 0 0)
(283.926 0 0)
(284.905 0 0)
(282.462 0 0)
(237.781 0 0)
(35.0857 0 0)
(-23.1124 0 0)
(-21.4487 0 0)
(-2.51187 0 0)
(12.5925 0 0)
(-0.922746 0 0)
)
;

boundaryField
{
    sides
    {
        type            fixedValue;
        value           uniform (0 0 0);
    }
    empty
    {
        type            empty;
    }
}


// ************************************************************************* //
