/*--------------------------------*- C++ -*----------------------------------*\
| =========                 |                                                 |
| \\      /  F ield         | OpenFOAM: The Open Source CFD Toolbox           |
|  \\    /   O peration     | Version:  2412                                  |
|   \\  /    A nd           | Website:  www.openfoam.com                      |
|    \\/     M anipulation  |                                                 |
\*---------------------------------------------------------------------------*/
FoamFile
{
    version     2.0;
    format      ascii;
    arch        "LSB;label=32;scalar=64";
    class       volVectorField;
    location    "0.013937";
    object      U;
}
// * * * * * * * * * * * * * * * * * * * * * * * * * * * * * * * * * * * * * //

dimensions      [0 1 -1 0 0 0 0];

internalField   nonuniform List<vector> 
100
(
(5.78403e-08 0 0)
(1.8388e-05 0 0)
(0.00279568 0 0)
(0.153735 0 0)
(2.24664 0 0)
(10.084 0 0)
(21.6185 0 0)
(32.0095 0 0)
(40.164 0 0)
(46.9278 0 0)
(53.0909 0 0)
(59.0626 0 0)
(65.0036 0 0)
(70.9586 0 0)
(76.9316 0 0)
(82.9182 0 0)
(88.9139 0 0)
(94.919 0 0)
(100.931 0 0)
(106.96 0 0)
(112.986 0 0)
(119.052 0 0)
(125.057 0 0)
(131.197 0 0)
(137.067 0 0)
(143.359 0 0)
(148.937 0 0)
(155.442 0 0)
(160.843 0 0)
(167.274 0 0)
(173.044 0 0)
(178.858 0 0)
(185.127 0 0)
(190.613 0 0)
(196.931 0 0)
(202.43 0 0)
(208.847 0 0)
(214.453 0 0)
(220.675 0 0)
(226.489 0 0)
(232.772 0 0)
(238.685 0 0)
(244.656 0 0)
(250.589 0 0)
(256.605 0 0)
(262.108 0 0)
(267.728 0 0)
(273.547 0 0)
(278.517 0 0)
(281.344 0 0)
(283.309 0 0)
(283.552 0 0)
(285.355 0 0)
(286.124 0 0)
(282.354 0 0)
(278.573 0 0)
(279.958 0 0)
(288.476 0 0)
(290.023 0 0)
(279.896 0 0)
(275.274 0 0)
(279.05 0 0)
(290.045 0 0)
(290.708 0 0)
(279.914 0 0)
(274.937 0 0)
(277.915 0 0)
(289.502 0 0)
(288.987 0 0)
(283.726 0 0)
(276.585 0 0)
(277.146 0 0)
(284.924 0 0)
(288.783 0 0)
(287.14 0 0)
(278.668 0 0)
(275.558 0 0)
(277.079 0 0)
(281.744 0 0)
(288.203 0 0)
(285.628 0 0)
(283.831 0 0)
(281.27 0 0)
(278.991 0 0)
(279.078 0 0)
(281.149 0 0)
(282.593 0 0)
(282.053 0 0)
(278.678 0 0)
(281.745 0 0)
(224.71 0 0)
(39.9248 0 0)
(-14.5297 0 0)
(-4.40242 0 0)
(8.065 0 0)
(6.94237 0 0)
(-0.148458 0 0)
(-1.3692 0 0)
(1.45711 0 0)
(-6.40688 0 0)
)
;

boundaryField
{
    sides
    {
        type            fixedValue;
        value           uniform (0 0 0);
    }
    empty
    {
        type            empty;
    }
}


// ************************************************************************* //
