/*--------------------------------*- C++ -*----------------------------------*\
| =========                 |                                                 |
| \\      /  F ield         | OpenFOAM: The Open Source CFD Toolbox           |
|  \\    /   O peration     | Version:  2412                                  |
|   \\  /    A nd           | Website:  www.openfoam.com                      |
|    \\/     M anipulation  |                                                 |
\*---------------------------------------------------------------------------*/
FoamFile
{
    version     2.0;
    format      ascii;
    arch        "LSB;label=32;scalar=64";
    class       volVectorField;
    location    "0.00219387";
    object      U;
}
// * * * * * * * * * * * * * * * * * * * * * * * * * * * * * * * * * * * * * //

dimensions      [0 1 -1 0 0 0 0];

internalField   nonuniform List<vector> 
100
(
(-1.45384e-14 0 0)
(-4.9374e-14 0 0)
(4.13665e-15 0 0)
(7.62051e-14 0 0)
(8.02081e-14 0 0)
(2.52926e-14 0 0)
(-1.96462e-15 0 0)
(-6.6666e-14 0 0)
(2.81766e-14 0 0)
(2.52587e-14 0 0)
(1.60087e-14 0 0)
(-2.59319e-14 0 0)
(-8.3971e-15 0 0)
(-3.29155e-14 0 0)
(2.42108e-14 0 0)
(8.25033e-14 0 0)
(1.38349e-14 0 0)
(-3.15426e-14 0 0)
(-4.04273e-14 0 0)
(-6.33991e-15 0 0)
(-4.76345e-14 0 0)
(-4.87997e-14 0 0)
(1.60702e-14 0 0)
(3.90541e-14 0 0)
(6.83047e-14 0 0)
(1.00594e-13 0 0)
(7.94436e-14 0 0)
(7.10172e-14 0 0)
(3.1628e-14 0 0)
(5.59538e-15 0 0)
(7.83393e-14 0 0)
(9.63248e-14 0 0)
(1.19038e-13 0 0)
(9.73026e-14 0 0)
(-1.26461e-14 0 0)
(-6.22035e-14 0 0)
(1.21509e-11 0 0)
(9.55214e-09 0 0)
(4.63133e-06 0 0)
(0.00115023 0 0)
(0.107036 0 0)
(2.65049 0 0)
(17.3582 0 0)
(47.3133 0 0)
(80.7433 0 0)
(117.858 0 0)
(146.428 0 0)
(180.586 0 0)
(218.847 0 0)
(239.793 0 0)
(278.446 0 0)
(295.327 0 0)
(285.492 0 0)
(274.527 0 0)
(273.166 0 0)
(273.775 0 0)
(281.687 0 0)
(290.488 0 0)
(302.454 0 0)
(289.707 0 0)
(155.196 0 0)
(5.89109 0 0)
(0.00889703 0 0)
(1.81203e-06 0 0)
(1.52177e-10 0 0)
(5.96531e-14 0 0)
(-6.86082e-14 0 0)
(-2.81321e-14 0 0)
(-7.42801e-15 0 0)
(2.1003e-14 0 0)
(2.71034e-14 0 0)
(1.23274e-14 0 0)
(-4.95735e-14 0 0)
(-6.10231e-14 0 0)
(2.84869e-14 0 0)
(6.27236e-14 0 0)
(-3.49147e-14 0 0)
(-2.79544e-14 0 0)
(-4.09426e-14 0 0)
(2.66318e-14 0 0)
(7.74134e-14 0 0)
(-1.10018e-14 0 0)
(-1.60476e-14 0 0)
(-7.00193e-14 0 0)
(1.97318e-14 0 0)
(7.71021e-14 0 0)
(-5.27524e-14 0 0)
(-7.93107e-14 0 0)
(-6.23879e-14 0 0)
(-1.43092e-13 0 0)
(-2.04547e-13 0 0)
(-1.67289e-13 0 0)
(7.12748e-14 0 0)
(1.39768e-13 0 0)
(-8.78248e-15 0 0)
(-4.13823e-14 0 0)
(-5.55893e-14 0 0)
(2.1605e-14 0 0)
(4.19439e-14 0 0)
(-4.36471e-14 0 0)
)
;

boundaryField
{
    sides
    {
        type            fixedValue;
        value           uniform (0 0 0);
    }
    empty
    {
        type            empty;
    }
}


// ************************************************************************* //
