/*--------------------------------*- C++ -*----------------------------------*\
| =========                 |                                                 |
| \\      /  F ield         | OpenFOAM: The Open Source CFD Toolbox           |
|  \\    /   O peration     | Version:  2412                                  |
|   \\  /    A nd           | Website:  www.openfoam.com                      |
|    \\/     M anipulation  |                                                 |
\*---------------------------------------------------------------------------*/
FoamFile
{
    version     2.0;
    format      ascii;
    arch        "LSB;label=32;scalar=64";
    class       volVectorField;
    location    "0.0253745";
    object      U;
}
// * * * * * * * * * * * * * * * * * * * * * * * * * * * * * * * * * * * * * //

dimensions      [0 1 -1 0 0 0 0];

internalField   nonuniform List<vector> 
100
(
(2.83227 0 0)
(8.53969 0 0)
(14.1861 0 0)
(19.8366 0 0)
(25.4846 0 0)
(31.1341 0 0)
(36.7927 0 0)
(42.5114 0 0)
(48.1107 0 0)
(53.9136 0 0)
(59.3883 0 0)
(65.3194 0 0)
(70.6431 0 0)
(76.6118 0 0)
(81.9064 0 0)
(87.8181 0 0)
(93.379 0 0)
(99.0429 0 0)
(104.818 0 0)
(110.269 0 0)
(116.172 0 0)
(121.519 0 0)
(127.445 0 0)
(132.848 0 0)
(138.703 0 0)
(144.185 0 0)
(150.037 0 0)
(155.692 0 0)
(161.615 0 0)
(167.362 0 0)
(173.149 0 0)
(178.707 0 0)
(184.163 0 0)
(189.448 0 0)
(194.695 0 0)
(199.882 0 0)
(205.169 0 0)
(210.965 0 0)
(217.539 0 0)
(224.465 0 0)
(230.474 0 0)
(235.047 0 0)
(239.296 0 0)
(246.595 0 0)
(263.686 0 0)
(280.866 0 0)
(284.587 0 0)
(287.337 0 0)
(289.68 0 0)
(289.984 0 0)
(289.077 0 0)
(285.712 0 0)
(282.099 0 0)
(281.018 0 0)
(281.276 0 0)
(281.986 0 0)
(282.596 0 0)
(282.046 0 0)
(283.062 0 0)
(285.142 0 0)
(285.047 0 0)
(280.871 0 0)
(279.886 0 0)
(286.793 0 0)
(288.09 0 0)
(283.856 0 0)
(261.989 0 0)
(111.902 0 0)
(15.5025 0 0)
(-2.68087 0 0)
(20.0958 0 0)
(17.9568 0 0)
(12.1643 0 0)
(3.17344 0 0)
(-16.0452 0 0)
(-8.87833 0 0)
(-9.29934 0 0)
(-3.7471 0 0)
(0.0362013 0 0)
(-1.67153 0 0)
(4.77491 0 0)
(5.23527 0 0)
(6.23864 0 0)
(7.89592 0 0)
(1.66543 0 0)
(-3.40938 0 0)
(-6.02162 0 0)
(-4.99038 0 0)
(0.387303 0 0)
(5.38738 0 0)
(4.5224 0 0)
(2.01416 0 0)
(-3.54701 0 0)
(-6.60517 0 0)
(-5.94258 0 0)
(-2.34721 0 0)
(3.56095 0 0)
(6.83501 0 0)
(8.18434 0 0)
(2.87697 0 0)
)
;

boundaryField
{
    sides
    {
        type            fixedValue;
        value           uniform (0 0 0);
    }
    empty
    {
        type            empty;
    }
}


// ************************************************************************* //
