/*--------------------------------*- C++ -*----------------------------------*\
| =========                 |                                                 |
| \\      /  F ield         | OpenFOAM: The Open Source CFD Toolbox           |
|  \\    /   O peration     | Version:  2412                                  |
|   \\  /    A nd           | Website:  www.openfoam.com                      |
|    \\/     M anipulation  |                                                 |
\*---------------------------------------------------------------------------*/
FoamFile
{
    version     2.0;
    format      ascii;
    arch        "LSB;label=32;scalar=64";
    class       volVectorField;
    location    "0.0133754";
    object      U;
}
// * * * * * * * * * * * * * * * * * * * * * * * * * * * * * * * * * * * * * //

dimensions      [0 1 -1 0 0 0 0];

internalField   nonuniform List<vector> 
100
(
(1.04579e-12 0 0)
(5.58931e-10 0 0)
(2.28301e-07 0 0)
(6.00078e-05 0 0)
(0.00752942 0 0)
(0.314638 0 0)
(3.44497 0 0)
(12.6602 0 0)
(24.4445 0 0)
(34.553 0 0)
(42.5621 0 0)
(49.3911 0 0)
(55.741 0 0)
(61.9496 0 0)
(68.1414 0 0)
(74.348 0 0)
(80.5703 0 0)
(86.8048 0 0)
(93.0483 0 0)
(99.3042 0 0)
(105.566 0 0)
(111.854 0 0)
(118.12 0 0)
(124.466 0 0)
(130.659 0 0)
(137.125 0 0)
(143.077 0 0)
(149.762 0 0)
(155.408 0 0)
(162.213 0 0)
(167.979 0 0)
(174.309 0 0)
(180.698 0 0)
(186.413 0 0)
(192.993 0 0)
(198.742 0 0)
(205.389 0 0)
(211.095 0 0)
(217.662 0 0)
(223.739 0 0)
(230.234 0 0)
(236.264 0 0)
(242.614 0 0)
(248.845 0 0)
(254.877 0 0)
(260.866 0 0)
(267.079 0 0)
(272.848 0 0)
(276.695 0 0)
(280.655 0 0)
(284.149 0 0)
(286.384 0 0)
(286.376 0 0)
(281.095 0 0)
(279.072 0 0)
(282.203 0 0)
(288.39 0 0)
(288.52 0 0)
(277.38 0 0)
(275.698 0 0)
(282.499 0 0)
(290.326 0 0)
(289.418 0 0)
(276.749 0 0)
(275.967 0 0)
(281.538 0 0)
(289.874 0 0)
(289.766 0 0)
(279.423 0 0)
(276.29 0 0)
(278.324 0 0)
(287.76 0 0)
(287.45 0 0)
(285.464 0 0)
(276.93 0 0)
(276.832 0 0)
(277.327 0 0)
(286.613 0 0)
(287.949 0 0)
(284.567 0 0)
(283.898 0 0)
(278.989 0 0)
(278.372 0 0)
(279.578 0 0)
(281.396 0 0)
(280.759 0 0)
(280.799 0 0)
(283.217 0 0)
(283.557 0 0)
(281.606 0 0)
(279.408 0 0)
(271.275 0 0)
(108.121 0 0)
(-5.63215 0 0)
(-18.6819 0 0)
(0.117584 0 0)
(5.9935 0 0)
(4.76781 0 0)
(-0.0343237 0 0)
(-8.57944 0 0)
)
;

boundaryField
{
    sides
    {
        type            fixedValue;
        value           uniform (0 0 0);
    }
    empty
    {
        type            empty;
    }
}


// ************************************************************************* //
