/*--------------------------------*- C++ -*----------------------------------*\
| =========                 |                                                 |
| \\      /  F ield         | OpenFOAM: The Open Source CFD Toolbox           |
|  \\    /   O peration     | Version:  2412                                  |
|   \\  /    A nd           | Website:  www.openfoam.com                      |
|    \\/     M anipulation  |                                                 |
\*---------------------------------------------------------------------------*/
FoamFile
{
    version     2.0;
    format      ascii;
    arch        "LSB;label=32;scalar=64";
    class       volVectorField;
    location    "0.0466388";
    object      U;
}
// * * * * * * * * * * * * * * * * * * * * * * * * * * * * * * * * * * * * * //

dimensions      [0 1 -1 0 0 0 0];

internalField   nonuniform List<vector> 
100
(
(-104.248 0 0)
(-145.228 0 0)
(-256.981 0 0)
(-261.711 0 0)
(-257.447 0 0)
(-236.442 0 0)
(-223.487 0 0)
(-219.654 0 0)
(-218.369 0 0)
(-217.389 0 0)
(-226.014 0 0)
(-237.173 0 0)
(-238.163 0 0)
(-236.546 0 0)
(-233.582 0 0)
(-225.347 0 0)
(-218.093 0 0)
(-215.742 0 0)
(-214.773 0 0)
(-217.511 0 0)
(-219.505 0 0)
(-218.704 0 0)
(-215.777 0 0)
(-207.829 0 0)
(-200.291 0 0)
(-197.622 0 0)
(-197.24 0 0)
(-201.602 0 0)
(-203.898 0 0)
(-202.646 0 0)
(-198.795 0 0)
(-189.252 0 0)
(-182.009 0 0)
(-179.512 0 0)
(-180.316 0 0)
(-189.865 0 0)
(-196.237 0 0)
(-195.691 0 0)
(-192.757 0 0)
(-182.593 0 0)
(-167.072 0 0)
(-159.835 0 0)
(-157.327 0 0)
(-156.798 0 0)
(-160.544 0 0)
(-167.542 0 0)
(-169.373 0 0)
(-168.315 0 0)
(-165.964 0 0)
(-161.896 0 0)
(-158.306 0 0)
(-156.251 0 0)
(-153.903 0 0)
(-149.775 0 0)
(-145.596 0 0)
(-143.552 0 0)
(-142.934 0 0)
(-143.77 0 0)
(-144.091 0 0)
(-142.86 0 0)
(-138.78 0 0)
(-132.648 0 0)
(-128.677 0 0)
(-127.895 0 0)
(-134.463 0 0)
(-147.462 0 0)
(-151.312 0 0)
(-150.057 0 0)
(-146.718 0 0)
(-135.058 0 0)
(-115.135 0 0)
(-99.6842 0 0)
(-92.6061 0 0)
(-87.3939 0 0)
(-83.7606 0 0)
(-80.9581 0 0)
(-77.7382 0 0)
(-76.1021 0 0)
(-73.9848 0 0)
(-74.5535 0 0)
(-73.2055 0 0)
(-70.9986 0 0)
(-67.9835 0 0)
(-61.3635 0 0)
(-56.2657 0 0)
(-50.3889 0 0)
(-46.4437 0 0)
(-43.0927 0 0)
(-41.2208 0 0)
(-38.6216 0 0)
(-36.3686 0 0)
(-33.3396 0 0)
(-29.9059 0 0)
(-25.5781 0 0)
(-21.2632 0 0)
(-17.257 0 0)
(-13.2318 0 0)
(-9.75097 0 0)
(-5.61168 0 0)
(-2.04374 0 0)
)
;

boundaryField
{
    sides
    {
        type            fixedValue;
        value           uniform (0 0 0);
    }
    empty
    {
        type            empty;
    }
}


// ************************************************************************* //
