/*--------------------------------*- C++ -*----------------------------------*\
| =========                 |                                                 |
| \\      /  F ield         | OpenFOAM: The Open Source CFD Toolbox           |
|  \\    /   O peration     | Version:  2412                                  |
|   \\  /    A nd           | Website:  www.openfoam.com                      |
|    \\/     M anipulation  |                                                 |
\*---------------------------------------------------------------------------*/
FoamFile
{
    version     2.0;
    format      ascii;
    arch        "LSB;label=32;scalar=64";
    class       volVectorField;
    location    "0.008381";
    object      U;
}
// * * * * * * * * * * * * * * * * * * * * * * * * * * * * * * * * * * * * * //

dimensions      [0 1 -1 0 0 0 0];

internalField   nonuniform List<vector> 
100
(
(4.30256e-14 0 0)
(9.61945e-14 0 0)
(1.5193e-13 0 0)
(9.63296e-14 0 0)
(-6.39273e-14 0 0)
(-4.62671e-14 0 0)
(-1.14394e-13 0 0)
(-5.90023e-14 0 0)
(-5.14744e-16 0 0)
(-3.82099e-14 0 0)
(2.58732e-14 0 0)
(3.16493e-14 0 0)
(-7.28663e-14 0 0)
(-8.10458e-14 0 0)
(-4.72718e-14 0 0)
(-1.99748e-14 0 0)
(4.22984e-12 0 0)
(2.03262e-09 0 0)
(7.77171e-07 0 0)
(0.000182093 0 0)
(0.0191296 0 0)
(0.627124 0 0)
(5.47956 0 0)
(17.5975 0 0)
(32.2378 0 0)
(45.2726 0 0)
(56.4802 0 0)
(66.7298 0 0)
(76.6114 0 0)
(86.4019 0 0)
(96.1518 0 0)
(106.006 0 0)
(115.698 0 0)
(125.827 0 0)
(135.151 0 0)
(145.798 0 0)
(154.55 0 0)
(165.172 0 0)
(174.491 0 0)
(183.449 0 0)
(194.078 0 0)
(202.72 0 0)
(213.029 0 0)
(221.812 0 0)
(232.078 0 0)
(242.212 0 0)
(252.785 0 0)
(259.158 0 0)
(267.126 0 0)
(278.264 0 0)
(286.645 0 0)
(288.775 0 0)
(280.18 0 0)
(277.124 0 0)
(284.822 0 0)
(288.735 0 0)
(285.434 0 0)
(276.913 0 0)
(276.497 0 0)
(285.231 0 0)
(288.444 0 0)
(286.167 0 0)
(278.772 0 0)
(279.278 0 0)
(282.449 0 0)
(288.282 0 0)
(286.591 0 0)
(284.676 0 0)
(278.385 0 0)
(277.431 0 0)
(279.065 0 0)
(280.557 0 0)
(282.952 0 0)
(284.486 0 0)
(281.461 0 0)
(279.358 0 0)
(279.983 0 0)
(281.202 0 0)
(283.477 0 0)
(283.833 0 0)
(282.808 0 0)
(278.684 0 0)
(276.685 0 0)
(276.54 0 0)
(277.637 0 0)
(280.681 0 0)
(282.738 0 0)
(286.528 0 0)
(294.182 0 0)
(286.238 0 0)
(178.365 0 0)
(11.3828 0 0)
(0.0269127 0 0)
(7.24123e-06 0 0)
(5.95556e-10 0 0)
(7.09276e-14 0 0)
(-8.71477e-14 0 0)
(-6.64771e-14 0 0)
(-2.67466e-14 0 0)
(7.211e-14 0 0)
)
;

boundaryField
{
    sides
    {
        type            fixedValue;
        value           uniform (0 0 0);
    }
    empty
    {
        type            empty;
    }
}


// ************************************************************************* //
