/*--------------------------------*- C++ -*----------------------------------*\
| =========                 |                                                 |
| \\      /  F ield         | OpenFOAM: The Open Source CFD Toolbox           |
|  \\    /   O peration     | Version:  2412                                  |
|   \\  /    A nd           | Website:  www.openfoam.com                      |
|    \\/     M anipulation  |                                                 |
\*---------------------------------------------------------------------------*/
FoamFile
{
    version     2.0;
    format      ascii;
    arch        "LSB;label=32;scalar=64";
    class       volVectorField;
    location    "0.0486288";
    object      U;
}
// * * * * * * * * * * * * * * * * * * * * * * * * * * * * * * * * * * * * * //

dimensions      [0 1 -1 0 0 0 0];

internalField   nonuniform List<vector> 
100
(
(10.2245 0 0)
(-15.6681 0 0)
(-10.4014 0 0)
(7.24245 0 0)
(28.0339 0 0)
(13.6309 0 0)
(-145.315 0 0)
(-236.109 0 0)
(-239.517 0 0)
(-242.164 0 0)
(-242.049 0 0)
(-240.029 0 0)
(-235.38 0 0)
(-225.08 0 0)
(-220.768 0 0)
(-219.272 0 0)
(-221.114 0 0)
(-227.172 0 0)
(-228.116 0 0)
(-226.619 0 0)
(-221.387 0 0)
(-210.221 0 0)
(-204.269 0 0)
(-202.552 0 0)
(-204.184 0 0)
(-216.641 0 0)
(-222.268 0 0)
(-221.303 0 0)
(-218.307 0 0)
(-206.997 0 0)
(-189.056 0 0)
(-181.755 0 0)
(-179.443 0 0)
(-178.53 0 0)
(-180.97 0 0)
(-190.62 0 0)
(-194.471 0 0)
(-193.494 0 0)
(-191.323 0 0)
(-187.247 0 0)
(-183.158 0 0)
(-180.686 0 0)
(-178.508 0 0)
(-174.766 0 0)
(-170.213 0 0)
(-167.504 0 0)
(-166.394 0 0)
(-166.872 0 0)
(-168.675 0 0)
(-168.307 0 0)
(-166.326 0 0)
(-161.205 0 0)
(-154.762 0 0)
(-151.903 0 0)
(-152.202 0 0)
(-163.977 0 0)
(-176.995 0 0)
(-178.483 0 0)
(-176.831 0 0)
(-172.858 0 0)
(-159.201 0 0)
(-136.577 0 0)
(-122.373 0 0)
(-116.267 0 0)
(-112.521 0 0)
(-109.443 0 0)
(-106.169 0 0)
(-102.807 0 0)
(-100.495 0 0)
(-99.3411 0 0)
(-98.7967 0 0)
(-97.799 0 0)
(-97.5964 0 0)
(-96.0886 0 0)
(-92.8824 0 0)
(-87.3046 0 0)
(-80.7133 0 0)
(-75.2253 0 0)
(-69.3834 0 0)
(-67.2051 0 0)
(-64.2395 0 0)
(-63.2672 0 0)
(-61.4961 0 0)
(-59.9827 0 0)
(-57.1784 0 0)
(-52.3606 0 0)
(-48.7437 0 0)
(-43.7018 0 0)
(-39.8953 0 0)
(-36.2296 0 0)
(-33.0066 0 0)
(-29.2779 0 0)
(-26.0166 0 0)
(-22.4657 0 0)
(-19.1819 0 0)
(-15.7145 0 0)
(-11.8759 0 0)
(-8.58083 0 0)
(-4.78022 0 0)
(-1.79114 0 0)
)
;

boundaryField
{
    sides
    {
        type            fixedValue;
        value           uniform (0 0 0);
    }
    empty
    {
        type            empty;
    }
}


// ************************************************************************* //
