/*--------------------------------*- C++ -*----------------------------------*\
| =========                 |                                                 |
| \\      /  F ield         | OpenFOAM: The Open Source CFD Toolbox           |
|  \\    /   O peration     | Version:  2412                                  |
|   \\  /    A nd           | Website:  www.openfoam.com                      |
|    \\/     M anipulation  |                                                 |
\*---------------------------------------------------------------------------*/
FoamFile
{
    version     2.0;
    format      ascii;
    arch        "LSB;label=32;scalar=64";
    class       volVectorField;
    location    "0.0298009";
    object      U;
}
// * * * * * * * * * * * * * * * * * * * * * * * * * * * * * * * * * * * * * //

dimensions      [0 1 -1 0 0 0 0];

internalField   nonuniform List<vector> 
100
(
(2.30836 0 0)
(6.96264 0 0)
(11.5771 0 0)
(16.2583 0 0)
(20.8612 0 0)
(25.5964 0 0)
(30.1007 0 0)
(34.918 0 0)
(39.302 0 0)
(44.2399 0 0)
(48.4876 0 0)
(53.4187 0 0)
(57.7764 0 0)
(62.5862 0 0)
(67.2413 0 0)
(71.8502 0 0)
(76.7252 0 0)
(81.1471 0 0)
(86.1081 0 0)
(90.5016 0 0)
(95.4626 0 0)
(99.9202 0 0)
(104.816 0 0)
(109.357 0 0)
(114.178 0 0)
(118.781 0 0)
(123.552 0 0)
(128.197 0 0)
(132.924 0 0)
(137.586 0 0)
(142.286 0 0)
(146.958 0 0)
(151.645 0 0)
(156.313 0 0)
(160.965 0 0)
(165.607 0 0)
(170.248 0 0)
(174.869 0 0)
(179.487 0 0)
(184.111 0 0)
(188.757 0 0)
(193.164 0 0)
(197.641 0 0)
(202.111 0 0)
(206.268 0 0)
(210.031 0 0)
(213.288 0 0)
(216.19 0 0)
(218.516 0 0)
(220.197 0 0)
(221.903 0 0)
(224.569 0 0)
(227.022 0 0)
(228.87 0 0)
(230.656 0 0)
(233.07 0 0)
(236.648 0 0)
(146.022 0 0)
(-26.0743 0 0)
(-58.9908 0 0)
(-44.2968 0 0)
(-33.5802 0 0)
(-38.2687 0 0)
(-33.8158 0 0)
(-30.5202 0 0)
(-18.1842 0 0)
(0.194165 0 0)
(9.28198 0 0)
(17.5885 0 0)
(7.51678 0 0)
(5.09854 0 0)
(-1.92242 0 0)
(-1.78408 0 0)
(2.53574 0 0)
(0.727321 0 0)
(5.21222 0 0)
(-2.13564 0 0)
(-5.38233 0 0)
(-6.52789 0 0)
(-6.17101 0 0)
(0.654876 0 0)
(4.86325 0 0)
(6.41324 0 0)
(5.93189 0 0)
(2.16528 0 0)
(-0.483066 0 0)
(-0.605451 0 0)
(-2.12494 0 0)
(-2.51666 0 0)
(-3.78178 0 0)
(-5.19163 0 0)
(-2.65728 0 0)
(0.52483 0 0)
(3.77826 0 0)
(5.17419 0 0)
(3.99598 0 0)
(1.06468 0 0)
(-2.21961 0 0)
(-3.19984 0 0)
(-1.0349 0 0)
)
;

boundaryField
{
    sides
    {
        type            fixedValue;
        value           uniform (0 0 0);
    }
    empty
    {
        type            empty;
    }
}


// ************************************************************************* //
