/*--------------------------------*- C++ -*----------------------------------*\
| =========                 |                                                 |
| \\      /  F ield         | OpenFOAM: The Open Source CFD Toolbox           |
|  \\    /   O peration     | Version:  2412                                  |
|   \\  /    A nd           | Website:  www.openfoam.com                      |
|    \\/     M anipulation  |                                                 |
\*---------------------------------------------------------------------------*/
FoamFile
{
    version     2.0;
    format      ascii;
    arch        "LSB;label=32;scalar=64";
    class       volVectorField;
    location    "0.0200964";
    object      U;
}
// * * * * * * * * * * * * * * * * * * * * * * * * * * * * * * * * * * * * * //

dimensions      [0 1 -1 0 0 0 0];

internalField   nonuniform List<vector> 
100
(
(3.75172 0 0)
(11.398 0 0)
(18.9141 0 0)
(26.3932 0 0)
(33.9983 0 0)
(41.585 0 0)
(49.2044 0 0)
(56.7381 0 0)
(64.145 0 0)
(71.415 0 0)
(78.6482 0 0)
(86.0719 0 0)
(93.7746 0 0)
(101.939 0 0)
(110.637 0 0)
(120.662 0 0)
(131.127 0 0)
(142.538 0 0)
(153.475 0 0)
(164.333 0 0)
(171.742 0 0)
(175.843 0 0)
(178.535 0 0)
(180.989 0 0)
(184.074 0 0)
(187.17 0 0)
(191.725 0 0)
(196.399 0 0)
(201.325 0 0)
(205.249 0 0)
(209.523 0 0)
(213.442 0 0)
(217.786 0 0)
(221.934 0 0)
(226.256 0 0)
(230.418 0 0)
(234.681 0 0)
(238.903 0 0)
(243.143 0 0)
(247.335 0 0)
(251.513 0 0)
(255.628 0 0)
(259.808 0 0)
(264.001 0 0)
(267.914 0 0)
(271.468 0 0)
(275.714 0 0)
(279.205 0 0)
(281.593 0 0)
(283.59 0 0)
(284.372 0 0)
(283.941 0 0)
(283.496 0 0)
(283.457 0 0)
(282.448 0 0)
(281.747 0 0)
(284.459 0 0)
(286.015 0 0)
(283.057 0 0)
(278.99 0 0)
(279.95 0 0)
(288.401 0 0)
(290.301 0 0)
(279.329 0 0)
(274.61 0 0)
(279.913 0 0)
(291.57 0 0)
(291.77 0 0)
(275.431 0 0)
(272.24 0 0)
(278.525 0 0)
(292.536 0 0)
(292.072 0 0)
(276.845 0 0)
(272.186 0 0)
(275.273 0 0)
(293.349 0 0)
(273.138 0 0)
(89.0853 0 0)
(9.59841 0 0)
(24.5985 0 0)
(15.0421 0 0)
(3.75309 0 0)
(14.748 0 0)
(9.67382 0 0)
(13.9648 0 0)
(20.9618 0 0)
(22.281 0 0)
(15.0942 0 0)
(11.1546 0 0)
(-0.728454 0 0)
(-7.5672 0 0)
(-8.28782 0 0)
(-5.27736 0 0)
(-1.21162 0 0)
(-0.5472 0 0)
(-7.38224 0 0)
(-14.0198 0 0)
(-10.4646 0 0)
(-5.98763 0 0)
)
;

boundaryField
{
    sides
    {
        type            fixedValue;
        value           uniform (0 0 0);
    }
    empty
    {
        type            empty;
    }
}


// ************************************************************************* //
