/*--------------------------------*- C++ -*----------------------------------*\
| =========                 |                                                 |
| \\      /  F ield         | OpenFOAM: The Open Source CFD Toolbox           |
|  \\    /   O peration     | Version:  2412                                  |
|   \\  /    A nd           | Website:  www.openfoam.com                      |
|    \\/     M anipulation  |                                                 |
\*---------------------------------------------------------------------------*/
FoamFile
{
    version     2.0;
    format      ascii;
    arch        "LSB;label=32;scalar=64";
    class       volVectorField;
    location    "0.031356";
    object      U;
}
// * * * * * * * * * * * * * * * * * * * * * * * * * * * * * * * * * * * * * //

dimensions      [0 1 -1 0 0 0 0];

internalField   nonuniform List<vector> 
100
(
(2.16595 0 0)
(6.56668 0 0)
(10.8868 0 0)
(15.2902 0 0)
(19.5635 0 0)
(24.0373 0 0)
(28.2163 0 0)
(32.839 0 0)
(36.8948 0 0)
(41.6075 0 0)
(45.6007 0 0)
(50.2732 0 0)
(54.4735 0 0)
(58.9419 0 0)
(63.4062 0 0)
(67.6158 0 0)
(72.2237 0 0)
(76.3067 0 0)
(80.9793 0 0)
(85.1063 0 0)
(89.7743 0 0)
(93.9857 0 0)
(98.5811 0 0)
(102.869 0 0)
(107.389 0 0)
(111.731 0 0)
(116.203 0 0)
(120.576 0 0)
(125.013 0 0)
(129.404 0 0)
(133.817 0 0)
(138.206 0 0)
(142.594 0 0)
(146.973 0 0)
(151.35 0 0)
(155.713 0 0)
(160.073 0 0)
(164.409 0 0)
(168.765 0 0)
(172.939 0 0)
(177.145 0 0)
(181.394 0 0)
(185.401 0 0)
(189.275 0 0)
(192.887 0 0)
(196.016 0 0)
(198.63 0 0)
(200.581 0 0)
(201.98 0 0)
(203.922 0 0)
(206.147 0 0)
(208.261 0 0)
(206.553 0 0)
(72.0521 0 0)
(-68.2486 0 0)
(-81.561 0 0)
(-69.2179 0 0)
(-61.6733 0 0)
(-58.0216 0 0)
(-52.2743 0 0)
(-47.0713 0 0)
(-41.8375 0 0)
(-43.9219 0 0)
(-41.3615 0 0)
(-43.1227 0 0)
(-37.6046 0 0)
(-31.5524 0 0)
(-31.3304 0 0)
(-26.4883 0 0)
(-30.8673 0 0)
(-18.7588 0 0)
(-10.5594 0 0)
(-0.416032 0 0)
(6.7238 0 0)
(4.89853 0 0)
(8.60418 0 0)
(5.80121 0 0)
(5.19941 0 0)
(2.90803 0 0)
(0.16208 0 0)
(-1.26855 0 0)
(-3.56872 0 0)
(-2.3932 0 0)
(-1.33948 0 0)
(-0.652083 0 0)
(-0.880128 0 0)
(-0.700453 0 0)
(0.0105077 0 0)
(0.983911 0 0)
(1.99517 0 0)
(1.56162 0 0)
(1.13306 0 0)
(-0.0898185 0 0)
(-2.43916 0 0)
(-3.25963 0 0)
(-2.18386 0 0)
(0.446181 0 0)
(2.06457 0 0)
(2.83779 0 0)
(2.24483 0 0)
)
;

boundaryField
{
    sides
    {
        type            fixedValue;
        value           uniform (0 0 0);
    }
    empty
    {
        type            empty;
    }
}


// ************************************************************************* //
