/*--------------------------------*- C++ -*----------------------------------*\
| =========                 |                                                 |
| \\      /  F ield         | OpenFOAM: The Open Source CFD Toolbox           |
|  \\    /   O peration     | Version:  2412                                  |
|   \\  /    A nd           | Website:  www.openfoam.com                      |
|    \\/     M anipulation  |                                                 |
\*---------------------------------------------------------------------------*/
FoamFile
{
    version     2.0;
    format      ascii;
    arch        "LSB;label=32;scalar=64";
    class       volVectorField;
    location    "0.0205464";
    object      U;
}
// * * * * * * * * * * * * * * * * * * * * * * * * * * * * * * * * * * * * * //

dimensions      [0 1 -1 0 0 0 0];

internalField   nonuniform List<vector> 
100
(
(3.65711 0 0)
(11.0764 0 0)
(18.4263 0 0)
(25.722 0 0)
(33.0882 0 0)
(40.4292 0 0)
(47.8337 0 0)
(55.2428 0 0)
(62.6426 0 0)
(69.9644 0 0)
(77.1224 0 0)
(84.1787 0 0)
(91.1495 0 0)
(98.4537 0 0)
(105.832 0 0)
(113.865 0 0)
(121.989 0 0)
(131.867 0 0)
(141.841 0 0)
(152.846 0 0)
(164.22 0 0)
(175.484 0 0)
(183.325 0 0)
(186.893 0 0)
(189.798 0 0)
(191.819 0 0)
(194.861 0 0)
(197.69 0 0)
(201.619 0 0)
(206.285 0 0)
(211.465 0 0)
(215.554 0 0)
(219.631 0 0)
(223.528 0 0)
(227.686 0 0)
(231.791 0 0)
(235.977 0 0)
(240.112 0 0)
(244.267 0 0)
(248.375 0 0)
(252.48 0 0)
(256.537 0 0)
(260.453 0 0)
(264.574 0 0)
(268.653 0 0)
(272.091 0 0)
(275.66 0 0)
(279.479 0 0)
(282.107 0 0)
(283.595 0 0)
(284.357 0 0)
(283.927 0 0)
(283.195 0 0)
(283.412 0 0)
(283.67 0 0)
(282.171 0 0)
(281.324 0 0)
(284.753 0 0)
(286.509 0 0)
(283.033 0 0)
(278.52 0 0)
(279.781 0 0)
(289.021 0 0)
(290.861 0 0)
(278.898 0 0)
(273.854 0 0)
(279.247 0 0)
(291.438 0 0)
(291.544 0 0)
(275.438 0 0)
(272.031 0 0)
(278.004 0 0)
(292.775 0 0)
(292.1 0 0)
(277.441 0 0)
(273.033 0 0)
(264.342 0 0)
(86.2825 0 0)
(18.8527 0 0)
(0.776827 0 0)
(26.3154 0 0)
(20.3303 0 0)
(12.3086 0 0)
(16.0768 0 0)
(3.99577 0 0)
(9.42769 0 0)
(19.8591 0 0)
(19.7116 0 0)
(11.7054 0 0)
(5.90469 0 0)
(-2.96636 0 0)
(-13.473 0 0)
(-18.7862 0 0)
(-14.3673 0 0)
(-6.42143 0 0)
(2.05371 0 0)
(6.57475 0 0)
(7.13627 0 0)
(3.43876 0 0)
(-4.04599 0 0)
)
;

boundaryField
{
    sides
    {
        type            fixedValue;
        value           uniform (0 0 0);
    }
    empty
    {
        type            empty;
    }
}


// ************************************************************************* //
