/*--------------------------------*- C++ -*----------------------------------*\
| =========                 |                                                 |
| \\      /  F ield         | OpenFOAM: The Open Source CFD Toolbox           |
|  \\    /   O peration     | Version:  2412                                  |
|   \\  /    A nd           | Website:  www.openfoam.com                      |
|    \\/     M anipulation  |                                                 |
\*---------------------------------------------------------------------------*/
FoamFile
{
    version     2.0;
    format      ascii;
    arch        "LSB;label=32;scalar=64";
    class       volVectorField;
    location    "0.0431602";
    object      U;
}
// * * * * * * * * * * * * * * * * * * * * * * * * * * * * * * * * * * * * * //

dimensions      [0 1 -1 0 0 0 0];

internalField   nonuniform List<vector> 
100
(
(1.63436 0 0)
(4.80527 0 0)
(7.9677 0 0)
(11.0925 0 0)
(14.1647 0 0)
(17.1716 0 0)
(20.0942 0 0)
(22.9561 0 0)
(25.8994 0 0)
(29.2383 0 0)
(31.7509 0 0)
(-27.5075 0 0)
(-196.762 0 0)
(-231.613 0 0)
(-220.645 0 0)
(-207.402 0 0)
(-204.261 0 0)
(-206.27 0 0)
(-216.947 0 0)
(-221.862 0 0)
(-220.578 0 0)
(-218.68 0 0)
(-215.609 0 0)
(-204.126 0 0)
(-187.275 0 0)
(-180.938 0 0)
(-178.923 0 0)
(-178.429 0 0)
(-183.404 0 0)
(-191.137 0 0)
(-192.134 0 0)
(-190.691 0 0)
(-188.109 0 0)
(-182.037 0 0)
(-175.345 0 0)
(-172.443 0 0)
(-171.753 0 0)
(-173.459 0 0)
(-173.852 0 0)
(-172.125 0 0)
(-166.824 0 0)
(-158.921 0 0)
(-155.006 0 0)
(-154.115 0 0)
(-156.622 0 0)
(-158.576 0 0)
(-157.434 0 0)
(-153.163 0 0)
(-144.945 0 0)
(-139.15 0 0)
(-137.162 0 0)
(-139.336 0 0)
(-146.472 0 0)
(-149.003 0 0)
(-147.546 0 0)
(-142.33 0 0)
(-130.108 0 0)
(-120.306 0 0)
(-116.181 0 0)
(-115.38 0 0)
(-117.032 0 0)
(-120.834 0 0)
(-121.916 0 0)
(-121.045 0 0)
(-119.154 0 0)
(-115.38 0 0)
(-112.208 0 0)
(-109.653 0 0)
(-108.148 0 0)
(-103.46 0 0)
(-100.034 0 0)
(-97.6962 0 0)
(-97.2403 0 0)
(-97.4726 0 0)
(-95.3122 0 0)
(-94.1584 0 0)
(-87.864 0 0)
(-84.0509 0 0)
(-82.1208 0 0)
(-85.8291 0 0)
(-95.6034 0 0)
(-99.0038 0 0)
(-99.0598 0 0)
(-95.0147 0 0)
(-84.5933 0 0)
(-63.8627 0 0)
(-50.9822 0 0)
(-43.8687 0 0)
(-39.3757 0 0)
(-35.4089 0 0)
(-31.7801 0 0)
(-29.0605 0 0)
(-26.5788 0 0)
(-24.6269 0 0)
(-21.5381 0 0)
(-17.9691 0 0)
(-14.7077 0 0)
(-11.0283 0 0)
(-6.74425 0 0)
(-3.23929 0 0)
)
;

boundaryField
{
    sides
    {
        type            fixedValue;
        value           uniform (0 0 0);
    }
    empty
    {
        type            empty;
    }
}


// ************************************************************************* //
