/*--------------------------------*- C++ -*----------------------------------*\
| =========                 |                                                 |
| \\      /  F ield         | OpenFOAM: The Open Source CFD Toolbox           |
|  \\    /   O peration     | Version:  2412                                  |
|   \\  /    A nd           | Website:  www.openfoam.com                      |
|    \\/     M anipulation  |                                                 |
\*---------------------------------------------------------------------------*/
FoamFile
{
    version     2.0;
    format      ascii;
    arch        "LSB;label=32;scalar=64";
    class       volVectorField;
    location    "0.0475307";
    object      U;
}
// * * * * * * * * * * * * * * * * * * * * * * * * * * * * * * * * * * * * * //

dimensions      [0 1 -1 0 0 0 0];

internalField   nonuniform List<vector> 
100
(
(37.2087 0 0)
(62.0784 0 0)
(28.66 0 0)
(-110.998 0 0)
(-227.387 0 0)
(-234.774 0 0)
(-247.818 0 0)
(-249.454 0 0)
(-247.795 0 0)
(-244.588 0 0)
(-237.087 0 0)
(-228.413 0 0)
(-225.686 0 0)
(-224.457 0 0)
(-226.511 0 0)
(-229.954 0 0)
(-229.496 0 0)
(-227.766 0 0)
(-221.512 0 0)
(-212.264 0 0)
(-208.506 0 0)
(-207.47 0 0)
(-210.154 0 0)
(-215.18 0 0)
(-214.834 0 0)
(-212.764 0 0)
(-205.413 0 0)
(-195.201 0 0)
(-190.929 0 0)
(-189.664 0 0)
(-194.578 0 0)
(-205.725 0 0)
(-207.746 0 0)
(-206.083 0 0)
(-201.092 0 0)
(-185.787 0 0)
(-172.835 0 0)
(-168.511 0 0)
(-167.02 0 0)
(-167.159 0 0)
(-173.634 0 0)
(-180.117 0 0)
(-180.373 0 0)
(-178.8 0 0)
(-175.725 0 0)
(-171.545 0 0)
(-168.459 0 0)
(-166.593 0 0)
(-163.715 0 0)
(-159.163 0 0)
(-155.516 0 0)
(-153.987 0 0)
(-153.718 0 0)
(-155.058 0 0)
(-155.178 0 0)
(-153.647 0 0)
(-149.273 0 0)
(-142.847 0 0)
(-139.36 0 0)
(-138.822 0 0)
(-147.344 0 0)
(-160.847 0 0)
(-163.622 0 0)
(-162.404 0 0)
(-158.751 0 0)
(-146.575 0 0)
(-125.286 0 0)
(-110.381 0 0)
(-103.325 0 0)
(-98.7745 0 0)
(-96.0604 0 0)
(-92.1848 0 0)
(-89.3669 0 0)
(-87.1387 0 0)
(-86.324 0 0)
(-85.3624 0 0)
(-83.9684 0 0)
(-83.6578 0 0)
(-80.0929 0 0)
(-76.483 0 0)
(-69.8024 0 0)
(-64.475 0 0)
(-59.3726 0 0)
(-54.8797 0 0)
(-52.4912 0 0)
(-50.2479 0 0)
(-49.7217 0 0)
(-47.2698 0 0)
(-44.0204 0 0)
(-39.7007 0 0)
(-35.7978 0 0)
(-31.5501 0 0)
(-27.5772 0 0)
(-23.2551 0 0)
(-19.6599 0 0)
(-16.1679 0 0)
(-12.3126 0 0)
(-9.03495 0 0)
(-5.15048 0 0)
(-1.99997 0 0)
)
;

boundaryField
{
    sides
    {
        type            fixedValue;
        value           uniform (0 0 0);
    }
    empty
    {
        type            empty;
    }
}


// ************************************************************************* //
