/*--------------------------------*- C++ -*----------------------------------*\
| =========                 |                                                 |
| \\      /  F ield         | OpenFOAM: The Open Source CFD Toolbox           |
|  \\    /   O peration     | Version:  2412                                  |
|   \\  /    A nd           | Website:  www.openfoam.com                      |
|    \\/     M anipulation  |                                                 |
\*---------------------------------------------------------------------------*/
FoamFile
{
    version     2.0;
    format      ascii;
    arch        "LSB;label=32;scalar=64";
    class       volVectorField;
    location    "0.0172119";
    object      U;
}
// * * * * * * * * * * * * * * * * * * * * * * * * * * * * * * * * * * * * * //

dimensions      [0 1 -1 0 0 0 0];

internalField   nonuniform List<vector> 
100
(
(4.62324 0 0)
(13.3068 0 0)
(24.1651 0 0)
(35.9695 0 0)
(49.197 0 0)
(62.4832 0 0)
(73.6874 0 0)
(82.8648 0 0)
(89.6352 0 0)
(94.161 0 0)
(98.1678 0 0)
(102.546 0 0)
(107.367 0 0)
(112.376 0 0)
(117.367 0 0)
(122.326 0 0)
(127.228 0 0)
(132.196 0 0)
(137.03 0 0)
(142.083 0 0)
(146.743 0 0)
(151.934 0 0)
(156.387 0 0)
(161.687 0 0)
(166.176 0 0)
(171.293 0 0)
(176.134 0 0)
(180.841 0 0)
(185.926 0 0)
(190.454 0 0)
(195.621 0 0)
(200.089 0 0)
(205.28 0 0)
(209.886 0 0)
(214.992 0 0)
(219.678 0 0)
(224.746 0 0)
(229.597 0 0)
(234.581 0 0)
(239.408 0 0)
(244.294 0 0)
(249.229 0 0)
(254.138 0 0)
(258.856 0 0)
(263.38 0 0)
(268.239 0 0)
(272.812 0 0)
(276.442 0 0)
(280.335 0 0)
(283.387 0 0)
(284.61 0 0)
(284.663 0 0)
(282.946 0 0)
(281.563 0 0)
(283.125 0 0)
(285.782 0 0)
(285.418 0 0)
(279.465 0 0)
(277.554 0 0)
(285.886 0 0)
(289.611 0 0)
(285.54 0 0)
(275.947 0 0)
(274.525 0 0)
(289.103 0 0)
(291.65 0 0)
(285.266 0 0)
(274.073 0 0)
(273.061 0 0)
(287.718 0 0)
(291.642 0 0)
(287.422 0 0)
(274.866 0 0)
(274.636 0 0)
(281.375 0 0)
(290.339 0 0)
(289.284 0 0)
(279.188 0 0)
(274.057 0 0)
(275.629 0 0)
(285.145 0 0)
(288.773 0 0)
(289.387 0 0)
(242.541 0 0)
(74.3289 0 0)
(3.38643 0 0)
(21.2105 0 0)
(10.4635 0 0)
(0.64959 0 0)
(12.1091 0 0)
(18.0049 0 0)
(19.2914 0 0)
(19.3031 0 0)
(21.364 0 0)
(23.7846 0 0)
(25.0292 0 0)
(22.0618 0 0)
(14.4598 0 0)
(8.05863 0 0)
(0.462356 0 0)
)
;

boundaryField
{
    sides
    {
        type            fixedValue;
        value           uniform (0 0 0);
    }
    empty
    {
        type            empty;
    }
}


// ************************************************************************* //
