/*--------------------------------*- C++ -*----------------------------------*\
| =========                 |                                                 |
| \\      /  F ield         | OpenFOAM: The Open Source CFD Toolbox           |
|  \\    /   O peration     | Version:  2412                                  |
|   \\  /    A nd           | Website:  www.openfoam.com                      |
|    \\/     M anipulation  |                                                 |
\*---------------------------------------------------------------------------*/
FoamFile
{
    version     2.0;
    format      ascii;
    arch        "LSB;label=32;scalar=64";
    class       volVectorField;
    location    "0.0170173";
    object      U;
}
// * * * * * * * * * * * * * * * * * * * * * * * * * * * * * * * * * * * * * //

dimensions      [0 1 -1 0 0 0 0];

internalField   nonuniform List<vector> 
100
(
(5.41113 0 0)
(14.4908 0 0)
(26.3576 0 0)
(39.4273 0 0)
(53.0232 0 0)
(65.0389 0 0)
(74.6429 0 0)
(82.0681 0 0)
(86.9942 0 0)
(91.1228 0 0)
(95.5182 0 0)
(100.341 0 0)
(105.364 0 0)
(110.4 0 0)
(115.394 0 0)
(120.382 0 0)
(125.343 0 0)
(130.364 0 0)
(135.272 0 0)
(140.365 0 0)
(145.11 0 0)
(150.337 0 0)
(154.861 0 0)
(160.218 0 0)
(164.726 0 0)
(169.948 0 0)
(174.79 0 0)
(179.594 0 0)
(184.722 0 0)
(189.307 0 0)
(194.52 0 0)
(199.04 0 0)
(204.299 0 0)
(208.929 0 0)
(214.093 0 0)
(218.829 0 0)
(223.973 0 0)
(228.859 0 0)
(233.889 0 0)
(238.763 0 0)
(243.742 0 0)
(248.746 0 0)
(253.666 0 0)
(258.388 0 0)
(263.089 0 0)
(268.002 0 0)
(272.442 0 0)
(276.269 0 0)
(280.466 0 0)
(283.32 0 0)
(284.663 0 0)
(284.221 0 0)
(282.71 0 0)
(281.705 0 0)
(284.525 0 0)
(286.151 0 0)
(282.666 0 0)
(278.661 0 0)
(279.909 0 0)
(288.284 0 0)
(290.056 0 0)
(279.594 0 0)
(275.102 0 0)
(279.711 0 0)
(291.137 0 0)
(292.04 0 0)
(277.674 0 0)
(273.347 0 0)
(278.124 0 0)
(290.997 0 0)
(291.245 0 0)
(281.004 0 0)
(273.798 0 0)
(275.652 0 0)
(288.751 0 0)
(289.423 0 0)
(286.034 0 0)
(275.475 0 0)
(275.08 0 0)
(278.297 0 0)
(288.092 0 0)
(287.425 0 0)
(284.782 0 0)
(271.052 0 0)
(137.575 0 0)
(10.2584 0 0)
(9.62868 0 0)
(8.68233 0 0)
(5.24795 0 0)
(17.0302 0 0)
(19.9841 0 0)
(19.1115 0 0)
(21.4867 0 0)
(24.1712 0 0)
(23.9032 0 0)
(22.9774 0 0)
(17.3511 0 0)
(8.93836 0 0)
(5.73759 0 0)
(0.13365 0 0)
)
;

boundaryField
{
    sides
    {
        type            fixedValue;
        value           uniform (0 0 0);
    }
    empty
    {
        type            empty;
    }
}


// ************************************************************************* //
