/*--------------------------------*- C++ -*----------------------------------*\
| =========                 |                                                 |
| \\      /  F ield         | OpenFOAM: The Open Source CFD Toolbox           |
|  \\    /   O peration     | Version:  2412                                  |
|   \\  /    A nd           | Website:  www.openfoam.com                      |
|    \\/     M anipulation  |                                                 |
\*---------------------------------------------------------------------------*/
FoamFile
{
    version     2.0;
    format      ascii;
    arch        "LSB;label=32;scalar=64";
    class       volVectorField;
    location    "0.0134371";
    object      U;
}
// * * * * * * * * * * * * * * * * * * * * * * * * * * * * * * * * * * * * * //

dimensions      [0 1 -1 0 0 0 0];

internalField   nonuniform List<vector> 
100
(
(3.50325e-12 0 0)
(1.86541e-09 0 0)
(7.11068e-07 0 0)
(0.000165897 0 0)
(0.0172833 0 0)
(0.557847 0 0)
(4.77029 0 0)
(14.9311 0 0)
(26.5651 0 0)
(36.1866 0 0)
(43.8631 0 0)
(50.5278 0 0)
(56.8037 0 0)
(62.9749 0 0)
(69.1403 0 0)
(75.3222 0 0)
(81.5191 0 0)
(87.7277 0 0)
(93.9449 0 0)
(100.175 0 0)
(106.41 0 0)
(112.673 0 0)
(118.91 0 0)
(125.232 0 0)
(131.39 0 0)
(137.835 0 0)
(143.745 0 0)
(150.411 0 0)
(156.024 0 0)
(162.792 0 0)
(168.555 0 0)
(174.825 0 0)
(181.206 0 0)
(186.89 0 0)
(193.438 0 0)
(199.162 0 0)
(205.786 0 0)
(211.476 0 0)
(218 0 0)
(224.053 0 0)
(230.529 0 0)
(236.539 0 0)
(242.841 0 0)
(249.052 0 0)
(255.068 0 0)
(260.987 0 0)
(267.172 0 0)
(273.021 0 0)
(276.811 0 0)
(280.759 0 0)
(283.808 0 0)
(286.219 0 0)
(286.495 0 0)
(281.814 0 0)
(279.082 0 0)
(281.103 0 0)
(288.186 0 0)
(289.298 0 0)
(278.551 0 0)
(275.597 0 0)
(280.656 0 0)
(289.967 0 0)
(290.46 0 0)
(278.114 0 0)
(275.538 0 0)
(279.919 0 0)
(289.65 0 0)
(289.8 0 0)
(281.395 0 0)
(276.133 0 0)
(277.536 0 0)
(286.85 0 0)
(287.987 0 0)
(286.4 0 0)
(277.224 0 0)
(276.622 0 0)
(276.944 0 0)
(285.259 0 0)
(288.409 0 0)
(284.729 0 0)
(284.447 0 0)
(279.448 0 0)
(278.426 0 0)
(279.304 0 0)
(281.303 0 0)
(281.14 0 0)
(280.281 0 0)
(282.549 0 0)
(283.686 0 0)
(282.768 0 0)
(279.928 0 0)
(259.88 0 0)
(76.56 0 0)
(-9.27361 0 0)
(-14.784 0 0)
(1.53315 0 0)
(5.63783 0 0)
(4.44656 0 0)
(-0.20302 0 0)
(-9.31651 0 0)
)
;

boundaryField
{
    sides
    {
        type            fixedValue;
        value           uniform (0 0 0);
    }
    empty
    {
        type            empty;
    }
}


// ************************************************************************* //
