/*--------------------------------*- C++ -*----------------------------------*\
| =========                 |                                                 |
| \\      /  F ield         | OpenFOAM: The Open Source CFD Toolbox           |
|  \\    /   O peration     | Version:  2412                                  |
|   \\  /    A nd           | Website:  www.openfoam.com                      |
|    \\/     M anipulation  |                                                 |
\*---------------------------------------------------------------------------*/
FoamFile
{
    version     2.0;
    format      ascii;
    arch        "LSB;label=32;scalar=64";
    class       volVectorField;
    location    "0.0395052";
    object      U;
}
// * * * * * * * * * * * * * * * * * * * * * * * * * * * * * * * * * * * * * //

dimensions      [0 1 -1 0 0 0 0];

internalField   nonuniform List<vector> 
100
(
(1.5779 0 0)
(4.69539 0 0)
(7.91405 0 0)
(11.2067 0 0)
(14.5924 0 0)
(18.0702 0 0)
(21.5682 0 0)
(25.0533 0 0)
(28.4961 0 0)
(31.8514 0 0)
(35.1347 0 0)
(38.4089 0 0)
(41.715 0 0)
(45.0282 0 0)
(48.3769 0 0)
(51.7408 0 0)
(55.111 0 0)
(58.4882 0 0)
(61.8581 0 0)
(65.2206 0 0)
(68.5792 0 0)
(71.9173 0 0)
(75.2151 0 0)
(78.6405 0 0)
(82.3227 0 0)
(81.9601 0 0)
(-45.9845 0 0)
(-177.372 0 0)
(-189.8 0 0)
(-182.843 0 0)
(-178.904 0 0)
(-176.058 0 0)
(-168.267 0 0)
(-160.835 0 0)
(-158.243 0 0)
(-158.031 0 0)
(-162.211 0 0)
(-166.937 0 0)
(-166.927 0 0)
(-165.26 0 0)
(-162.054 0 0)
(-152.281 0 0)
(-139.303 0 0)
(-133.799 0 0)
(-132.154 0 0)
(-133.044 0 0)
(-136.589 0 0)
(-138.256 0 0)
(-137.595 0 0)
(-136.286 0 0)
(-133.172 0 0)
(-127.388 0 0)
(-122.668 0 0)
(-121.28 0 0)
(-121.32 0 0)
(-120.983 0 0)
(-118.746 0 0)
(-113.318 0 0)
(-106.63 0 0)
(-103.792 0 0)
(-103.58 0 0)
(-104.498 0 0)
(-104.313 0 0)
(-100.744 0 0)
(-95.4716 0 0)
(-88.7751 0 0)
(-87.0587 0 0)
(-86.8003 0 0)
(-91.5054 0 0)
(-93.478 0 0)
(-89.5666 0 0)
(-86.62 0 0)
(-74.6156 0 0)
(-68.7933 0 0)
(-63.857 0 0)
(-65.351 0 0)
(-66.8644 0 0)
(-66.7415 0 0)
(-67.296 0 0)
(-63.5266 0 0)
(-61.0206 0 0)
(-57.7497 0 0)
(-55.7941 0 0)
(-52.7287 0 0)
(-49.4313 0 0)
(-46.84 0 0)
(-45.5467 0 0)
(-44.2708 0 0)
(-43.6545 0 0)
(-41.3008 0 0)
(-37.0035 0 0)
(-31.9037 0 0)
(-29.6294 0 0)
(-30.5179 0 0)
(-34.5139 0 0)
(-42.4577 0 0)
(-46.4929 0 0)
(-43.0492 0 0)
(-31.8045 0 0)
(-13.093 0 0)
)
;

boundaryField
{
    sides
    {
        type            fixedValue;
        value           uniform (0 0 0);
    }
    empty
    {
        type            empty;
    }
}


// ************************************************************************* //
