/*--------------------------------*- C++ -*----------------------------------*\
| =========                 |                                                 |
| \\      /  F ield         | OpenFOAM: The Open Source CFD Toolbox           |
|  \\    /   O peration     | Version:  2412                                  |
|   \\  /    A nd           | Website:  www.openfoam.com                      |
|    \\/     M anipulation  |                                                 |
\*---------------------------------------------------------------------------*/
FoamFile
{
    version     2.0;
    format      ascii;
    arch        "LSB;label=32;scalar=64";
    class       volVectorField;
    location    "0.0541337";
    object      U;
}
// * * * * * * * * * * * * * * * * * * * * * * * * * * * * * * * * * * * * * //

dimensions      [0 1 -1 0 0 0 0];

internalField   nonuniform List<vector> 
100
(
(7.25361 0 0)
(-5.29234 0 0)
(-11.392 0 0)
(-16.0248 0 0)
(-13.6803 0 0)
(-3.20198 0 0)
(10.5082 0 0)
(22.071 0 0)
(22.1355 0 0)
(8.58555 0 0)
(-9.98241 0 0)
(-20.6466 0 0)
(-12.719 0 0)
(0.635797 0 0)
(8.40554 0 0)
(8.4312 0 0)
(-2.22597 0 0)
(-6.37378 0 0)
(-9.81123 0 0)
(-93.4293 0 0)
(-216.766 0 0)
(-231.405 0 0)
(-229.78 0 0)
(-223.796 0 0)
(-215.569 0 0)
(-211.95 0 0)
(-211.344 0 0)
(-225.493 0 0)
(-245.866 0 0)
(-248.065 0 0)
(-246.256 0 0)
(-244.313 0 0)
(-237.664 0 0)
(-211.241 0 0)
(-184.303 0 0)
(-175.857 0 0)
(-173.587 0 0)
(-173.074 0 0)
(-172.313 0 0)
(-171.175 0 0)
(-168.123 0 0)
(-162.974 0 0)
(-159.386 0 0)
(-158.059 0 0)
(-157.226 0 0)
(-156.653 0 0)
(-157.007 0 0)
(-158.175 0 0)
(-158.325 0 0)
(-157.526 0 0)
(-156.239 0 0)
(-152.85 0 0)
(-143.629 0 0)
(-132.642 0 0)
(-126.782 0 0)
(-124.001 0 0)
(-122.955 0 0)
(-122.199 0 0)
(-121.705 0 0)
(-121.688 0 0)
(-121.428 0 0)
(-120.468 0 0)
(-117.689 0 0)
(-112.103 0 0)
(-106.034 0 0)
(-102.052 0 0)
(-99.003 0 0)
(-96.6798 0 0)
(-94.279 0 0)
(-91.4766 0 0)
(-88.3517 0 0)
(-85.0559 0 0)
(-82.0342 0 0)
(-78.7519 0 0)
(-75.9061 0 0)
(-72.6985 0 0)
(-69.9835 0 0)
(-67.093 0 0)
(-64.4433 0 0)
(-61.6468 0 0)
(-58.3937 0 0)
(-55.8458 0 0)
(-51.9862 0 0)
(-49.3924 0 0)
(-46.1514 0 0)
(-43.003 0 0)
(-40.0741 0 0)
(-36.9151 0 0)
(-34.6495 0 0)
(-31.2643 0 0)
(-28.6021 0 0)
(-25.4728 0 0)
(-22.8883 0 0)
(-19.7823 0 0)
(-16.6682 0 0)
(-13.3345 0 0)
(-9.87176 0 0)
(-6.90915 0 0)
(-3.56102 0 0)
(-1.29536 0 0)
)
;

boundaryField
{
    sides
    {
        type            fixedValue;
        value           uniform (0 0 0);
    }
    empty
    {
        type            empty;
    }
}


// ************************************************************************* //
