/*--------------------------------*- C++ -*----------------------------------*\
| =========                 |                                                 |
| \\      /  F ield         | OpenFOAM: The Open Source CFD Toolbox           |
|  \\    /   O peration     | Version:  2412                                  |
|   \\  /    A nd           | Website:  www.openfoam.com                      |
|    \\/     M anipulation  |                                                 |
\*---------------------------------------------------------------------------*/
FoamFile
{
    version     2.0;
    format      ascii;
    arch        "LSB;label=32;scalar=64";
    class       volVectorField;
    location    "0.0118141";
    object      U;
}
// * * * * * * * * * * * * * * * * * * * * * * * * * * * * * * * * * * * * * //

dimensions      [0 1 -1 0 0 0 0];

internalField   nonuniform List<vector> 
100
(
(3.65326e-14 0 0)
(-2.20292e-15 0 0)
(7.04426e-14 0 0)
(8.03912e-14 0 0)
(-1.5434e-14 0 0)
(1.52241e-12 0 0)
(8.11343e-10 0 0)
(3.22746e-07 0 0)
(8.19295e-05 0 0)
(0.00978409 0 0)
(0.382026 0 0)
(3.91616 0 0)
(13.8129 0 0)
(26.2228 0 0)
(36.9637 0 0)
(45.6841 0 0)
(53.2853 0 0)
(60.4373 0 0)
(67.4568 0 0)
(74.4581 0 0)
(81.4697 0 0)
(88.496 0 0)
(95.5326 0 0)
(102.593 0 0)
(109.647 0 0)
(116.768 0 0)
(123.785 0 0)
(131.032 0 0)
(137.83 0 0)
(145.325 0 0)
(151.735 0 0)
(159.447 0 0)
(165.851 0 0)
(173.063 0 0)
(180.234 0 0)
(186.594 0 0)
(194.056 0 0)
(200.536 0 0)
(207.999 0 0)
(214.421 0 0)
(221.868 0 0)
(228.74 0 0)
(235.973 0 0)
(242.838 0 0)
(250.142 0 0)
(256.407 0 0)
(263.14 0 0)
(270.301 0 0)
(276.524 0 0)
(280.614 0 0)
(282.121 0 0)
(282.462 0 0)
(286.076 0 0)
(287.058 0 0)
(283.546 0 0)
(277.654 0 0)
(277.643 0 0)
(288.818 0 0)
(289.867 0 0)
(282.92 0 0)
(275.77 0 0)
(276.813 0 0)
(288.805 0 0)
(288.915 0 0)
(283.909 0 0)
(276.699 0 0)
(276.725 0 0)
(285.624 0 0)
(288.691 0 0)
(287.249 0 0)
(278.893 0 0)
(278.112 0 0)
(278.352 0 0)
(286.412 0 0)
(287.84 0 0)
(283.779 0 0)
(283.172 0 0)
(278.248 0 0)
(277.861 0 0)
(279.622 0 0)
(282.183 0 0)
(282.946 0 0)
(280.277 0 0)
(280.777 0 0)
(283.184 0 0)
(284.506 0 0)
(283.538 0 0)
(279.087 0 0)
(277.893 0 0)
(277.871 0 0)
(278.617 0 0)
(281.878 0 0)
(283.254 0 0)
(283.861 0 0)
(281.244 0 0)
(277.641 0 0)
(127.239 0 0)
(-7.56066 0 0)
(-42.3542 0 0)
(-47.9369 0 0)
)
;

boundaryField
{
    sides
    {
        type            fixedValue;
        value           uniform (0 0 0);
    }
    empty
    {
        type            empty;
    }
}


// ************************************************************************* //
