/*--------------------------------*- C++ -*----------------------------------*\
| =========                 |                                                 |
| \\      /  F ield         | OpenFOAM: The Open Source CFD Toolbox           |
|  \\    /   O peration     | Version:  2412                                  |
|   \\  /    A nd           | Website:  www.openfoam.com                      |
|    \\/     M anipulation  |                                                 |
\*---------------------------------------------------------------------------*/
FoamFile
{
    version     2.0;
    format      ascii;
    arch        "LSB;label=32;scalar=64";
    class       volVectorField;
    location    "0.00102105";
    object      U;
}
// * * * * * * * * * * * * * * * * * * * * * * * * * * * * * * * * * * * * * //

dimensions      [0 1 -1 0 0 0 0];

internalField   nonuniform List<vector> 
100
(
(5.74118e-14 0 0)
(1.45595e-14 0 0)
(-3.92976e-15 0 0)
(-3.68612e-15 0 0)
(-3.98832e-14 0 0)
(4.91968e-14 0 0)
(-1.64396e-15 0 0)
(1.32736e-14 0 0)
(-1.2018e-14 0 0)
(-2.24432e-14 0 0)
(-2.43463e-14 0 0)
(-1.00303e-14 0 0)
(-2.45436e-14 0 0)
(-3.2577e-14 0 0)
(8.08296e-15 0 0)
(2.68276e-14 0 0)
(-2.33353e-15 0 0)
(2.4396e-14 0 0)
(-3.24789e-14 0 0)
(1.00299e-14 0 0)
(1.37191e-20 0 0)
(3.87625e-14 0 0)
(-2.64077e-20 0 0)
(-4.06795e-14 0 0)
(4.45723e-14 0 0)
(2.87141e-14 0 0)
(-3.26787e-14 0 0)
(-4.87426e-14 0 0)
(2.38333e-14 0 0)
(7.75551e-14 0 0)
(1.09973e-13 0 0)
(6.45501e-14 0 0)
(-7.48895e-16 0 0)
(-4.69777e-14 0 0)
(-4.66475e-15 0 0)
(2.57737e-14 0 0)
(2.66176e-14 0 0)
(-4.1538e-14 0 0)
(-1.03533e-13 0 0)
(-1.06469e-13 0 0)
(3.53258e-13 0 0)
(1.82273e-09 0 0)
(2.6127e-06 0 0)
(0.00131891 0 0)
(0.178623 0 0)
(5.19053 0 0)
(32.9005 0 0)
(88.3364 0 0)
(135.83 0 0)
(203.758 0 0)
(277.438 0 0)
(287.08 0 0)
(295.114 0 0)
(293.17 0 0)
(207.892 0 0)
(24.9991 0 0)
(0.128612 0 0)
(7.3388e-05 0 0)
(1.08548e-08 0 0)
(1.42986e-12 0 0)
(-7.91165e-14 0 0)
(8.61395e-15 0 0)
(-6.98165e-15 0 0)
(-2.10164e-14 0 0)
(5.21727e-14 0 0)
(2.43472e-14 0 0)
(1.52269e-14 0 0)
(-2.07466e-14 0 0)
(-3.54659e-14 0 0)
(-7.07934e-15 0 0)
(-2.18706e-14 0 0)
(-2.92936e-14 0 0)
(4.16453e-14 0 0)
(5.03877e-14 0 0)
(-5.56041e-14 0 0)
(-7.20409e-15 0 0)
(4.91326e-14 0 0)
(-1.1346e-16 0 0)
(-1.98493e-14 0 0)
(-4.33236e-14 0 0)
(2.12964e-14 0 0)
(7.27348e-14 0 0)
(4.87566e-15 0 0)
(-6.27259e-14 0 0)
(-3.6181e-14 0 0)
(2.12964e-14 0 0)
(6.57549e-14 0 0)
(-9.05058e-15 0 0)
(-4.16305e-14 0 0)
(-5.18973e-14 0 0)
(-4.35857e-14 0 0)
(-6.53079e-15 0 0)
(8.05246e-15 0 0)
(7.007e-15 0 0)
(-1.40914e-15 0 0)
(1.4571e-14 0 0)
(-2.07996e-14 0 0)
(6.3075e-16 0 0)
(6.92116e-15 0 0)
(5.89885e-15 0 0)
)
;

boundaryField
{
    sides
    {
        type            fixedValue;
        value           uniform (0 0 0);
    }
    empty
    {
        type            empty;
    }
}


// ************************************************************************* //
