/*--------------------------------*- C++ -*----------------------------------*\
| =========                 |                                                 |
| \\      /  F ield         | OpenFOAM: The Open Source CFD Toolbox           |
|  \\    /   O peration     | Version:  2412                                  |
|   \\  /    A nd           | Website:  www.openfoam.com                      |
|    \\/     M anipulation  |                                                 |
\*---------------------------------------------------------------------------*/
FoamFile
{
    version     2.0;
    format      ascii;
    arch        "LSB;label=32;scalar=64";
    class       volVectorField;
    location    "0.0142542";
    object      U;
}
// * * * * * * * * * * * * * * * * * * * * * * * * * * * * * * * * * * * * * //

dimensions      [0 1 -1 0 0 0 0];

internalField   nonuniform List<vector> 
100
(
(1.67196e-05 0 0)
(0.00279124 0 0)
(0.154076 0 0)
(2.25186 0 0)
(10.0783 0 0)
(21.5316 0 0)
(31.7893 0 0)
(39.8001 0 0)
(46.4235 0 0)
(52.4494 0 0)
(58.2859 0 0)
(64.0935 0 0)
(69.9169 0 0)
(75.7592 0 0)
(81.6151 0 0)
(87.4808 0 0)
(93.3539 0 0)
(99.2368 0 0)
(105.126 0 0)
(111.034 0 0)
(116.932 0 0)
(122.882 0 0)
(128.738 0 0)
(134.773 0 0)
(140.456 0 0)
(146.661 0 0)
(152.048 0 0)
(158.438 0 0)
(163.756 0 0)
(169.945 0 0)
(175.728 0 0)
(181.297 0 0)
(187.457 0 0)
(192.845 0 0)
(199.044 0 0)
(204.403 0 0)
(210.662 0 0)
(216.231 0 0)
(222.316 0 0)
(227.97 0 0)
(234.077 0 0)
(239.943 0 0)
(245.795 0 0)
(251.503 0 0)
(257.38 0 0)
(263.024 0 0)
(268.078 0 0)
(273.766 0 0)
(278.725 0 0)
(282.479 0 0)
(283.559 0 0)
(283.233 0 0)
(283.001 0 0)
(285.506 0 0)
(286.462 0 0)
(280.084 0 0)
(277.942 0 0)
(282.525 0 0)
(289.328 0 0)
(288.953 0 0)
(276.867 0 0)
(275.534 0 0)
(282.874 0 0)
(290.795 0 0)
(289.439 0 0)
(276.316 0 0)
(275.572 0 0)
(280.708 0 0)
(289.514 0 0)
(289.452 0 0)
(280.294 0 0)
(276.214 0 0)
(277.916 0 0)
(287.631 0 0)
(288.097 0 0)
(286.348 0 0)
(276.806 0 0)
(276.119 0 0)
(276.404 0 0)
(283.92 0 0)
(288.145 0 0)
(284.392 0 0)
(283.763 0 0)
(280.397 0 0)
(278.924 0 0)
(279.713 0 0)
(281.094 0 0)
(283.958 0 0)
(283.368 0 0)
(253.939 0 0)
(67.1791 0 0)
(-3.21519 0 0)
(-5.56589 0 0)
(1.56588 0 0)
(4.62393 0 0)
(4.69311 0 0)
(0.541336 0 0)
(0.316723 0 0)
(1.79649 0 0)
(-4.89203 0 0)
)
;

boundaryField
{
    sides
    {
        type            fixedValue;
        value           uniform (0 0 0);
    }
    empty
    {
        type            empty;
    }
}


// ************************************************************************* //
