/*--------------------------------*- C++ -*----------------------------------*\
| =========                 |                                                 |
| \\      /  F ield         | OpenFOAM: The Open Source CFD Toolbox           |
|  \\    /   O peration     | Version:  2412                                  |
|   \\  /    A nd           | Website:  www.openfoam.com                      |
|    \\/     M anipulation  |                                                 |
\*---------------------------------------------------------------------------*/
FoamFile
{
    version     2.0;
    format      ascii;
    arch        "LSB;label=32;scalar=64";
    class       volVectorField;
    location    "0.0277303";
    object      U;
}
// * * * * * * * * * * * * * * * * * * * * * * * * * * * * * * * * * * * * * //

dimensions      [0 1 -1 0 0 0 0];

internalField   nonuniform List<vector> 
100
(
(2.52297 0 0)
(7.62169 0 0)
(12.6694 0 0)
(17.7387 0 0)
(22.7738 0 0)
(27.8637 0 0)
(32.858 0 0)
(38.0267 0 0)
(42.9411 0 0)
(48.2655 0 0)
(53.0418 0 0)
(58.4551 0 0)
(63.1688 0 0)
(68.5265 0 0)
(73.4418 0 0)
(78.5933 0 0)
(83.7612 0 0)
(88.6736 0 0)
(93.9982 0 0)
(98.8054 0 0)
(104.187 0 0)
(109.027 0 0)
(114.373 0 0)
(119.278 0 0)
(124.562 0 0)
(129.552 0 0)
(134.759 0 0)
(139.8 0 0)
(144.973 0 0)
(150.059 0 0)
(155.222 0 0)
(160.33 0 0)
(165.457 0 0)
(170.544 0 0)
(175.613 0 0)
(180.646 0 0)
(185.681 0 0)
(190.76 0 0)
(195.861 0 0)
(201.023 0 0)
(206.306 0 0)
(211.554 0 0)
(216.438 0 0)
(221.195 0 0)
(225.995 0 0)
(230.384 0 0)
(234.089 0 0)
(237.008 0 0)
(239.533 0 0)
(241.265 0 0)
(244.928 0 0)
(250.743 0 0)
(253.246 0 0)
(253.446 0 0)
(253.07 0 0)
(253.508 0 0)
(255.77 0 0)
(270.618 0 0)
(284.656 0 0)
(289.7 0 0)
(292.057 0 0)
(284.875 0 0)
(148.747 0 0)
(25.0989 0 0)
(-4.07361 0 0)
(-1.29784 0 0)
(-2.34842 0 0)
(-7.05215 0 0)
(-1.88045 0 0)
(-9.60778 0 0)
(-2.98444 0 0)
(-3.80178 0 0)
(1.47949 0 0)
(9.21625 0 0)
(5.36586 0 0)
(9.47616 0 0)
(-1.11258 0 0)
(-3.78188 0 0)
(-2.12694 0 0)
(-1.80881 0 0)
(3.16077 0 0)
(2.7343 0 0)
(1.73568 0 0)
(-2.0065 0 0)
(-4.99609 0 0)
(-3.1265 0 0)
(0.676356 0 0)
(1.75324 0 0)
(4.297 0 0)
(2.77283 0 0)
(-0.669027 0 0)
(-1.35794 0 0)
(-0.918981 0 0)
(-0.22279 0 0)
(-1.43257 0 0)
(-2.34268 0 0)
(-1.88032 0 0)
(-1.84699 0 0)
(-0.324982 0 0)
(0.382301 0 0)
)
;

boundaryField
{
    sides
    {
        type            fixedValue;
        value           uniform (0 0 0);
    }
    empty
    {
        type            empty;
    }
}


// ************************************************************************* //
