/*--------------------------------*- C++ -*----------------------------------*\
| =========                 |                                                 |
| \\      /  F ield         | OpenFOAM: The Open Source CFD Toolbox           |
|  \\    /   O peration     | Version:  2412                                  |
|   \\  /    A nd           | Website:  www.openfoam.com                      |
|    \\/     M anipulation  |                                                 |
\*---------------------------------------------------------------------------*/
FoamFile
{
    version     2.0;
    format      ascii;
    arch        "LSB;label=32;scalar=64";
    class       volVectorField;
    location    "0.0150902";
    object      U;
}
// * * * * * * * * * * * * * * * * * * * * * * * * * * * * * * * * * * * * * //

dimensions      [0 1 -1 0 0 0 0];

internalField   nonuniform List<vector> 
100
(
(0.687599 0 0)
(6.56724 0 0)
(17.2379 0 0)
(27.9438 0 0)
(36.3468 0 0)
(43.0099 0 0)
(48.8462 0 0)
(54.3893 0 0)
(59.8699 0 0)
(65.3625 0 0)
(70.8783 0 0)
(76.4117 0 0)
(81.9563 0 0)
(87.5087 0 0)
(93.0673 0 0)
(98.6337 0 0)
(104.206 0 0)
(109.793 0 0)
(115.377 0 0)
(120.995 0 0)
(126.559 0 0)
(132.236 0 0)
(137.685 0 0)
(143.485 0 0)
(148.682 0 0)
(154.67 0 0)
(159.679 0 0)
(165.673 0 0)
(170.931 0 0)
(176.46 0 0)
(182.186 0 0)
(187.316 0 0)
(193.156 0 0)
(198.257 0 0)
(204.185 0 0)
(209.309 0 0)
(215.12 0 0)
(220.48 0 0)
(226.293 0 0)
(231.715 0 0)
(237.319 0 0)
(242.848 0 0)
(248.517 0 0)
(253.96 0 0)
(259.201 0 0)
(264.678 0 0)
(270.033 0 0)
(274.229 0 0)
(278.514 0 0)
(282.782 0 0)
(284.987 0 0)
(285.643 0 0)
(282.598 0 0)
(280.646 0 0)
(282.544 0 0)
(286.742 0 0)
(286.936 0 0)
(278.565 0 0)
(276.598 0 0)
(284.126 0 0)
(290.216 0 0)
(287.876 0 0)
(276.099 0 0)
(274.857 0 0)
(284.947 0 0)
(291.504 0 0)
(288.618 0 0)
(275.481 0 0)
(275.429 0 0)
(281.12 0 0)
(289.745 0 0)
(289.335 0 0)
(279.512 0 0)
(275.551 0 0)
(277.198 0 0)
(287.266 0 0)
(288.261 0 0)
(287.158 0 0)
(277.137 0 0)
(275.796 0 0)
(276.833 0 0)
(282.191 0 0)
(288.066 0 0)
(284.978 0 0)
(282.311 0 0)
(281.043 0 0)
(279.346 0 0)
(266.3 0 0)
(105.712 0 0)
(12.0385 0 0)
(5.44527 0 0)
(7.12697 0 0)
(5.29046 0 0)
(3.30527 0 0)
(1.24149 0 0)
(1.07868 0 0)
(-0.206843 0 0)
(1.31092 0 0)
(3.98478 0 0)
(-1.77333 0 0)
)
;

boundaryField
{
    sides
    {
        type            fixedValue;
        value           uniform (0 0 0);
    }
    empty
    {
        type            empty;
    }
}


// ************************************************************************* //
