/*--------------------------------*- C++ -*----------------------------------*\
| =========                 |                                                 |
| \\      /  F ield         | OpenFOAM: The Open Source CFD Toolbox           |
|  \\    /   O peration     | Version:  2412                                  |
|   \\  /    A nd           | Website:  www.openfoam.com                      |
|    \\/     M anipulation  |                                                 |
\*---------------------------------------------------------------------------*/
FoamFile
{
    version     2.0;
    format      ascii;
    arch        "LSB;label=32;scalar=64";
    class       volVectorField;
    location    "0.0420863";
    object      U;
}
// * * * * * * * * * * * * * * * * * * * * * * * * * * * * * * * * * * * * * //

dimensions      [0 1 -1 0 0 0 0];

internalField   nonuniform List<vector> 
100
(
(1.68534 0 0)
(5.09717 0 0)
(8.38271 0 0)
(11.5632 0 0)
(14.6314 0 0)
(17.6158 0 0)
(20.5614 0 0)
(23.5048 0 0)
(26.4751 0 0)
(29.4847 0 0)
(32.5234 0 0)
(35.5685 0 0)
(38.6149 0 0)
(41.9199 0 0)
(45.3932 0 0)
(39.2753 0 0)
(-119.795 0 0)
(-221.245 0 0)
(-223.588 0 0)
(-202.54 0 0)
(-194.789 0 0)
(-192.787 0 0)
(-191.975 0 0)
(-195.725 0 0)
(-204.054 0 0)
(-205.581 0 0)
(-204.016 0 0)
(-201.925 0 0)
(-195.618 0 0)
(-179.495 0 0)
(-169.58 0 0)
(-166.348 0 0)
(-165.367 0 0)
(-167.514 0 0)
(-174.612 0 0)
(-177.055 0 0)
(-175.912 0 0)
(-174.055 0 0)
(-169.675 0 0)
(-162.949 0 0)
(-158.987 0 0)
(-157.783 0 0)
(-158.749 0 0)
(-159.342 0 0)
(-157.84 0 0)
(-152.935 0 0)
(-145.348 0 0)
(-141.058 0 0)
(-140.05 0 0)
(-142.008 0 0)
(-143.511 0 0)
(-142.31 0 0)
(-137.903 0 0)
(-130.086 0 0)
(-124.694 0 0)
(-122.925 0 0)
(-125.472 0 0)
(-131.58 0 0)
(-133.035 0 0)
(-131.144 0 0)
(-124.952 0 0)
(-113.045 0 0)
(-104.926 0 0)
(-101.553 0 0)
(-101.404 0 0)
(-103.317 0 0)
(-106.111 0 0)
(-105.554 0 0)
(-105.568 0 0)
(-102.217 0 0)
(-98.7957 0 0)
(-95.9021 0 0)
(-93.5358 0 0)
(-92.0364 0 0)
(-86.18 0 0)
(-83.9609 0 0)
(-81.4784 0 0)
(-81.9974 0 0)
(-81.7157 0 0)
(-79.1121 0 0)
(-75.9409 0 0)
(-70.1494 0 0)
(-68.659 0 0)
(-68.6907 0 0)
(-75.1624 0 0)
(-81.2965 0 0)
(-83.1163 0 0)
(-82.4688 0 0)
(-69.9296 0 0)
(-52.5328 0 0)
(-39.3704 0 0)
(-29.1993 0 0)
(-23.1141 0 0)
(-19.907 0 0)
(-17.5248 0 0)
(-15.8617 0 0)
(-13.3221 0 0)
(-10.5387 0 0)
(-6.70065 0 0)
(-1.75536 0 0)
)
;

boundaryField
{
    sides
    {
        type            fixedValue;
        value           uniform (0 0 0);
    }
    empty
    {
        type            empty;
    }
}


// ************************************************************************* //
