/*--------------------------------*- C++ -*----------------------------------*\
| =========                 |                                                 |
| \\      /  F ield         | OpenFOAM: The Open Source CFD Toolbox           |
|  \\    /   O peration     | Version:  2412                                  |
|   \\  /    A nd           | Website:  www.openfoam.com                      |
|    \\/     M anipulation  |                                                 |
\*---------------------------------------------------------------------------*/
FoamFile
{
    version     2.0;
    format      ascii;
    arch        "LSB;label=32;scalar=64";
    class       volVectorField;
    location    "0.05323";
    object      U;
}
// * * * * * * * * * * * * * * * * * * * * * * * * * * * * * * * * * * * * * //

dimensions      [0 1 -1 0 0 0 0];

internalField   nonuniform List<vector> 
100
(
(-4.08498 0 0)
(-1.53776 0 0)
(0.736088 0 0)
(5.49998 0 0)
(-0.259438 0 0)
(-10.1108 0 0)
(-17.1971 0 0)
(-17.1674 0 0)
(-4.96906 0 0)
(13.0468 0 0)
(25.4843 0 0)
(26.3188 0 0)
(16.1062 0 0)
(-8.96967 0 0)
(-30.3607 0 0)
(-24.6562 0 0)
(-19.4945 0 0)
(-99.7654 0 0)
(-218.323 0 0)
(-226.643 0 0)
(-221.716 0 0)
(-217.993 0 0)
(-216.754 0 0)
(-215.856 0 0)
(-219.059 0 0)
(-221.9 0 0)
(-221.019 0 0)
(-219.017 0 0)
(-212.642 0 0)
(-205.239 0 0)
(-202.333 0 0)
(-203.043 0 0)
(-220.725 0 0)
(-236.329 0 0)
(-236.627 0 0)
(-234.986 0 0)
(-232.206 0 0)
(-221.695 0 0)
(-192.318 0 0)
(-171.87 0 0)
(-165.835 0 0)
(-164.141 0 0)
(-163.452 0 0)
(-162.435 0 0)
(-160.052 0 0)
(-155.442 0 0)
(-151.389 0 0)
(-149.631 0 0)
(-148.751 0 0)
(-147.921 0 0)
(-147.839 0 0)
(-148.661 0 0)
(-148.841 0 0)
(-148.1 0 0)
(-146.831 0 0)
(-143.443 0 0)
(-134.705 0 0)
(-124.823 0 0)
(-119.057 0 0)
(-115.756 0 0)
(-114.123 0 0)
(-113.344 0 0)
(-112.792 0 0)
(-112.615 0 0)
(-112.161 0 0)
(-110.828 0 0)
(-107.359 0 0)
(-101.562 0 0)
(-96.3778 0 0)
(-92.5421 0 0)
(-89.5622 0 0)
(-87.0426 0 0)
(-84.4356 0 0)
(-81.1268 0 0)
(-78.1374 0 0)
(-74.6068 0 0)
(-71.8522 0 0)
(-68.509 0 0)
(-65.4391 0 0)
(-62.4985 0 0)
(-58.9912 0 0)
(-57.0203 0 0)
(-53.5614 0 0)
(-51.0931 0 0)
(-47.8651 0 0)
(-44.5295 0 0)
(-41.213 0 0)
(-37.2801 0 0)
(-34.7338 0 0)
(-31.4473 0 0)
(-29.0161 0 0)
(-25.9325 0 0)
(-23.2529 0 0)
(-20.0242 0 0)
(-16.8813 0 0)
(-13.7481 0 0)
(-10.4584 0 0)
(-7.71766 0 0)
(-4.41256 0 0)
(-1.94943 0 0)
)
;

boundaryField
{
    sides
    {
        type            fixedValue;
        value           uniform (0 0 0);
    }
    empty
    {
        type            empty;
    }
}


// ************************************************************************* //
