/*--------------------------------*- C++ -*----------------------------------*\
| =========                 |                                                 |
| \\      /  F ield         | OpenFOAM: The Open Source CFD Toolbox           |
|  \\    /   O peration     | Version:  2412                                  |
|   \\  /    A nd           | Website:  www.openfoam.com                      |
|    \\/     M anipulation  |                                                 |
\*---------------------------------------------------------------------------*/
FoamFile
{
    version     2.0;
    format      ascii;
    arch        "LSB;label=32;scalar=64";
    class       volVectorField;
    location    "0.0398101";
    object      U;
}
// * * * * * * * * * * * * * * * * * * * * * * * * * * * * * * * * * * * * * //

dimensions      [0 1 -1 0 0 0 0];

internalField   nonuniform List<vector> 
100
(
(1.53918 0 0)
(4.64142 0 0)
(7.83721 0 0)
(11.137 0 0)
(14.551 0 0)
(18.0171 0 0)
(21.4852 0 0)
(24.9338 0 0)
(28.3335 0 0)
(31.6513 0 0)
(34.8763 0 0)
(38.0553 0 0)
(41.2814 0 0)
(44.531 0 0)
(47.8277 0 0)
(51.1634 0 0)
(54.5131 0 0)
(57.8641 0 0)
(61.2209 0 0)
(64.5668 0 0)
(67.8981 0 0)
(71.2045 0 0)
(74.717 0 0)
(78.4286 0 0)
(73.305 0 0)
(-80.6493 0 0)
(-188.102 0 0)
(-194.389 0 0)
(-186.376 0 0)
(-181.684 0 0)
(-176.887 0 0)
(-168.305 0 0)
(-163.333 0 0)
(-161.772 0 0)
(-163.348 0 0)
(-169.608 0 0)
(-172.091 0 0)
(-171.006 0 0)
(-169.018 0 0)
(-163.486 0 0)
(-150.208 0 0)
(-140.362 0 0)
(-136.811 0 0)
(-136.283 0 0)
(-138.639 0 0)
(-142.396 0 0)
(-143.01 0 0)
(-141.886 0 0)
(-140.138 0 0)
(-135.689 0 0)
(-129.667 0 0)
(-126.427 0 0)
(-125.79 0 0)
(-126.082 0 0)
(-125.245 0 0)
(-121.915 0 0)
(-115.407 0 0)
(-109.918 0 0)
(-107.879 0 0)
(-108.583 0 0)
(-109.272 0 0)
(-108.355 0 0)
(-104.389 0 0)
(-97.4755 0 0)
(-92.6634 0 0)
(-90.2612 0 0)
(-93.6861 0 0)
(-97.0131 0 0)
(-97.6115 0 0)
(-94.9506 0 0)
(-87.5968 0 0)
(-77.8294 0 0)
(-70.2934 0 0)
(-70.2665 0 0)
(-69.2355 0 0)
(-71.3827 0 0)
(-72.4297 0 0)
(-70.5873 0 0)
(-69.6797 0 0)
(-65.2012 0 0)
(-62.6862 0 0)
(-59.4409 0 0)
(-57.2813 0 0)
(-53.4537 0 0)
(-49.7126 0 0)
(-47.9085 0 0)
(-48.0652 0 0)
(-48.0309 0 0)
(-47.096 0 0)
(-42.9304 0 0)
(-37.6833 0 0)
(-34.1353 0 0)
(-33.8918 0 0)
(-37.092 0 0)
(-45.5256 0 0)
(-48.4275 0 0)
(-48.2333 0 0)
(-40.4026 0 0)
(-26.1623 0 0)
(-12.8706 0 0)
)
;

boundaryField
{
    sides
    {
        type            fixedValue;
        value           uniform (0 0 0);
    }
    empty
    {
        type            empty;
    }
}


// ************************************************************************* //
