/*--------------------------------*- C++ -*----------------------------------*\
| =========                 |                                                 |
| \\      /  F ield         | OpenFOAM: The Open Source CFD Toolbox           |
|  \\    /   O peration     | Version:  2412                                  |
|   \\  /    A nd           | Website:  www.openfoam.com                      |
|    \\/     M anipulation  |                                                 |
\*---------------------------------------------------------------------------*/
FoamFile
{
    version     2.0;
    format      ascii;
    arch        "LSB;label=32;scalar=64";
    class       volVectorField;
    location    "0.0472518";
    object      U;
}
// * * * * * * * * * * * * * * * * * * * * * * * * * * * * * * * * * * * * * //

dimensions      [0 1 -1 0 0 0 0];

internalField   nonuniform List<vector> 
100
(
(7.17419 0 0)
(26.7206 0 0)
(-70.9067 0 0)
(-204.057 0 0)
(-229.265 0 0)
(-225.254 0 0)
(-226.054 0 0)
(-237.512 0 0)
(-246.046 0 0)
(-245.014 0 0)
(-243.099 0 0)
(-238.517 0 0)
(-229.103 0 0)
(-223.774 0 0)
(-222.073 0 0)
(-221.947 0 0)
(-225.513 0 0)
(-226.824 0 0)
(-225.339 0 0)
(-222.231 0 0)
(-212.835 0 0)
(-206.736 0 0)
(-204.527 0 0)
(-205.065 0 0)
(-210.112 0 0)
(-211.937 0 0)
(-210.284 0 0)
(-205.973 0 0)
(-195.545 0 0)
(-188.874 0 0)
(-186.581 0 0)
(-187.782 0 0)
(-198.299 0 0)
(-204.179 0 0)
(-203.333 0 0)
(-200.407 0 0)
(-189.564 0 0)
(-173.577 0 0)
(-166.653 0 0)
(-164.325 0 0)
(-163.604 0 0)
(-167.244 0 0)
(-175.066 0 0)
(-177.116 0 0)
(-175.969 0 0)
(-173.692 0 0)
(-169.671 0 0)
(-166.016 0 0)
(-163.901 0 0)
(-161.613 0 0)
(-157.481 0 0)
(-153.169 0 0)
(-151.057 0 0)
(-150.294 0 0)
(-151.211 0 0)
(-151.888 0 0)
(-150.866 0 0)
(-147.521 0 0)
(-141.235 0 0)
(-136.742 0 0)
(-135.175 0 0)
(-139.925 0 0)
(-154.049 0 0)
(-159.719 0 0)
(-159.064 0 0)
(-156.328 0 0)
(-147.475 0 0)
(-127.45 0 0)
(-110.204 0 0)
(-101.089 0 0)
(-96.9586 0 0)
(-92.4873 0 0)
(-89.8624 0 0)
(-86.5824 0 0)
(-84.2717 0 0)
(-82.718 0 0)
(-81.4275 0 0)
(-81.6128 0 0)
(-79.343 0 0)
(-77.4794 0 0)
(-73.5248 0 0)
(-68.064 0 0)
(-61.2932 0 0)
(-55.5314 0 0)
(-52.2548 0 0)
(-49.0594 0 0)
(-47.9181 0 0)
(-45.9294 0 0)
(-43.973 0 0)
(-40.699 0 0)
(-36.9781 0 0)
(-32.327 0 0)
(-27.9854 0 0)
(-23.6646 0 0)
(-19.9063 0 0)
(-16.3891 0 0)
(-12.5753 0 0)
(-9.32411 0 0)
(-5.39564 0 0)
(-2.04928 0 0)
)
;

boundaryField
{
    sides
    {
        type            fixedValue;
        value           uniform (0 0 0);
    }
    empty
    {
        type            empty;
    }
}


// ************************************************************************* //
