/*--------------------------------*- C++ -*----------------------------------*\
| =========                 |                                                 |
| \\      /  F ield         | OpenFOAM: The Open Source CFD Toolbox           |
|  \\    /   O peration     | Version:  2412                                  |
|   \\  /    A nd           | Website:  www.openfoam.com                      |
|    \\/     M anipulation  |                                                 |
\*---------------------------------------------------------------------------*/
FoamFile
{
    version     2.0;
    format      ascii;
    arch        "LSB;label=32;scalar=64";
    class       volVectorField;
    location    "0.0128771";
    object      U;
}
// * * * * * * * * * * * * * * * * * * * * * * * * * * * * * * * * * * * * * //

dimensions      [0 1 -1 0 0 0 0];

internalField   nonuniform List<vector> 
100
(
(-2.8118e-14 0 0)
(1.20027e-13 0 0)
(1.55137e-11 0 0)
(7.31473e-09 0 0)
(2.55448e-06 0 0)
(0.000513254 0 0)
(0.0426217 0 0)
(1.01878 0 0)
(6.69934 0 0)
(17.8676 0 0)
(29.4213 0 0)
(38.7857 0 0)
(46.4233 0 0)
(53.229 0 0)
(59.7345 0 0)
(66.1675 0 0)
(72.6016 0 0)
(79.0514 0 0)
(85.5145 0 0)
(91.9897 0 0)
(98.4733 0 0)
(104.976 0 0)
(111.475 0 0)
(118.026 0 0)
(124.498 0 0)
(131.144 0 0)
(137.443 0 0)
(144.283 0 0)
(150.242 0 0)
(157.311 0 0)
(163.156 0 0)
(169.976 0 0)
(176.378 0 0)
(182.429 0 0)
(189.271 0 0)
(195.192 0 0)
(202.028 0 0)
(207.94 0 0)
(214.855 0 0)
(221.05 0 0)
(227.726 0 0)
(234 0 0)
(240.712 0 0)
(247.068 0 0)
(253.391 0 0)
(259.851 0 0)
(266.232 0 0)
(271.003 0 0)
(275.987 0 0)
(281.816 0 0)
(285.566 0 0)
(286.768 0 0)
(281.881 0 0)
(279.446 0 0)
(282.804 0 0)
(287.853 0 0)
(287.213 0 0)
(277.463 0 0)
(275.869 0 0)
(284.31 0 0)
(290.253 0 0)
(287.843 0 0)
(276.464 0 0)
(276.222 0 0)
(283.691 0 0)
(290.226 0 0)
(288.704 0 0)
(277.63 0 0)
(276.71 0 0)
(279.51 0 0)
(287.827 0 0)
(287.588 0 0)
(283.766 0 0)
(276.943 0 0)
(277.727 0 0)
(279.589 0 0)
(287.742 0 0)
(287.635 0 0)
(284.266 0 0)
(282.038 0 0)
(278.316 0 0)
(277.925 0 0)
(279.918 0 0)
(280.696 0 0)
(281.931 0 0)
(283.899 0 0)
(282.512 0 0)
(279.522 0 0)
(279.953 0 0)
(281.093 0 0)
(282.716 0 0)
(285.145 0 0)
(282.294 0 0)
(175.668 0 0)
(-3.66928 0 0)
(-24.5757 0 0)
(-10.0311 0 0)
(0.618529 0 0)
(9.64265 0 0)
(0.109024 0 0)
)
;

boundaryField
{
    sides
    {
        type            fixedValue;
        value           uniform (0 0 0);
    }
    empty
    {
        type            empty;
    }
}


// ************************************************************************* //
