/*--------------------------------*- C++ -*----------------------------------*\
| =========                 |                                                 |
| \\      /  F ield         | OpenFOAM: The Open Source CFD Toolbox           |
|  \\    /   O peration     | Version:  2412                                  |
|   \\  /    A nd           | Website:  www.openfoam.com                      |
|    \\/     M anipulation  |                                                 |
\*---------------------------------------------------------------------------*/
FoamFile
{
    version     2.0;
    format      ascii;
    arch        "LSB;label=32;scalar=64";
    class       volVectorField;
    location    "0.00605004";
    object      U;
}
// * * * * * * * * * * * * * * * * * * * * * * * * * * * * * * * * * * * * * //

dimensions      [0 1 -1 0 0 0 0];

internalField   nonuniform List<vector> 
100
(
(1.6969e-15 0 0)
(-8.32283e-14 0 0)
(-6.78654e-14 0 0)
(-1.40233e-13 0 0)
(-2.19208e-13 0 0)
(-1.44742e-13 0 0)
(-1.63257e-13 0 0)
(-1.6473e-13 0 0)
(-1.71814e-13 0 0)
(-1.92394e-13 0 0)
(-7.90352e-14 0 0)
(-9.80128e-14 0 0)
(-1.05681e-13 0 0)
(-5.70293e-14 0 0)
(-4.81685e-14 0 0)
(-6.99063e-14 0 0)
(8.81298e-14 0 0)
(1.14028e-13 0 0)
(1.61698e-13 0 0)
(1.47339e-13 0 0)
(9.61617e-14 0 0)
(9.42184e-14 0 0)
(2.07861e-13 0 0)
(6.99065e-13 0 0)
(2.31135e-10 0 0)
(1.00007e-07 0 0)
(2.90472e-05 0 0)
(0.00428908 0 0)
(0.227041 0 0)
(3.20934 0 0)
(14.3015 0 0)
(31.3479 0 0)
(48.3292 0 0)
(63.5006 0 0)
(77.4363 0 0)
(90.9812 0 0)
(104.136 0 0)
(117.91 0 0)
(130.509 0 0)
(145.257 0 0)
(157.079 0 0)
(170.978 0 0)
(184.717 0 0)
(195.461 0 0)
(209.327 0 0)
(222.526 0 0)
(237.985 0 0)
(246.449 0 0)
(258.566 0 0)
(275.31 0 0)
(286.522 0 0)
(287.771 0 0)
(279.237 0 0)
(277.267 0 0)
(287.11 0 0)
(287.568 0 0)
(282.382 0 0)
(277.418 0 0)
(278.523 0 0)
(287.518 0 0)
(287.709 0 0)
(286.28 0 0)
(279.607 0 0)
(278.469 0 0)
(279.55 0 0)
(281.862 0 0)
(284.242 0 0)
(281.543 0 0)
(277.101 0 0)
(277.384 0 0)
(278.135 0 0)
(281.25 0 0)
(285.445 0 0)
(285.59 0 0)
(282.428 0 0)
(278.418 0 0)
(280.863 0 0)
(288.995 0 0)
(272.406 0 0)
(129.55 0 0)
(3.67883 0 0)
(0.00458562 0 0)
(8.36428e-07 0 0)
(7.39428e-11 0 0)
(-1.23221e-13 0 0)
(-7.49142e-14 0 0)
(-4.22723e-14 0 0)
(-1.27713e-13 0 0)
(-2.66887e-13 0 0)
(-2.70346e-13 0 0)
(-2.91709e-13 0 0)
(-2.74648e-13 0 0)
(-2.23512e-13 0 0)
(-2.94839e-13 0 0)
(-2.82473e-13 0 0)
(-3.59134e-13 0 0)
(-3.73685e-13 0 0)
(-3.03664e-13 0 0)
(-1.91824e-13 0 0)
(-4.22862e-14 0 0)
)
;

boundaryField
{
    sides
    {
        type            fixedValue;
        value           uniform (0 0 0);
    }
    empty
    {
        type            empty;
    }
}


// ************************************************************************* //
