/*--------------------------------*- C++ -*----------------------------------*\
| =========                 |                                                 |
| \\      /  F ield         | OpenFOAM: The Open Source CFD Toolbox           |
|  \\    /   O peration     | Version:  2412                                  |
|   \\  /    A nd           | Website:  www.openfoam.com                      |
|    \\/     M anipulation  |                                                 |
\*---------------------------------------------------------------------------*/
FoamFile
{
    version     2.0;
    format      ascii;
    arch        "LSB;label=32;scalar=64";
    class       volVectorField;
    location    "0.0148965";
    object      U;
}
// * * * * * * * * * * * * * * * * * * * * * * * * * * * * * * * * * * * * * //

dimensions      [0 1 -1 0 0 0 0];

internalField   nonuniform List<vector> 
100
(
(0.128648 0 0)
(2.37771 0 0)
(10.3303 0 0)
(21.6526 0 0)
(31.6 0 0)
(39.2866 0 0)
(45.6165 0 0)
(51.371 0 0)
(56.9476 0 0)
(62.5016 0 0)
(68.075 0 0)
(73.6694 0 0)
(79.2785 0 0)
(84.8969 0 0)
(90.5222 0 0)
(96.1551 0 0)
(101.795 0 0)
(107.447 0 0)
(113.099 0 0)
(118.781 0 0)
(124.423 0 0)
(130.159 0 0)
(135.704 0 0)
(141.554 0 0)
(146.859 0 0)
(152.899 0 0)
(157.976 0 0)
(164.076 0 0)
(169.333 0 0)
(175.01 0 0)
(180.765 0 0)
(185.974 0 0)
(191.884 0 0)
(197.058 0 0)
(203.051 0 0)
(208.209 0 0)
(214.119 0 0)
(219.545 0 0)
(225.423 0 0)
(230.876 0 0)
(236.577 0 0)
(242.215 0 0)
(247.936 0 0)
(253.395 0 0)
(258.778 0 0)
(264.386 0 0)
(269.566 0 0)
(273.938 0 0)
(278.657 0 0)
(282.911 0 0)
(285.163 0 0)
(284.769 0 0)
(282.069 0 0)
(280.527 0 0)
(285.077 0 0)
(287.05 0 0)
(283.552 0 0)
(277.65 0 0)
(277.718 0 0)
(288.773 0 0)
(290.186 0 0)
(282.18 0 0)
(275.049 0 0)
(276.954 0 0)
(290.635 0 0)
(290.428 0 0)
(282.74 0 0)
(274.637 0 0)
(275.493 0 0)
(287.949 0 0)
(289.349 0 0)
(286.098 0 0)
(276.618 0 0)
(276.554 0 0)
(280.944 0 0)
(288.776 0 0)
(287.967 0 0)
(282.769 0 0)
(275.497 0 0)
(276.88 0 0)
(277.309 0 0)
(286.536 0 0)
(287.153 0 0)
(282.921 0 0)
(282.5 0 0)
(279.837 0 0)
(279.109 0 0)
(280.929 0 0)
(177.523 0 0)
(27.949 0 0)
(-4.49651 0 0)
(6.73838 0 0)
(5.80763 0 0)
(3.64825 0 0)
(-0.198976 0 0)
(-0.217064 0 0)
(0.219684 0 0)
(2.66472 0 0)
(4.26889 0 0)
(-2.31741 0 0)
)
;

boundaryField
{
    sides
    {
        type            fixedValue;
        value           uniform (0 0 0);
    }
    empty
    {
        type            empty;
    }
}


// ************************************************************************* //
