/*--------------------------------*- C++ -*----------------------------------*\
| =========                 |                                                 |
| \\      /  F ield         | OpenFOAM: The Open Source CFD Toolbox           |
|  \\    /   O peration     | Version:  2412                                  |
|   \\  /    A nd           | Website:  www.openfoam.com                      |
|    \\/     M anipulation  |                                                 |
\*---------------------------------------------------------------------------*/
FoamFile
{
    version     2.0;
    format      ascii;
    arch        "LSB;label=32;scalar=64";
    class       volVectorField;
    location    "0.0511918";
    object      U;
}
// * * * * * * * * * * * * * * * * * * * * * * * * * * * * * * * * * * * * * //

dimensions      [0 1 -1 0 0 0 0];

internalField   nonuniform List<vector> 
100
(
(-4.31386 0 0)
(-13.2391 0 0)
(-2.60459 0 0)
(12.0462 0 0)
(17.9786 0 0)
(12.1189 0 0)
(-8.92092 0 0)
(-23.7637 0 0)
(-25.2397 0 0)
(-9.28077 0 0)
(9.51287 0 0)
(5.16418 0 0)
(-76.2338 0 0)
(-226.583 0 0)
(-251.413 0 0)
(-244.952 0 0)
(-224.921 0 0)
(-210.479 0 0)
(-207.098 0 0)
(-205.646 0 0)
(-205.083 0 0)
(-210.287 0 0)
(-222.668 0 0)
(-225.714 0 0)
(-224.324 0 0)
(-221.794 0 0)
(-216.389 0 0)
(-212.276 0 0)
(-209.901 0 0)
(-207.959 0 0)
(-203.753 0 0)
(-198.999 0 0)
(-196.279 0 0)
(-195.002 0 0)
(-195.037 0 0)
(-198.008 0 0)
(-198.485 0 0)
(-197.093 0 0)
(-193.293 0 0)
(-185.78 0 0)
(-181.232 0 0)
(-179.845 0 0)
(-186.651 0 0)
(-206.049 0 0)
(-211.771 0 0)
(-210.568 0 0)
(-208.351 0 0)
(-202.131 0 0)
(-180.243 0 0)
(-157.118 0 0)
(-147.375 0 0)
(-143.712 0 0)
(-141.672 0 0)
(-139.61 0 0)
(-136.359 0 0)
(-132.405 0 0)
(-129.471 0 0)
(-128.272 0 0)
(-127.468 0 0)
(-127.016 0 0)
(-127.068 0 0)
(-127.006 0 0)
(-126.282 0 0)
(-124.427 0 0)
(-119.911 0 0)
(-111.694 0 0)
(-104.322 0 0)
(-99.297 0 0)
(-95.6298 0 0)
(-93.1321 0 0)
(-92.2249 0 0)
(-91.4226 0 0)
(-90.8966 0 0)
(-89.3096 0 0)
(-86.328 0 0)
(-81.6926 0 0)
(-76.9115 0 0)
(-72.4479 0 0)
(-68.9333 0 0)
(-66.7725 0 0)
(-62.7461 0 0)
(-59.834 0 0)
(-56.0269 0 0)
(-53.3001 0 0)
(-50.1196 0 0)
(-46.8378 0 0)
(-43.9141 0 0)
(-39.6077 0 0)
(-36.9 0 0)
(-33.3122 0 0)
(-30.5535 0 0)
(-27.6174 0 0)
(-24.6962 0 0)
(-21.124 0 0)
(-17.5537 0 0)
(-13.9356 0 0)
(-10.3141 0 0)
(-7.50049 0 0)
(-4.19982 0 0)
(-1.60197 0 0)
)
;

boundaryField
{
    sides
    {
        type            fixedValue;
        value           uniform (0 0 0);
    }
    empty
    {
        type            empty;
    }
}


// ************************************************************************* //
