/*--------------------------------*- C++ -*----------------------------------*\
| =========                 |                                                 |
| \\      /  F ield         | OpenFOAM: The Open Source CFD Toolbox           |
|  \\    /   O peration     | Version:  2412                                  |
|   \\  /    A nd           | Website:  www.openfoam.com                      |
|    \\/     M anipulation  |                                                 |
\*---------------------------------------------------------------------------*/
FoamFile
{
    version     2.0;
    format      ascii;
    arch        "LSB;label=32;scalar=64";
    class       volVectorField;
    location    "0.0274677";
    object      U;
}
// * * * * * * * * * * * * * * * * * * * * * * * * * * * * * * * * * * * * * //

dimensions      [0 1 -1 0 0 0 0];

internalField   nonuniform List<vector> 
100
(
(2.54323 0 0)
(7.69225 0 0)
(12.7961 0 0)
(17.9213 0 0)
(23.0264 0 0)
(28.1882 0 0)
(33.2646 0 0)
(38.4913 0 0)
(43.4712 0 0)
(48.8385 0 0)
(53.6824 0 0)
(59.159 0 0)
(63.9314 0 0)
(69.3527 0 0)
(74.3029 0 0)
(79.538 0 0)
(84.7493 0 0)
(89.7331 0 0)
(95.0997 0 0)
(99.9621 0 0)
(105.398 0 0)
(110.293 0 0)
(115.702 0 0)
(120.657 0 0)
(126.002 0 0)
(131.045 0 0)
(136.317 0 0)
(141.418 0 0)
(146.661 0 0)
(151.811 0 0)
(157.033 0 0)
(162.184 0 0)
(167.347 0 0)
(172.464 0 0)
(177.576 0 0)
(182.688 0 0)
(187.853 0 0)
(193.097 0 0)
(198.346 0 0)
(203.635 0 0)
(208.937 0 0)
(213.996 0 0)
(218.724 0 0)
(223.463 0 0)
(228.22 0 0)
(232.221 0 0)
(235.575 0 0)
(238.933 0 0)
(242.398 0 0)
(247.782 0 0)
(252.565 0 0)
(253.352 0 0)
(253.655 0 0)
(253.258 0 0)
(253.676 0 0)
(260.255 0 0)
(280.274 0 0)
(288.112 0 0)
(288.759 0 0)
(291.284 0 0)
(290.726 0 0)
(288.771 0 0)
(248.247 0 0)
(64.9709 0 0)
(-1.87275 0 0)
(3.09162 0 0)
(3.81683 0 0)
(-3.78079 0 0)
(-2.32722 0 0)
(-12.7374 0 0)
(-5.40869 0 0)
(-5.75825 0 0)
(0.185548 0 0)
(7.88106 0 0)
(4.37448 0 0)
(9.67319 0 0)
(2.47298 0 0)
(0.889504 0 0)
(-1.11443 0 0)
(-6.09971 0 0)
(-2.57795 0 0)
(-0.241108 0 0)
(2.98755 0 0)
(5.04978 0 0)
(2.05938 0 0)
(-1.69036 0 0)
(-2.34745 0 0)
(-4.17293 0 0)
(-1.3235 0 0)
(1.52327 0 0)
(1.82835 0 0)
(3.89959 0 0)
(2.74069 0 0)
(-0.760643 0 0)
(-4.17495 0 0)
(-4.57266 0 0)
(-2.32173 0 0)
(0.238298 0 0)
(2.90884 0 0)
(1.04151 0 0)
)
;

boundaryField
{
    sides
    {
        type            fixedValue;
        value           uniform (0 0 0);
    }
    empty
    {
        type            empty;
    }
}


// ************************************************************************* //
