/*--------------------------------*- C++ -*----------------------------------*\
| =========                 |                                                 |
| \\      /  F ield         | OpenFOAM: The Open Source CFD Toolbox           |
|  \\    /   O peration     | Version:  2412                                  |
|   \\  /    A nd           | Website:  www.openfoam.com                      |
|    \\/     M anipulation  |                                                 |
\*---------------------------------------------------------------------------*/
FoamFile
{
    version     2.0;
    format      ascii;
    arch        "LSB;label=32;scalar=64";
    class       volVectorField;
    location    "0.0443691";
    object      U;
}
// * * * * * * * * * * * * * * * * * * * * * * * * * * * * * * * * * * * * * //

dimensions      [0 1 -1 0 0 0 0];

internalField   nonuniform List<vector> 
100
(
(1.45749 0 0)
(4.28241 0 0)
(7.15551 0 0)
(10.2577 0 0)
(13.8268 0 0)
(15.9852 0 0)
(-61.3519 0 0)
(-212.56 0 0)
(-237.963 0 0)
(-227.831 0 0)
(-220.266 0 0)
(-222.385 0 0)
(-235.413 0 0)
(-237.962 0 0)
(-235.891 0 0)
(-234.04 0 0)
(-229.751 0 0)
(-215.183 0 0)
(-199.687 0 0)
(-195.236 0 0)
(-193.613 0 0)
(-193.612 0 0)
(-200.678 0 0)
(-208.638 0 0)
(-208.859 0 0)
(-207.195 0 0)
(-203.929 0 0)
(-196.499 0 0)
(-190.083 0 0)
(-187.611 0 0)
(-187.11 0 0)
(-189.387 0 0)
(-190.05 0 0)
(-188.421 0 0)
(-183.459 0 0)
(-175.003 0 0)
(-170.534 0 0)
(-169.149 0 0)
(-171.382 0 0)
(-174.621 0 0)
(-174.066 0 0)
(-170.984 0 0)
(-163.051 0 0)
(-155.583 0 0)
(-152.631 0 0)
(-153.01 0 0)
(-160.33 0 0)
(-165.78 0 0)
(-165.307 0 0)
(-162.224 0 0)
(-152.455 0 0)
(-138.896 0 0)
(-132.843 0 0)
(-130.73 0 0)
(-130.888 0 0)
(-134.924 0 0)
(-138.703 0 0)
(-138.809 0 0)
(-137.441 0 0)
(-134.707 0 0)
(-130.752 0 0)
(-127.878 0 0)
(-126.035 0 0)
(-123.123 0 0)
(-118.646 0 0)
(-115.091 0 0)
(-114.073 0 0)
(-113.683 0 0)
(-114.075 0 0)
(-112.452 0 0)
(-109.741 0 0)
(-103.791 0 0)
(-99.8267 0 0)
(-98.8118 0 0)
(-103.246 0 0)
(-114.697 0 0)
(-117.827 0 0)
(-117.916 0 0)
(-112.24 0 0)
(-101.585 0 0)
(-82.7825 0 0)
(-68.0277 0 0)
(-61.3388 0 0)
(-55.8066 0 0)
(-53.0653 0 0)
(-49.6775 0 0)
(-47.7393 0 0)
(-45.9544 0 0)
(-45.1232 0 0)
(-43.2337 0 0)
(-39.7588 0 0)
(-35.2249 0 0)
(-30.4255 0 0)
(-24.7634 0 0)
(-19.0296 0 0)
(-14.1769 0 0)
(-10.1067 0 0)
(-7.45173 0 0)
(-3.92755 0 0)
(-0.693115 0 0)
)
;

boundaryField
{
    sides
    {
        type            fixedValue;
        value           uniform (0 0 0);
    }
    empty
    {
        type            empty;
    }
}


// ************************************************************************* //
