/*--------------------------------*- C++ -*----------------------------------*\
| =========                 |                                                 |
| \\      /  F ield         | OpenFOAM: The Open Source CFD Toolbox           |
|  \\    /   O peration     | Version:  2412                                  |
|   \\  /    A nd           | Website:  www.openfoam.com                      |
|    \\/     M anipulation  |                                                 |
\*---------------------------------------------------------------------------*/
FoamFile
{
    version     2.0;
    format      ascii;
    arch        "LSB;label=32;scalar=64";
    class       volVectorField;
    location    "0.0114981";
    object      U;
}
// * * * * * * * * * * * * * * * * * * * * * * * * * * * * * * * * * * * * * //

dimensions      [0 1 -1 0 0 0 0];

internalField   nonuniform List<vector> 
100
(
(5.2876e-14 0 0)
(3.8738e-14 0 0)
(5.42636e-14 0 0)
(2.30307e-14 0 0)
(-3.17226e-14 0 0)
(-1.37523e-14 0 0)
(1.76636e-12 0 0)
(8.45961e-10 0 0)
(3.34384e-07 0 0)
(8.42275e-05 0 0)
(0.00997764 0 0)
(0.386925 0 0)
(3.95201 0 0)
(13.9336 0 0)
(26.4881 0 0)
(37.4077 0 0)
(46.3162 0 0)
(54.1074 0 0)
(61.4496 0 0)
(68.659 0 0)
(75.8489 0 0)
(83.0492 0 0)
(90.2616 0 0)
(97.4938 0 0)
(104.729 0 0)
(112.014 0 0)
(119.237 0 0)
(126.632 0 0)
(133.692 0 0)
(141.313 0 0)
(147.985 0 0)
(155.892 0 0)
(162.384 0 0)
(169.987 0 0)
(177.152 0 0)
(183.786 0 0)
(191.477 0 0)
(198.062 0 0)
(205.671 0 0)
(212.277 0 0)
(219.999 0 0)
(226.957 0 0)
(234.362 0 0)
(241.466 0 0)
(248.738 0 0)
(255.395 0 0)
(262.748 0 0)
(269.808 0 0)
(275.722 0 0)
(279.053 0 0)
(281.792 0 0)
(285.552 0 0)
(287.428 0 0)
(285.744 0 0)
(278.681 0 0)
(277.14 0 0)
(285.636 0 0)
(289.934 0 0)
(286.277 0 0)
(276.47 0 0)
(275.504 0 0)
(285.407 0 0)
(289.604 0 0)
(286.72 0 0)
(277.057 0 0)
(277.183 0 0)
(282.641 0 0)
(288.895 0 0)
(288.433 0 0)
(280.705 0 0)
(277.407 0 0)
(278.421 0 0)
(284.208 0 0)
(288.149 0 0)
(284.341 0 0)
(283.889 0 0)
(278.721 0 0)
(277.985 0 0)
(279.629 0 0)
(282.051 0 0)
(282.142 0 0)
(280.711 0 0)
(282.512 0 0)
(284.354 0 0)
(283.77 0 0)
(279.353 0 0)
(277.826 0 0)
(277.917 0 0)
(278.44 0 0)
(281.307 0 0)
(283.381 0 0)
(283.392 0 0)
(282.48 0 0)
(280.672 0 0)
(279.502 0 0)
(282.818 0 0)
(256.618 0 0)
(92.1526 0 0)
(-30.2908 0 0)
(-18.6254 0 0)
)
;

boundaryField
{
    sides
    {
        type            fixedValue;
        value           uniform (0 0 0);
    }
    empty
    {
        type            empty;
    }
}


// ************************************************************************* //
