/*--------------------------------*- C++ -*----------------------------------*\
| =========                 |                                                 |
| \\      /  F ield         | OpenFOAM: The Open Source CFD Toolbox           |
|  \\    /   O peration     | Version:  2412                                  |
|   \\  /    A nd           | Website:  www.openfoam.com                      |
|    \\/     M anipulation  |                                                 |
\*---------------------------------------------------------------------------*/
FoamFile
{
    version     2.0;
    format      ascii;
    arch        "LSB;label=32;scalar=64";
    class       volVectorField;
    location    "0.0539957";
    object      U;
}
// * * * * * * * * * * * * * * * * * * * * * * * * * * * * * * * * * * * * * //

dimensions      [0 1 -1 0 0 0 0];

internalField   nonuniform List<vector> 
100
(
(8.90915 0 0)
(4.32331 0 0)
(-4.66528 0 0)
(-17.2164 0 0)
(-22.3238 0 0)
(-11.9056 0 0)
(8.07277 0 0)
(23.0455 0 0)
(24.5605 0 0)
(15.066 0 0)
(-6.66964 0 0)
(-19.7347 0 0)
(-12.7303 0 0)
(-0.44387 0 0)
(8.80154 0 0)
(5.10214 0 0)
(-6.71835 0 0)
(-10.0316 0 0)
(-22.0913 0 0)
(-133.351 0 0)
(-224.592 0 0)
(-230.675 0 0)
(-229.353 0 0)
(-226.71 0 0)
(-220.303 0 0)
(-212.694 0 0)
(-210.147 0 0)
(-211.192 0 0)
(-230.861 0 0)
(-246.012 0 0)
(-245.956 0 0)
(-244.279 0 0)
(-241.62 0 0)
(-231.343 0 0)
(-200.434 0 0)
(-179.319 0 0)
(-173.506 0 0)
(-172.029 0 0)
(-171.386 0 0)
(-170.594 0 0)
(-168.972 0 0)
(-165.117 0 0)
(-160.05 0 0)
(-157.448 0 0)
(-156.47 0 0)
(-155.687 0 0)
(-155.285 0 0)
(-156.071 0 0)
(-156.978 0 0)
(-156.68 0 0)
(-155.67 0 0)
(-153.866 0 0)
(-148.774 0 0)
(-137.644 0 0)
(-128.654 0 0)
(-124.284 0 0)
(-122.166 0 0)
(-121.34 0 0)
(-120.623 0 0)
(-120.318 0 0)
(-120.282 0 0)
(-119.756 0 0)
(-118.154 0 0)
(-114.371 0 0)
(-107.937 0 0)
(-102.868 0 0)
(-99.3597 0 0)
(-96.645 0 0)
(-94.3331 0 0)
(-91.7572 0 0)
(-88.7844 0 0)
(-85.4795 0 0)
(-82.4003 0 0)
(-79.0857 0 0)
(-76.2329 0 0)
(-72.9586 0 0)
(-70.1735 0 0)
(-67.1793 0 0)
(-64.5252 0 0)
(-61.8147 0 0)
(-58.6016 0 0)
(-56.1507 0 0)
(-52.3127 0 0)
(-49.6799 0 0)
(-46.3585 0 0)
(-43.1224 0 0)
(-40.1531 0 0)
(-36.9245 0 0)
(-34.6255 0 0)
(-31.2306 0 0)
(-28.6328 0 0)
(-25.5601 0 0)
(-23.0555 0 0)
(-19.9959 0 0)
(-16.8818 0 0)
(-13.4755 0 0)
(-9.81831 0 0)
(-6.78044 0 0)
(-3.43664 0 0)
(-1.31168 0 0)
)
;

boundaryField
{
    sides
    {
        type            fixedValue;
        value           uniform (0 0 0);
    }
    empty
    {
        type            empty;
    }
}


// ************************************************************************* //
