/*--------------------------------*- C++ -*----------------------------------*\
| =========                 |                                                 |
| \\      /  F ield         | OpenFOAM: The Open Source CFD Toolbox           |
|  \\    /   O peration     | Version:  2412                                  |
|   \\  /    A nd           | Website:  www.openfoam.com                      |
|    \\/     M anipulation  |                                                 |
\*---------------------------------------------------------------------------*/
FoamFile
{
    version     2.0;
    format      ascii;
    arch        "LSB;label=32;scalar=64";
    class       volVectorField;
    location    "0.0358141";
    object      U;
}
// * * * * * * * * * * * * * * * * * * * * * * * * * * * * * * * * * * * * * //

dimensions      [0 1 -1 0 0 0 0];

internalField   nonuniform List<vector> 
100
(
(1.82835 0 0)
(5.65861 0 0)
(9.30274 0 0)
(13.1798 0 0)
(16.7277 0 0)
(20.7168 0 0)
(24.1421 0 0)
(28.2321 0 0)
(31.5931 0 0)
(35.6568 0 0)
(39.1656 0 0)
(43.0176 0 0)
(46.8163 0 0)
(50.4351 0 0)
(54.4273 0 0)
(57.8794 0 0)
(61.9186 0 0)
(65.3577 0 0)
(69.3659 0 0)
(72.8849 0 0)
(76.818 0 0)
(80.4236 0 0)
(84.2881 0 0)
(87.9562 0 0)
(91.759 0 0)
(95.4525 0 0)
(99.2076 0 0)
(102.917 0 0)
(106.661 0 0)
(110.385 0 0)
(114.121 0 0)
(117.799 0 0)
(121.454 0 0)
(125.022 0 0)
(128.57 0 0)
(132.123 0 0)
(135.668 0 0)
(139.606 0 0)
(140.787 0 0)
(23.0735 0 0)
(-125.771 0 0)
(-141.05 0 0)
(-126.163 0 0)
(-119.715 0 0)
(-119.755 0 0)
(-122.902 0 0)
(-123.848 0 0)
(-122.493 0 0)
(-118.124 0 0)
(-111.008 0 0)
(-105.672 0 0)
(-104.262 0 0)
(-104.011 0 0)
(-104.125 0 0)
(-104.463 0 0)
(-104.242 0 0)
(-101.851 0 0)
(-96.3987 0 0)
(-87.1624 0 0)
(-80.1647 0 0)
(-77.1002 0 0)
(-76.7252 0 0)
(-77.4973 0 0)
(-76.2242 0 0)
(-77.1717 0 0)
(-73.349 0 0)
(-70.941 0 0)
(-68.1528 0 0)
(-63.5433 0 0)
(-62.5709 0 0)
(-57.87 0 0)
(-58.4282 0 0)
(-52.8659 0 0)
(-48.156 0 0)
(-45.1863 0 0)
(-43.7411 0 0)
(-46.8474 0 0)
(-43.6793 0 0)
(-38.4015 0 0)
(-32.5161 0 0)
(-28.7284 0 0)
(-27.9078 0 0)
(-30.7859 0 0)
(-34.0208 0 0)
(-32.2533 0 0)
(-23.3938 0 0)
(-7.17443 0 0)
(9.97302 0 0)
(14.8423 0 0)
(14.3549 0 0)
(8.8176 0 0)
(3.52716 0 0)
(-2.24382 0 0)
(-4.18919 0 0)
(-3.23642 0 0)
(-1.62043 0 0)
(-0.444797 0 0)
(-0.96661 0 0)
(-0.758718 0 0)
(-1.42284 0 0)
)
;

boundaryField
{
    sides
    {
        type            fixedValue;
        value           uniform (0 0 0);
    }
    empty
    {
        type            empty;
    }
}


// ************************************************************************* //
