/*--------------------------------*- C++ -*----------------------------------*\
| =========                 |                                                 |
| \\      /  F ield         | OpenFOAM: The Open Source CFD Toolbox           |
|  \\    /   O peration     | Version:  2412                                  |
|   \\  /    A nd           | Website:  www.openfoam.com                      |
|    \\/     M anipulation  |                                                 |
\*---------------------------------------------------------------------------*/
FoamFile
{
    version     2.0;
    format      ascii;
    arch        "LSB;label=32;scalar=64";
    class       volVectorField;
    location    "0.0121882";
    object      U;
}
// * * * * * * * * * * * * * * * * * * * * * * * * * * * * * * * * * * * * * //

dimensions      [0 1 -1 0 0 0 0];

internalField   nonuniform List<vector> 
100
(
(-3.86759e-15 0 0)
(-3.45786e-14 0 0)
(1.02968e-13 0 0)
(1.61381e-13 0 0)
(5.04884e-12 0 0)
(2.49518e-09 0 0)
(9.33273e-07 0 0)
(0.000211475 0 0)
(0.0211103 0 0)
(0.644013 0 0)
(5.23953 0 0)
(15.9337 0 0)
(28.042 0 0)
(38.1588 0 0)
(46.394 0 0)
(53.662 0 0)
(60.561 0 0)
(67.3599 0 0)
(74.1506 0 0)
(80.9545 0 0)
(87.7713 0 0)
(94.603 0 0)
(101.442 0 0)
(108.311 0 0)
(115.158 0 0)
(122.099 0 0)
(128.868 0 0)
(135.957 0 0)
(142.446 0 0)
(149.799 0 0)
(155.948 0 0)
(163.387 0 0)
(169.756 0 0)
(176.513 0 0)
(183.63 0 0)
(189.775 0 0)
(196.976 0 0)
(203.28 0 0)
(210.581 0 0)
(216.872 0 0)
(223.991 0 0)
(230.693 0 0)
(237.773 0 0)
(244.388 0 0)
(251.298 0 0)
(258.01 0 0)
(263.787 0 0)
(270.278 0 0)
(277.003 0 0)
(282.249 0 0)
(283.68 0 0)
(282.377 0 0)
(281.304 0 0)
(286.062 0 0)
(287.659 0 0)
(281.948 0 0)
(276.887 0 0)
(278.897 0 0)
(289.247 0 0)
(290.268 0 0)
(280.742 0 0)
(275.693 0 0)
(278.582 0 0)
(289.579 0 0)
(289.025 0 0)
(282.339 0 0)
(276.18 0 0)
(277.098 0 0)
(286.582 0 0)
(288.132 0 0)
(286.626 0 0)
(278.162 0 0)
(278.252 0 0)
(278.522 0 0)
(286.94 0 0)
(287.83 0 0)
(284.016 0 0)
(282.94 0 0)
(278.172 0 0)
(277.781 0 0)
(279.329 0 0)
(281.466 0 0)
(283.592 0 0)
(282.018 0 0)
(279.295 0 0)
(280.985 0 0)
(282.903 0 0)
(284.347 0 0)
(284.079 0 0)
(280.425 0 0)
(277.984 0 0)
(278.034 0 0)
(277.933 0 0)
(282.319 0 0)
(277.413 0 0)
(137.779 0 0)
(-17.2853 0 0)
(-20.2688 0 0)
(-11.3464 0 0)
(-43.5135 0 0)
)
;

boundaryField
{
    sides
    {
        type            fixedValue;
        value           uniform (0 0 0);
    }
    empty
    {
        type            empty;
    }
}


// ************************************************************************* //
