/*--------------------------------*- C++ -*----------------------------------*\
| =========                 |                                                 |
| \\      /  F ield         | OpenFOAM: The Open Source CFD Toolbox           |
|  \\    /   O peration     | Version:  2412                                  |
|   \\  /    A nd           | Website:  www.openfoam.com                      |
|    \\/     M anipulation  |                                                 |
\*---------------------------------------------------------------------------*/
FoamFile
{
    version     2.0;
    format      ascii;
    arch        "LSB;label=32;scalar=64";
    class       volVectorField;
    location    "0.00108337";
    object      U;
}
// * * * * * * * * * * * * * * * * * * * * * * * * * * * * * * * * * * * * * //

dimensions      [0 1 -1 0 0 0 0];

internalField   nonuniform List<vector> 
100
(
(5.74118e-14 0 0)
(6.48519e-15 0 0)
(4.14455e-15 0 0)
(4.38818e-15 0 0)
(-3.98832e-14 0 0)
(4.91968e-14 0 0)
(-1.77926e-14 0 0)
(2.13479e-14 0 0)
(-3.9437e-15 0 0)
(-2.24432e-14 0 0)
(-2.43463e-14 0 0)
(-1.00303e-14 0 0)
(-2.45436e-14 0 0)
(-4.06513e-14 0 0)
(1.61573e-14 0 0)
(2.68276e-14 0 0)
(-2.33352e-15 0 0)
(2.4396e-14 0 0)
(-3.24789e-14 0 0)
(1.95557e-15 0 0)
(8.07433e-15 0 0)
(4.68368e-14 0 0)
(-2.62105e-20 0 0)
(-4.87538e-14 0 0)
(4.45723e-14 0 0)
(4.48628e-14 0 0)
(-3.26787e-14 0 0)
(-4.87426e-14 0 0)
(-3.89641e-16 0 0)
(8.56294e-14 0 0)
(1.18048e-13 0 0)
(6.45501e-14 0 0)
(7.32542e-15 0 0)
(-4.69777e-14 0 0)
(3.40956e-15 0 0)
(1.76994e-14 0 0)
(2.66176e-14 0 0)
(-4.1538e-14 0 0)
(-1.03533e-13 0 0)
(-1.38749e-13 0 0)
(4.1976e-12 0 0)
(1.20137e-08 0 0)
(1.21604e-05 0 0)
(0.00437002 0 0)
(0.416318 0 0)
(8.30184 0 0)
(40.813 0 0)
(97.3283 0 0)
(142.67 0 0)
(205.812 0 0)
(278.531 0 0)
(286.102 0 0)
(293.081 0 0)
(297.547 0 0)
(250.453 0 0)
(65.257 0 0)
(0.767125 0 0)
(0.000688667 0 0)
(1.43658e-07 0 0)
(1.79608e-11 0 0)
(-8.54666e-14 0 0)
(1.54528e-15 0 0)
(-6.98166e-15 0 0)
(-2.10163e-14 0 0)
(5.21726e-14 0 0)
(3.14159e-14 0 0)
(2.22956e-14 0 0)
(-3.4884e-14 0 0)
(-3.54659e-14 0 0)
(-7.07938e-15 0 0)
(-2.18706e-14 0 0)
(-2.22248e-14 0 0)
(3.45766e-14 0 0)
(5.74563e-14 0 0)
(-4.85353e-14 0 0)
(-2.13414e-14 0 0)
(4.91325e-14 0 0)
(-1.13424e-16 0 0)
(1.35668e-15 0 0)
(-5.74608e-14 0 0)
(1.42278e-14 0 0)
(9.39407e-14 0 0)
(-2.193e-15 0 0)
(-5.56572e-14 0 0)
(-5.03183e-14 0 0)
(1.42277e-14 0 0)
(7.98922e-14 0 0)
(-1.61192e-14 0 0)
(-2.74932e-14 0 0)
(-5.89659e-14 0 0)
(-7.18604e-14 0 0)
(5.3785e-16 0 0)
(1.51211e-14 0 0)
(7.00699e-15 0 0)
(-8.47779e-15 0 0)
(1.45709e-14 0 0)
(-2.07995e-14 0 0)
(7.69942e-15 0 0)
(6.92114e-15 0 0)
(-1.53072e-14 0 0)
)
;

boundaryField
{
    sides
    {
        type            fixedValue;
        value           uniform (0 0 0);
    }
    empty
    {
        type            empty;
    }
}


// ************************************************************************* //
