/*--------------------------------*- C++ -*----------------------------------*\
| =========                 |                                                 |
| \\      /  F ield         | OpenFOAM: The Open Source CFD Toolbox           |
|  \\    /   O peration     | Version:  2412                                  |
|   \\  /    A nd           | Website:  www.openfoam.com                      |
|    \\/     M anipulation  |                                                 |
\*---------------------------------------------------------------------------*/
FoamFile
{
    version     2.0;
    format      ascii;
    arch        "LSB;label=32;scalar=64";
    class       volVectorField;
    location    "0.0537186";
    object      U;
}
// * * * * * * * * * * * * * * * * * * * * * * * * * * * * * * * * * * * * * //

dimensions      [0 1 -1 0 0 0 0];

internalField   nonuniform List<vector> 
100
(
(7.75957 0 0)
(15.0052 0 0)
(5.56157 0 0)
(-14.7798 0 0)
(-27.0388 0 0)
(-19.8353 0 0)
(-3.99701 0 0)
(16.3352 0 0)
(22.5785 0 0)
(17.5846 0 0)
(6.804 0 0)
(-5.41065 0 0)
(-7.87663 0 0)
(-3.77003 0 0)
(-0.509031 0 0)
(-8.10308 0 0)
(-9.80324 0 0)
(-19.0472 0 0)
(-81.6171 0 0)
(-203.218 0 0)
(-221.467 0 0)
(-222.354 0 0)
(-226.513 0 0)
(-226.692 0 0)
(-225.283 0 0)
(-221.204 0 0)
(-212.769 0 0)
(-208.228 0 0)
(-206.865 0 0)
(-216.07 0 0)
(-238.506 0 0)
(-243.306 0 0)
(-241.693 0 0)
(-239.888 0 0)
(-234.697 0 0)
(-212.577 0 0)
(-183.389 0 0)
(-172.462 0 0)
(-169.555 0 0)
(-168.836 0 0)
(-168.024 0 0)
(-166.859 0 0)
(-163.793 0 0)
(-158.753 0 0)
(-155.385 0 0)
(-154.094 0 0)
(-153.261 0 0)
(-152.652 0 0)
(-152.984 0 0)
(-153.972 0 0)
(-153.936 0 0)
(-153.025 0 0)
(-151.552 0 0)
(-147.591 0 0)
(-137.75 0 0)
(-127.873 0 0)
(-122.666 0 0)
(-119.936 0 0)
(-118.834 0 0)
(-118.066 0 0)
(-117.608 0 0)
(-117.531 0 0)
(-117.089 0 0)
(-115.758 0 0)
(-112.32 0 0)
(-106.225 0 0)
(-100.906 0 0)
(-97.2351 0 0)
(-94.3046 0 0)
(-91.95 0 0)
(-89.397 0 0)
(-86.328 0 0)
(-83.2117 0 0)
(-79.7709 0 0)
(-76.8911 0 0)
(-73.5305 0 0)
(-70.7185 0 0)
(-67.5146 0 0)
(-64.7158 0 0)
(-62.0266 0 0)
(-58.8243 0 0)
(-56.6368 0 0)
(-52.9435 0 0)
(-50.2762 0 0)
(-46.8468 0 0)
(-43.5101 0 0)
(-40.4414 0 0)
(-36.9641 0 0)
(-34.5453 0 0)
(-31.1876 0 0)
(-28.7673 0 0)
(-25.746 0 0)
(-23.2702 0 0)
(-20.2 0 0)
(-17.0904 0 0)
(-13.6975 0 0)
(-9.89564 0 0)
(-6.7943 0 0)
(-3.50516 0 0)
(-1.45262 0 0)
)
;

boundaryField
{
    sides
    {
        type            fixedValue;
        value           uniform (0 0 0);
    }
    empty
    {
        type            empty;
    }
}


// ************************************************************************* //
