/*--------------------------------*- C++ -*----------------------------------*\
| =========                 |                                                 |
| \\      /  F ield         | OpenFOAM: The Open Source CFD Toolbox           |
|  \\    /   O peration     | Version:  2412                                  |
|   \\  /    A nd           | Website:  www.openfoam.com                      |
|    \\/     M anipulation  |                                                 |
\*---------------------------------------------------------------------------*/
FoamFile
{
    version     2.0;
    format      ascii;
    arch        "LSB;label=32;scalar=64";
    class       volScalarField;
    location    "5.73613e-05";
    object      TVib;
}
// * * * * * * * * * * * * * * * * * * * * * * * * * * * * * * * * * * * * * //

dimensions      [0 0 0 1 0 0 0];

internalField   nonuniform List<scalar> 
1800
(
1001.37
1001.37
1001.37
1001.37
1001.37
1001.37
1001.37
1001.37
1001.37
1001.37
1001.37
1001.37
1001.37
1001.37
1001.37
1001.37
1001.37
1001.37
1001.37
1001.37
1001.37
1001.37
1001.37
1001.37
1001.37
1001.37
1001.37
1001.37
1001.37
1001.37
1001.37
1001.37
1001.37
1001.37
1001.37
1001.37
1001.37
1001.37
1001.37
1001.37
1001.37
1001.37
1001.37
1001.37
1001.37
1001.37
1001.37
1001.37
1001.37
1001.37
1001.37
1001.37
1001.37
1001.37
1001.37
1001.37
1001.37
1001.37
1001.37
1001.37
1001.37
1001.37
1001.37
1001.37
1001.37
1001.37
1001.37
1001.37
1001.37
1001.37
1001.37
1001.37
1001.37
1001.37
1001.37
1001.37
1001.37
1001.37
1001.37
1001.37
1001.37
1001.37
1001.37
1001.37
1001.37
1001.37
1001.37
1001.37
1001.37
1001.37
1001.37
1001.37
1001.37
1001.37
1001.37
1001.37
1001.37
1001.37
1001.37
1001.37
1001.37
1001.37
1001.37
1001.37
1001.37
1001.37
1001.37
1001.37
1001.37
1001.37
1001.37
1001.37
1001.37
1001.37
1001.37
1001.37
1001.37
1001.37
1001.37
1001.37
1001.37
1001.37
1001.37
1001.37
1001.37
1001.37
1001.37
1001.37
1001.37
1001.37
1001.37
1001.37
1001.37
1001.37
1001.37
1001.37
1001.37
1001.37
1001.37
1001.37
1001.37
1001.37
1001.37
1001.37
1001.37
1001.37
1001.37
1001.37
1001.37
1001.37
1001.37
1001.37
1001.37
1001.37
1001.37
1001.37
1001.37
1001.37
1001.37
1001.37
1001.37
1001.37
1001.37
1001.37
1001.37
1001.37
1001.37
1001.37
1001.37
1001.37
1001.37
1001.37
1001.37
1001.37
1001.37
1001.37
1001.37
1001.37
1001.37
1001.37
1001.37
1001.37
1001.37
1001.37
1001.37
1001.37
1001.37
1001.37
1001.37
1001.37
1001.37
1001.37
1001.37
1001.37
1001.37
1001.37
1001.37
1001.37
1001.37
1001.37
1001.37
1001.37
1001.37
1001.37
1001.37
1001.37
1001.37
1001.37
1001.37
1001.37
1001.37
1001.37
1001.37
1001.37
1001.37
1001.37
1001.37
1001.37
1001.37
1001.37
1001.37
1001.37
1001.37
1001.37
1001.37
1001.37
1001.37
1001.37
1001.37
1001.37
1001.37
1001.37
1001.37
1001.37
1001.37
1001.37
1001.37
1001.37
1001.37
1001.37
1001.37
1001.37
1001.37
1001.37
1001.37
1001.37
1001.37
1001.37
1001.37
1001.37
1001.37
1001.37
1001.37
1001.37
1001.37
1001.37
1001.37
1001.37
1001.37
1001.37
1001.37
1001.37
1001.37
1001.37
1001.37
1001.37
1001.37
1001.37
1001.37
1001.37
1001.37
1001.37
1001.37
1001.37
1001.37
1001.37
1001.37
1001.37
1001.37
1001.37
1001.37
1001.37
1001.37
1001.37
1001.37
1001.37
1001.37
1001.37
1001.37
1001.37
1001.37
1001.37
1001.37
1001.37
1001.37
1001.37
1001.37
1001.37
1001.37
1001.37
1001.37
1001.37
1001.37
1001.37
1001.37
1001.37
1001.37
1001.37
1001.37
1001.37
1001.37
1001.37
1001.37
1001.37
1001.37
1001.37
1001.37
1001.37
1001.37
1001.37
1001.37
1001.37
1001.37
1001.37
1001.37
1001.37
1001.37
1001.37
1001.37
1001.37
1001.37
1001.37
1001.37
1001.37
1001.37
1001.37
1001.37
1001.37
1001.37
1001.37
1001.37
1001.37
1001.37
1001.37
1001.37
1001.37
1001.37
1001.37
1001.37
1001.37
1001.37
1001.37
1001.37
1001.37
1001.37
1001.37
1001.37
1001.37
1001.37
1001.37
1001.37
1001.37
1001.37
1001.37
1001.37
1001.37
1001.37
1001.37
1001.37
1001.37
1001.37
1001.37
1001.37
1001.37
1001.37
1001.37
1001.37
1001.37
1001.37
1001.37
1001.37
1001.37
1001.37
1001.37
1001.37
1001.37
1001.37
1001.37
1001.37
1001.37
1001.37
1001.37
1001.37
1001.37
1001.37
1001.37
1001.37
1001.37
1001.37
1001.37
1001.37
1001.37
1001.37
1001.37
1001.37
1001.37
1001.37
1001.37
1001.37
1001.37
1001.37
1001.37
1001.37
1001.37
1001.37
1001.37
1001.37
1001.37
1001.37
1001.37
1001.37
1001.37
1001.37
1001.37
1001.37
1001.37
1001.37
1001.37
1001.37
1001.37
1001.37
1001.37
1001.37
1001.37
1001.37
1001.37
1001.37
1001.37
1001.37
1001.37
1001.37
1001.37
1001.37
1001.37
1001.37
1001.37
1001.37
1001.37
1001.37
1001.37
1001.37
1001.37
1001.37
1001.37
1001.37
1001.37
1001.37
1001.37
1001.37
1001.37
1001.37
1001.37
1001.37
1001.37
1001.37
1001.37
1001.37
1001.37
1001.37
1001.37
1001.37
1001.37
1001.37
1001.37
1001.37
1001.37
1001.37
1001.37
1001.37
1001.37
1001.37
1001.37
1001.37
1001.37
1001.37
1001.37
1001.37
1001.37
1001.37
1001.37
1001.37
1001.37
1001.37
1001.37
1001.37
1001.37
1001.37
1001.37
1001.37
1001.37
1001.37
1001.37
1001.37
1001.37
1001.37
1001.37
1001.37
1001.37
1001.37
1001.37
1001.37
1001.37
1001.37
1001.37
1001.37
1001.37
1001.37
1001.37
1001.37
1001.37
1001.37
1001.37
1001.37
1001.37
1001.37
1001.37
1001.37
1001.37
1001.37
1001.37
1001.37
1001.37
1001.37
1001.37
1001.37
1001.37
1001.37
1001.37
1001.37
1001.37
1001.37
1001.37
1001.37
1001.37
1001.37
1001.37
1001.37
1001.37
1001.37
1001.37
1001.37
1001.37
1001.37
1001.37
1001.37
1001.37
1001.37
1001.37
1001.37
1001.37
1001.37
1001.37
1001.37
1001.37
1001.37
1001.37
1001.37
1001.37
1001.37
1001.37
1001.37
1001.37
1001.37
1001.37
1001.37
1001.37
1001.37
1001.37
1001.37
1001.37
1001.37
1001.37
1001.37
1001.37
1001.37
1001.37
1001.37
1001.37
1001.37
1001.37
1001.37
1001.37
1001.37
1001.37
1001.37
1001.37
1001.37
1001.37
1001.37
1001.37
1001.37
1001.37
1001.37
1001.37
1001.37
1001.37
1001.37
1001.37
1001.37
1001.37
1001.37
1001.37
1001.37
1001.37
1001.37
1001.37
1001.37
1001.37
1001.37
1001.37
1001.37
1001.37
1001.37
1001.37
1001.37
1001.37
1001.37
1001.37
1001.37
1001.37
1001.37
1001.37
1001.37
1001.37
1001.37
1001.37
1001.37
1001.37
1001.37
1001.37
1001.37
1001.37
1001.37
1001.37
1001.37
1001.37
1001.37
1001.37
1001.37
1001.37
1001.37
1001.37
1001.37
1001.37
1001.37
1001.37
1001.37
1001.37
1001.37
1001.37
1001.37
1001.37
1001.37
1001.37
1001.37
1001.37
1001.37
1001.37
1001.37
1001.37
1001.37
1001.37
1001.37
1001.37
1001.37
1001.37
1001.37
1001.37
1001.37
1001.37
1001.37
1001.37
1001.37
1001.37
1001.37
1001.37
1001.37
1001.37
1001.37
1001.37
1001.37
1001.37
1001.37
1001.37
1001.37
1001.37
1001.37
1001.37
1001.37
1001.37
1001.37
1001.37
1001.37
1001.37
1001.37
1001.37
1001.37
1001.37
1001.37
1001.37
1001.37
1001.37
1001.37
1001.37
1001.37
1001.37
1001.37
1001.37
1001.37
1001.37
1001.37
1001.37
1001.37
1001.37
1001.37
1001.37
1001.37
1001.37
1001.37
1001.37
1001.37
1001.37
1001.37
1001.37
1001.37
1001.37
1001.37
1001.37
1001.37
1001.37
1001.37
1001.37
1001.37
1001.37
1001.37
1001.37
1001.37
1001.37
1001.37
1001.37
1001.37
1001.37
1001.37
1001.37
1001.37
1001.37
1001.37
1001.37
1001.37
1001.37
1001.37
1001.37
1001.37
1001.37
1001.37
1001.37
1001.37
1001.37
1001.37
1001.37
1001.37
1001.37
1001.37
1001.37
1001.37
1001.37
1001.37
1001.37
1001.37
1001.37
1001.37
1001.37
1001.37
1001.37
1001.37
1001.37
1001.37
1001.37
1001.37
1001.37
1001.37
1001.37
1001.37
1001.37
1001.37
1001.37
1001.37
1001.37
1001.37
1001.37
1001.37
1001.37
1001.37
1001.37
1001.37
1001.37
1001.37
1001.37
1001.37
1001.37
1001.37
1001.37
1001.37
1001.37
1001.37
1001.37
1001.37
1001.37
1001.37
1001.37
1001.37
1001.37
1001.37
1001.37
1001.37
1001.37
1001.37
1001.37
1001.37
1001.37
1001.37
1001.37
1001.37
1001.37
1001.37
1001.37
1001.37
1001.37
1001.37
1001.37
1001.37
1001.37
1001.37
1001.37
1001.37
1001.37
1001.37
1001.37
1001.37
1001.37
1001.37
1001.37
1001.37
1001.37
1001.37
1001.37
1001.37
1001.37
1001.37
1001.37
1001.37
1001.37
1001.37
1001.37
1001.37
1001.37
1001.37
1001.37
1001.37
1001.37
1001.37
1001.37
1001.37
1001.37
1001.37
1001.37
1001.37
1001.37
1001.37
1001.37
1001.37
1001.37
1001.37
1001.37
1001.37
1001.37
1001.37
1001.37
1001.37
1001.37
1001.37
1001.37
1001.37
1001.37
1001.37
1001.37
1001.37
1001.37
1001.37
1001.37
1001.37
1001.37
1001.37
1001.37
1001.37
1001.37
1001.37
1001.37
1001.37
1001.37
1001.37
1001.37
1001.37
1001.37
1001.37
1001.37
1001.37
1001.37
1001.37
1001.37
1001.37
1001.37
1001.37
1001.37
1001.37
1001.37
1001.37
1001.37
1001.37
1001.37
1001.37
1001.37
1001.37
1001.37
1001.37
1001.37
1001.37
1001.37
1001.37
1001.37
1001.37
1001.37
1001.37
1001.37
1001.37
1001.37
1001.37
1001.37
1001.37
1001.37
1001.37
1001.37
1001.37
1001.37
1001.37
1001.37
1001.37
1001.37
1001.37
1001.37
1001.37
1001.37
1001.37
1001.37
1001.37
1001.37
1001.37
1001.37
1001.37
1001.37
1001.37
1001.37
1001.37
1001.37
1001.37
1001.37
1001.37
1001.37
1001.37
1001.37
1001.37
1001.37
1001.37
1001.37
1001.37
1001.37
1001.37
1001.37
1001.37
1001.37
1001.37
1001.37
1001.37
1001.37
1001.37
1001.37
1001.37
1001.37
1001.37
1001.37
1001.37
1001.37
1001.37
1001.37
1001.37
1001.37
1001.37
1001.37
1001.37
1001.37
1001.37
1001.37
1001.37
1001.37
1001.37
1001.37
1001.37
1001.37
1001.37
1001.37
1001.37
1001.37
1001.37
1001.37
1001.37
1001.37
1001.37
1001.37
1001.37
1001.37
1001.37
1001.37
1001.37
1001.37
1001.37
1001.37
1001.37
1001.37
1001.37
1001.37
1001.37
1001.37
1001.37
1001.37
1001.37
1001.37
1001.37
1001.37
1001.37
1001.37
1001.37
1001.37
1001.37
1001.37
1001.37
1001.37
1001.37
1001.37
1001.37
1001.37
1001.37
1001.37
1001.37
1001.37
1001.37
1001.37
1001.37
1001.37
1001.37
1001.37
1001.37
1001.37
1001.37
1001.37
1001.37
1001.37
1001.37
1001.37
1001.37
1001.37
1001.37
1001.37
1001.37
1001.37
1001.37
1001.37
1001.37
1001.37
1001.37
1001.37
1001.37
1001.37
1001.37
1001.37
1001.37
1001.37
1001.37
1001.37
1001.37
1001.37
1001.37
1001.37
1001.37
1001.37
1001.37
1001.37
1001.37
1001.37
1001.37
1001.37
1001.37
1001.37
1001.37
1001.37
1001.37
1001.37
1001.37
1001.37
1001.37
1001.37
1001.37
1001.37
1001.37
1001.37
1001.37
1001.37
1001.37
1001.37
1001.37
1001.37
1001.37
1001.37
1001.37
1001.37
1001.37
1001.37
1001.37
1001.37
1001.37
1001.37
1001.37
1001.37
1001.37
1001.37
1001.37
1001.37
1001.37
1001.37
1001.37
1001.37
1001.37
1001.37
1001.37
1001.37
1001.37
1001.37
1001.37
1001.37
1001.37
1001.37
1001.37
1001.37
1001.37
1001.37
1001.37
1001.37
1001.37
1001.37
1001.37
1001.37
1001.37
1001.37
1001.37
1001.37
1001.37
1001.37
1001.37
1001.37
1001.37
1001.37
1001.37
1001.37
1001.37
1001.37
1001.37
1001.37
1001.37
1001.37
1001.37
1001.37
1001.37
1001.37
1001.37
1001.37
1001.37
1001.37
1001.37
1001.37
1001.37
1001.37
1001.37
1001.37
1001.37
1001.37
1001.37
1001.37
1001.37
1001.37
1001.37
1001.37
1001.37
1001.37
1001.37
1001.37
1001.37
1001.37
1001.37
1001.37
1001.37
1001.37
1001.37
1001.37
1001.37
1001.37
1001.37
1001.37
1001.37
1001.37
1001.37
1001.37
1001.37
1001.37
1001.37
1001.37
1001.37
1001.37
1001.37
1001.37
1001.37
1001.37
1001.37
1001.37
1001.37
1001.37
1001.37
1001.37
1001.37
1001.37
1001.37
1001.37
1001.37
1001.37
1001.37
1001.37
1001.37
1001.37
1001.37
1001.37
1001.37
1001.37
1001.37
1001.37
1001.37
1001.37
1001.37
1001.37
1001.37
1001.37
1001.37
1001.37
1001.37
1001.37
1001.37
1001.37
1001.37
1001.37
1001.37
1001.37
1001.37
1001.37
1001.37
1001.37
1001.37
1001.37
1001.37
1001.37
1001.37
1001.37
1001.37
1001.37
1001.37
1001.37
1001.37
1001.37
1001.37
1001.37
1001.37
1001.37
1001.37
1001.37
1001.37
1001.37
1001.37
1001.37
1001.37
1001.37
1001.37
1001.37
1001.37
1001.37
1001.37
1001.37
1001.37
1001.37
1001.37
1001.37
1001.37
1001.37
1001.37
1001.37
1001.37
1001.37
1001.37
1001.37
1001.37
1001.37
1001.37
1001.37
1001.37
1001.37
1001.37
1001.37
1001.37
1001.37
1001.37
1001.37
1001.37
1001.37
1001.37
1001.37
1001.37
1001.37
1001.37
1001.37
1001.37
1001.37
1001.37
1001.37
1001.37
1001.37
1001.37
1001.37
1001.37
1001.37
1001.37
1001.37
1001.37
1001.37
1001.37
1001.37
1001.37
1001.37
1001.37
1001.37
1001.37
1001.37
1001.37
1001.37
1001.37
1001.37
1001.37
1001.37
1001.37
1001.37
1001.37
1001.37
1001.37
1001.37
1001.37
1001.37
1001.37
1001.37
1001.37
1001.37
1001.37
1001.37
1001.37
1001.37
1001.37
1001.37
1001.37
1001.37
1001.37
1001.37
1001.37
1001.37
1001.37
1001.37
1001.37
1001.37
1001.37
1001.37
1001.37
1001.37
1001.37
1001.37
1001.37
1001.37
1001.37
1001.37
1001.37
1001.37
1001.37
1001.37
1001.37
1001.37
1001.37
1001.37
1001.37
1001.37
1001.37
1001.37
1001.37
1001.37
1001.37
1001.37
1001.37
1001.37
1001.37
1001.37
1001.37
1001.37
1001.37
1001.37
1001.37
1001.37
1001.37
1001.37
1001.37
1001.37
1001.37
1001.37
1001.37
1001.37
1001.37
1001.37
1001.37
1001.37
1001.37
1001.37
1001.37
1001.37
1001.37
1001.37
1001.37
1001.37
1001.37
1001.37
1001.37
1001.37
1001.37
1001.37
1001.37
1001.37
1001.37
1001.37
1001.37
1001.37
1001.37
1001.37
1001.37
1001.37
1001.37
1001.37
1001.37
1001.37
1001.37
1001.37
1001.37
1001.37
1001.37
1001.37
1001.37
1001.37
1001.37
1001.37
1001.37
1001.37
1001.37
1001.37
1001.37
1001.37
1001.37
1001.37
1001.37
1001.37
1001.37
1001.37
1001.37
1001.37
1001.37
1001.37
1001.37
1001.37
1001.37
1001.37
1001.37
1001.37
1001.37
1001.37
1001.37
1001.37
1001.37
1001.37
1001.37
1001.37
1001.37
1001.37
1001.37
1001.37
1001.37
1001.37
1001.37
1001.37
1001.37
1001.37
1001.37
1001.37
1001.37
1001.37
1001.37
1001.37
1001.37
1001.37
1001.37
1001.37
1001.37
1001.37
1001.37
1001.37
1001.37
1001.37
1001.37
1001.37
1001.37
1001.37
1001.37
1001.37
1001.37
1001.37
1001.37
1001.37
1001.37
1001.37
1001.37
1001.37
1001.37
1001.37
1001.37
1001.37
1001.37
1001.37
1001.37
1001.37
1001.37
1001.37
1001.37
1001.37
1001.37
1001.37
1001.37
1001.37
1001.37
1001.37
1001.37
1001.37
1001.37
1001.37
1001.37
1001.37
1001.37
1001.37
1001.37
1001.37
1001.37
1001.37
1001.37
1001.37
1001.37
1001.37
1001.37
1001.37
1001.37
1001.37
1001.37
1001.37
1001.37
1001.37
1001.37
1001.37
1001.37
1001.37
1001.37
1001.37
1001.37
1001.37
1001.37
1001.37
1001.37
1001.37
1001.37
1001.37
1001.37
1001.37
1001.37
1001.37
1001.37
1001.37
1001.37
1001.37
1001.37
1001.37
1001.37
1001.37
1001.37
1001.37
1001.37
1001.37
1001.37
1001.37
1001.37
1001.37
1001.37
1001.37
1001.37
1001.37
1001.37
1001.37
1001.37
1001.37
1001.37
1001.37
1001.37
1001.37
1001.37
1001.37
1001.37
1001.37
1001.37
1001.37
1001.37
1001.37
1001.37
1001.37
1001.37
1001.37
1001.37
1001.37
1001.37
1001.37
1001.37
1001.37
1001.37
1001.37
1001.37
1001.37
1001.37
1001.37
1001.37
1001.37
1001.37
1001.37
1001.37
1001.37
1001.37
1001.37
1001.37
1001.37
1001.37
1001.37
1001.37
1001.37
1001.37
1001.37
1001.37
1001.37
1001.37
1001.37
1001.37
1001.37
1001.37
1001.37
1001.37
1001.37
1001.37
1001.37
1001.37
1001.37
1001.37
1001.37
1001.37
1001.37
1001.37
1001.37
1001.37
1001.37
1001.37
1001.37
1001.37
1001.37
1001.37
1001.37
1001.37
1001.37
1001.37
1001.37
1001.37
1001.37
1001.37
1001.37
1001.37
1001.37
1001.37
1001.37
1001.37
1001.37
1001.37
1001.37
1001.37
1001.37
1001.37
1001.37
1001.37
1001.37
1001.37
1001.37
1001.37
1001.37
1001.37
1001.37
1001.37
1001.37
1001.37
1001.37
1001.37
1001.37
1001.37
1001.37
1001.37
1001.37
1001.37
1001.37
1001.37
1001.37
1001.37
1001.37
1001.37
1001.37
1001.37
1001.37
1001.37
1001.37
1001.37
1001.37
1001.37
1001.37
1001.37
1001.37
1001.37
1001.37
1001.37
1001.37
1001.37
1001.37
1001.37
1001.37
1001.37
1001.37
1001.37
1001.37
1001.37
1001.37
1001.37
1001.37
1001.37
1001.37
1001.37
1001.37
1001.37
1001.37
1001.37
1001.37
1001.37
1001.37
1001.37
1001.37
1001.37
1001.37
1001.37
1001.37
)
;

boundaryField
{
    top
    {
        type            fixedValue;
        value           uniform 1000;
    }
    inlet
    {
        type            fixedValue;
        value           uniform 1000;
    }
    outlet
    {
        type            zeroGradient;
    }
    bottom
    {
        type            symmetryPlane;
    }
    frontAndBack
    {
        type            empty;
    }
}


// ************************************************************************* //
