/*--------------------------------*- C++ -*----------------------------------*\
| =========                 |                                                 |
| \\      /  F ield         | OpenFOAM: The Open Source CFD Toolbox           |
|  \\    /   O peration     | Version:  2412                                  |
|   \\  /    A nd           | Website:  www.openfoam.com                      |
|    \\/     M anipulation  |                                                 |
\*---------------------------------------------------------------------------*/
FoamFile
{
    version     2.0;
    format      ascii;
    arch        "LSB;label=32;scalar=64";
    class       volVectorField;
    location    "0.0225264";
    object      U;
}
// * * * * * * * * * * * * * * * * * * * * * * * * * * * * * * * * * * * * * //

dimensions      [0 1 -1 0 0 0 0];

internalField   nonuniform List<vector> 
100
(
(3.27708 0 0)
(9.90012 0 0)
(16.4713 0 0)
(23.0476 0 0)
(29.6299 0 0)
(36.1965 0 0)
(42.7829 0 0)
(49.3671 0 0)
(55.9369 0 0)
(62.5307 0 0)
(68.9944 0 0)
(75.5833 0 0)
(81.9259 0 0)
(88.7102 0 0)
(95.0215 0 0)
(101.947 0 0)
(108.158 0 0)
(115.041 0 0)
(121.244 0 0)
(127.513 0 0)
(133.762 0 0)
(139.822 0 0)
(146.36 0 0)
(152.698 0 0)
(160.035 0 0)
(167.084 0 0)
(175.1 0 0)
(182.739 0 0)
(191.634 0 0)
(203.491 0 0)
(218.687 0 0)
(227.717 0 0)
(231.714 0 0)
(234.953 0 0)
(237.629 0 0)
(239.132 0 0)
(240.894 0 0)
(243.894 0 0)
(247.173 0 0)
(250.659 0 0)
(255.514 0 0)
(260.245 0 0)
(263.807 0 0)
(267.449 0 0)
(270.654 0 0)
(273.532 0 0)
(277.174 0 0)
(280.588 0 0)
(282.697 0 0)
(283.805 0 0)
(284.275 0 0)
(283.772 0 0)
(283.09 0 0)
(283.301 0 0)
(283.499 0 0)
(282.554 0 0)
(282.213 0 0)
(284.446 0 0)
(285.522 0 0)
(281.59 0 0)
(279.571 0 0)
(283.619 0 0)
(288.648 0 0)
(286.931 0 0)
(276.921 0 0)
(274.503 0 0)
(287.709 0 0)
(291.296 0 0)
(284.222 0 0)
(270.888 0 0)
(270.726 0 0)
(290.98 0 0)
(277.73 0 0)
(92.1588 0 0)
(6.22764 0 0)
(24.1624 0 0)
(13.479 0 0)
(7.48964 0 0)
(13.1694 0 0)
(9.76954 0 0)
(21.6325 0 0)
(15.9294 0 0)
(7.18122 0 0)
(0.0322871 0 0)
(-10.8468 0 0)
(-11.4048 0 0)
(-6.63093 0 0)
(-2.64071 0 0)
(-3.71 0 0)
(-2.30209 0 0)
(-0.604525 0 0)
(3.4659 0 0)
(5.19059 0 0)
(9.25468 0 0)
(5.32031 0 0)
(-0.0654509 0 0)
(-1.39468 0 0)
(-1.7306 0 0)
(-0.56042 0 0)
(-5.55482 0 0)
)
;

boundaryField
{
    sides
    {
        type            fixedValue;
        value           uniform (0 0 0);
    }
    empty
    {
        type            empty;
    }
}


// ************************************************************************* //
