/*--------------------------------*- C++ -*----------------------------------*\
| =========                 |                                                 |
| \\      /  F ield         | OpenFOAM: The Open Source CFD Toolbox           |
|  \\    /   O peration     | Version:  2412                                  |
|   \\  /    A nd           | Website:  www.openfoam.com                      |
|    \\/     M anipulation  |                                                 |
\*---------------------------------------------------------------------------*/
FoamFile
{
    version     2.0;
    format      ascii;
    arch        "LSB;label=32;scalar=64";
    class       volVectorField;
    location    "0.0315068";
    object      U;
}
// * * * * * * * * * * * * * * * * * * * * * * * * * * * * * * * * * * * * * //

dimensions      [0 1 -1 0 0 0 0];

internalField   nonuniform List<vector> 
100
(
(2.15483 0 0)
(6.53185 0 0)
(10.8247 0 0)
(15.2074 0 0)
(19.4509 0 0)
(23.9002 0 0)
(28.0463 0 0)
(32.6488 0 0)
(36.6732 0 0)
(41.3626 0 0)
(45.3349 0 0)
(49.9838 0 0)
(54.1743 0 0)
(58.6088 0 0)
(63.0587 0 0)
(67.2427 0 0)
(71.8317 0 0)
(75.883 0 0)
(80.5218 0 0)
(84.6194 0 0)
(89.2555 0 0)
(93.4449 0 0)
(98.0145 0 0)
(102.279 0 0)
(106.771 0 0)
(111.089 0 0)
(115.532 0 0)
(119.882 0 0)
(124.294 0 0)
(128.659 0 0)
(133.044 0 0)
(137.404 0 0)
(141.765 0 0)
(146.117 0 0)
(150.472 0 0)
(154.812 0 0)
(159.148 0 0)
(163.449 0 0)
(167.774 0 0)
(171.918 0 0)
(176.086 0 0)
(180.297 0 0)
(184.285 0 0)
(188.119 0 0)
(191.639 0 0)
(194.634 0 0)
(197.169 0 0)
(199.102 0 0)
(200.468 0 0)
(202.274 0 0)
(204.835 0 0)
(207.33 0 0)
(176.736 0 0)
(-12.423 0 0)
(-82.2084 0 0)
(-79.7406 0 0)
(-68.4269 0 0)
(-62.1803 0 0)
(-58.0882 0 0)
(-52.272 0 0)
(-47.365 0 0)
(-42.3625 0 0)
(-45.0613 0 0)
(-44.4445 0 0)
(-46.4076 0 0)
(-39.6184 0 0)
(-31.4413 0 0)
(-31.2449 0 0)
(-27.7753 0 0)
(-32.1951 0 0)
(-23.2456 0 0)
(-19.8117 0 0)
(-6.49447 0 0)
(6.34743 0 0)
(6.84244 0 0)
(12.0785 0 0)
(8.4917 0 0)
(6.00465 0 0)
(1.51472 0 0)
(-1.78947 0 0)
(-1.6603 0 0)
(-2.79472 0 0)
(-1.649 0 0)
(-1.05845 0 0)
(-1.33821 0 0)
(-1.73 0 0)
(-1.06355 0 0)
(0.416429 0 0)
(2.18832 0 0)
(2.49815 0 0)
(0.826119 0 0)
(-0.0976878 0 0)
(-0.135412 0 0)
(-0.542031 0 0)
(-1.26195 0 0)
(-1.3542 0 0)
(-0.368219 0 0)
(-1.24387 0 0)
(-0.858929 0 0)
(1.07107 0 0)
)
;

boundaryField
{
    sides
    {
        type            fixedValue;
        value           uniform (0 0 0);
    }
    empty
    {
        type            empty;
    }
}


// ************************************************************************* //
