/*--------------------------------*- C++ -*----------------------------------*\
| =========                 |                                                 |
| \\      /  F ield         | OpenFOAM: The Open Source CFD Toolbox           |
|  \\    /   O peration     | Version:  2412                                  |
|   \\  /    A nd           | Website:  www.openfoam.com                      |
|    \\/     M anipulation  |                                                 |
\*---------------------------------------------------------------------------*/
FoamFile
{
    version     2.0;
    format      ascii;
    arch        "LSB;label=32;scalar=64";
    class       volVectorField;
    location    "0.0234997";
    object      U;
}
// * * * * * * * * * * * * * * * * * * * * * * * * * * * * * * * * * * * * * //

dimensions      [0 1 -1 0 0 0 0];

internalField   nonuniform List<vector> 
100
(
(3.11776 0 0)
(9.41038 0 0)
(15.6507 0 0)
(21.9076 0 0)
(28.1411 0 0)
(34.3863 0 0)
(40.6311 0 0)
(46.8613 0 0)
(53.025 0 0)
(59.2646 0 0)
(65.3719 0 0)
(71.757 0 0)
(77.7724 0 0)
(84.2709 0 0)
(90.1167 0 0)
(96.6451 0 0)
(102.554 0 0)
(108.921 0 0)
(115.118 0 0)
(121.38 0 0)
(127.83 0 0)
(133.802 0 0)
(140.197 0 0)
(145.852 0 0)
(151.923 0 0)
(157.531 0 0)
(163.599 0 0)
(169.569 0 0)
(176.167 0 0)
(182.946 0 0)
(190.181 0 0)
(197.021 0 0)
(203.812 0 0)
(211.899 0 0)
(225.61 0 0)
(242.033 0 0)
(249.308 0 0)
(252.802 0 0)
(256.157 0 0)
(259.073 0 0)
(260.458 0 0)
(261.325 0 0)
(263.785 0 0)
(266.459 0 0)
(269.956 0 0)
(273.777 0 0)
(277.939 0 0)
(280.802 0 0)
(283.239 0 0)
(284.168 0 0)
(283.914 0 0)
(283.568 0 0)
(283.314 0 0)
(282.845 0 0)
(282.854 0 0)
(283.801 0 0)
(283.952 0 0)
(282.116 0 0)
(281.484 0 0)
(285.054 0 0)
(286.63 0 0)
(281.841 0 0)
(278.544 0 0)
(282.264 0 0)
(289.501 0 0)
(288.897 0 0)
(275.769 0 0)
(271.721 0 0)
(284.502 0 0)
(294.32 0 0)
(265.37 0 0)
(89.4524 0 0)
(11.357 0 0)
(16.1914 0 0)
(4.87912 0 0)
(18.9538 0 0)
(10.3889 0 0)
(14.3167 0 0)
(17.6814 0 0)
(1.21024 0 0)
(-4.38229 0 0)
(-14.1313 0 0)
(-13.2039 0 0)
(-3.95048 0 0)
(-4.30787 0 0)
(-1.0386 0 0)
(4.21528 0 0)
(5.30519 0 0)
(7.73961 0 0)
(8.58284 0 0)
(3.57535 0 0)
(-2.49749 0 0)
(-7.44876 0 0)
(-9.05151 0 0)
(-5.75954 0 0)
(-0.530761 0 0)
(6.05469 0 0)
(6.40982 0 0)
(4.929 0 0)
(4.05831 0 0)
)
;

boundaryField
{
    sides
    {
        type            fixedValue;
        value           uniform (0 0 0);
    }
    empty
    {
        type            empty;
    }
}


// ************************************************************************* //
