/*--------------------------------*- C++ -*----------------------------------*\
| =========                 |                                                 |
| \\      /  F ield         | OpenFOAM: The Open Source CFD Toolbox           |
|  \\    /   O peration     | Version:  2412                                  |
|   \\  /    A nd           | Website:  www.openfoam.com                      |
|    \\/     M anipulation  |                                                 |
\*---------------------------------------------------------------------------*/
FoamFile
{
    version     2.0;
    format      ascii;
    arch        "LSB;label=32;scalar=64";
    class       volVectorField;
    location    "0.00630258";
    object      U;
}
// * * * * * * * * * * * * * * * * * * * * * * * * * * * * * * * * * * * * * //

dimensions      [0 1 -1 0 0 0 0];

internalField   nonuniform List<vector> 
100
(
(-8.82483e-14 0 0)
(-1.65008e-13 0 0)
(-1.00678e-13 0 0)
(-9.10842e-14 0 0)
(-1.61998e-13 0 0)
(-1.52858e-13 0 0)
(-1.8785e-13 0 0)
(-1.4027e-13 0 0)
(-1.55345e-13 0 0)
(-1.59672e-13 0 0)
(-8.73883e-14 0 0)
(-1.38836e-13 0 0)
(-1.21989e-13 0 0)
(-7.34014e-14 0 0)
(-3.1755e-14 0 0)
(-4.45459e-15 0 0)
(1.12637e-13 0 0)
(1.22248e-13 0 0)
(1.53436e-13 0 0)
(1.55601e-13 0 0)
(1.12457e-13 0 0)
(8.6012e-14 0 0)
(2.98408e-13 0 0)
(6.4903e-11 0 0)
(2.96663e-08 0 0)
(9.51437e-06 0 0)
(0.00165464 0 0)
(0.111126 0 0)
(2.05709 0 0)
(11.1691 0 0)
(27.2353 0 0)
(44.0771 0 0)
(59.1031 0 0)
(72.7715 0 0)
(85.7679 0 0)
(98.7236 0 0)
(111.301 0 0)
(124.727 0 0)
(136.679 0 0)
(150.972 0 0)
(162.369 0 0)
(175.233 0 0)
(188.936 0 0)
(199.257 0 0)
(212.268 0 0)
(224.835 0 0)
(240.193 0 0)
(250.435 0 0)
(259.195 0 0)
(271.686 0 0)
(286.506 0 0)
(291.949 0 0)
(281.17 0 0)
(277.443 0 0)
(281.422 0 0)
(287.983 0 0)
(287.499 0 0)
(278.303 0 0)
(277.416 0 0)
(281.761 0 0)
(287.877 0 0)
(287.209 0 0)
(283.871 0 0)
(279.057 0 0)
(278.877 0 0)
(280.342 0 0)
(281.918 0 0)
(284.386 0 0)
(282.924 0 0)
(277.775 0 0)
(277.065 0 0)
(277.649 0 0)
(279.127 0 0)
(283.774 0 0)
(285.529 0 0)
(284.286 0 0)
(280.08 0 0)
(280.532 0 0)
(287.975 0 0)
(281.009 0 0)
(175.056 0 0)
(11.0447 0 0)
(0.024952 0 0)
(6.44301e-06 0 0)
(5.13258e-10 0 0)
(-1.97094e-14 0 0)
(-1.2814e-13 0 0)
(-1.84817e-13 0 0)
(-2.38467e-13 0 0)
(-2.20238e-13 0 0)
(-1.84065e-13 0 0)
(-3.10538e-13 0 0)
(-2.88118e-13 0 0)
(-3.73528e-13 0 0)
(-2.89511e-13 0 0)
(-3.37701e-13 0 0)
(-3.09183e-13 0 0)
(-2.39277e-13 0 0)
(-1.5594e-13 0 0)
(-7.80016e-14 0 0)
)
;

boundaryField
{
    sides
    {
        type            fixedValue;
        value           uniform (0 0 0);
    }
    empty
    {
        type            empty;
    }
}


// ************************************************************************* //
