/*--------------------------------*- C++ -*----------------------------------*\
| =========                 |                                                 |
| \\      /  F ield         | OpenFOAM: The Open Source CFD Toolbox           |
|  \\    /   O peration     | Version:  2412                                  |
|   \\  /    A nd           | Website:  www.openfoam.com                      |
|    \\/     M anipulation  |                                                 |
\*---------------------------------------------------------------------------*/
FoamFile
{
    version     2.0;
    format      ascii;
    arch        "LSB;label=32;scalar=64";
    class       volVectorField;
    location    "0.0249183";
    object      U;
}
// * * * * * * * * * * * * * * * * * * * * * * * * * * * * * * * * * * * * * //

dimensions      [0 1 -1 0 0 0 0];

internalField   nonuniform List<vector> 
100
(
(2.89734 0 0)
(8.74315 0 0)
(14.5404 0 0)
(20.3433 0 0)
(26.1301 0 0)
(31.8866 0 0)
(37.6559 0 0)
(43.4801 0 0)
(49.2225 0 0)
(55.1343 0 0)
(60.7582 0 0)
(66.7897 0 0)
(72.27 0 0)
(78.3728 0 0)
(83.7783 0 0)
(89.8229 0 0)
(95.4583 0 0)
(101.318 0 0)
(107.195 0 0)
(112.786 0 0)
(118.788 0 0)
(124.248 0 0)
(130.252 0 0)
(135.779 0 0)
(141.826 0 0)
(147.507 0 0)
(153.623 0 0)
(159.407 0 0)
(165.346 0 0)
(170.946 0 0)
(176.509 0 0)
(181.891 0 0)
(187.29 0 0)
(192.678 0 0)
(198.283 0 0)
(204.373 0 0)
(211.128 0 0)
(217.969 0 0)
(223.82 0 0)
(228.589 0 0)
(234.388 0 0)
(245.748 0 0)
(264.568 0 0)
(275.074 0 0)
(279.214 0 0)
(281.591 0 0)
(284.429 0 0)
(287.129 0 0)
(286.682 0 0)
(283.831 0 0)
(282.197 0 0)
(281.912 0 0)
(281.395 0 0)
(281.62 0 0)
(283.143 0 0)
(283.782 0 0)
(282.828 0 0)
(282.768 0 0)
(284.49 0 0)
(284.547 0 0)
(281.273 0 0)
(280.239 0 0)
(286.499 0 0)
(288.291 0 0)
(281.829 0 0)
(276.973 0 0)
(278.552 0 0)
(279.986 0 0)
(104.882 0 0)
(8.69767 0 0)
(22.4528 0 0)
(16.1417 0 0)
(6.48079 0 0)
(8.15237 0 0)
(-1.3409 0 0)
(5.99238 0 0)
(-3.75222 0 0)
(-6.12977 0 0)
(-5.5574 0 0)
(-10.8484 0 0)
(-4.27433 0 0)
(-0.955575 0 0)
(5.68152 0 0)
(11.7944 0 0)
(8.04314 0 0)
(3.93121 0 0)
(-5.39019 0 0)
(-6.28844 0 0)
(-7.01721 0 0)
(1.45205 0 0)
(6.97355 0 0)
(7.76076 0 0)
(2.10538 0 0)
(-1.33 0 0)
(-5.81345 0 0)
(-4.42925 0 0)
(-2.06274 0 0)
(0.488408 0 0)
(1.95539 0 0)
(-2.57848 0 0)
)
;

boundaryField
{
    sides
    {
        type            fixedValue;
        value           uniform (0 0 0);
    }
    empty
    {
        type            empty;
    }
}


// ************************************************************************* //
