/*--------------------------------*- C++ -*----------------------------------*\
| =========                 |                                                 |
| \\      /  F ield         | OpenFOAM: The Open Source CFD Toolbox           |
|  \\    /   O peration     | Version:  2412                                  |
|   \\  /    A nd           | Website:  www.openfoam.com                      |
|    \\/     M anipulation  |                                                 |
\*---------------------------------------------------------------------------*/
FoamFile
{
    version     2.0;
    format      ascii;
    arch        "LSB;label=32;scalar=64";
    class       volVectorField;
    location    "0.044086";
    object      U;
}
// * * * * * * * * * * * * * * * * * * * * * * * * * * * * * * * * * * * * * //

dimensions      [0 1 -1 0 0 0 0];

internalField   nonuniform List<vector> 
100
(
(1.4936 0 0)
(4.40174 0 0)
(7.36045 0 0)
(10.32 0 0)
(13.4504 0 0)
(16.9709 0 0)
(19.7845 0 0)
(-22.2614 0 0)
(-192.953 0 0)
(-235.474 0 0)
(-229.063 0 0)
(-217.359 0 0)
(-215.661 0 0)
(-226.659 0 0)
(-234.188 0 0)
(-233.436 0 0)
(-231.126 0 0)
(-229 0 0)
(-220.442 0 0)
(-202.133 0 0)
(-193.329 0 0)
(-190.908 0 0)
(-189.859 0 0)
(-192.727 0 0)
(-202.138 0 0)
(-205.251 0 0)
(-203.972 0 0)
(-201.798 0 0)
(-196.509 0 0)
(-188.717 0 0)
(-184.9 0 0)
(-183.549 0 0)
(-184.774 0 0)
(-186.551 0 0)
(-185.558 0 0)
(-182.32 0 0)
(-174.525 0 0)
(-168.147 0 0)
(-165.813 0 0)
(-166.482 0 0)
(-170.221 0 0)
(-170.873 0 0)
(-168.812 0 0)
(-162.795 0 0)
(-154.016 0 0)
(-149.811 0 0)
(-148.813 0 0)
(-153.585 0 0)
(-160.963 0 0)
(-161.825 0 0)
(-159.772 0 0)
(-152.908 0 0)
(-138.918 0 0)
(-130.658 0 0)
(-127.556 0 0)
(-127.09 0 0)
(-129.75 0 0)
(-134.181 0 0)
(-135.028 0 0)
(-134.049 0 0)
(-131.728 0 0)
(-128.005 0 0)
(-124.633 0 0)
(-122.727 0 0)
(-120.232 0 0)
(-116.004 0 0)
(-112.269 0 0)
(-110.172 0 0)
(-110.167 0 0)
(-109.632 0 0)
(-109.529 0 0)
(-106.245 0 0)
(-101.445 0 0)
(-97.0513 0 0)
(-94.4562 0 0)
(-98.5406 0 0)
(-107.767 0 0)
(-113.858 0 0)
(-113.168 0 0)
(-109.468 0 0)
(-100.573 0 0)
(-82.1376 0 0)
(-66.8024 0 0)
(-57.256 0 0)
(-53.6689 0 0)
(-49.4296 0 0)
(-46.3554 0 0)
(-43.8356 0 0)
(-42.752 0 0)
(-41.1175 0 0)
(-38.6004 0 0)
(-35.4796 0 0)
(-31.7548 0 0)
(-26.3903 0 0)
(-20.6026 0 0)
(-15.2016 0 0)
(-9.53455 0 0)
(-5.93245 0 0)
(-2.01912 0 0)
(-0.333917 0 0)
)
;

boundaryField
{
    sides
    {
        type            fixedValue;
        value           uniform (0 0 0);
    }
    empty
    {
        type            empty;
    }
}


// ************************************************************************* //
