/*--------------------------------*- C++ -*----------------------------------*\
| =========                 |                                                 |
| \\      /  F ield         | OpenFOAM: The Open Source CFD Toolbox           |
|  \\    /   O peration     | Version:  2412                                  |
|   \\  /    A nd           | Website:  www.openfoam.com                      |
|    \\/     M anipulation  |                                                 |
\*---------------------------------------------------------------------------*/
FoamFile
{
    version     2.0;
    format      ascii;
    arch        "LSB;label=32;scalar=64";
    class       volVectorField;
    location    "0.00900505";
    object      U;
}
// * * * * * * * * * * * * * * * * * * * * * * * * * * * * * * * * * * * * * //

dimensions      [0 1 -1 0 0 0 0];

internalField   nonuniform List<vector> 
100
(
(3.48556e-14 0 0)
(1.5242e-14 0 0)
(2.24095e-14 0 0)
(-7.33577e-14 0 0)
(-3.15396e-14 0 0)
(8.33054e-14 0 0)
(6.33258e-14 0 0)
(4.60948e-14 0 0)
(3.17863e-14 0 0)
(1.85266e-14 0 0)
(5.81885e-14 0 0)
(6.37795e-14 0 0)
(-1.61387e-14 0 0)
(-1.68066e-16 0 0)
(3.38229e-12 0 0)
(1.7504e-09 0 0)
(6.70837e-07 0 0)
(0.000158588 0 0)
(0.016959 0 0)
(0.571385 0 0)
(5.12644 0 0)
(16.7303 0 0)
(30.8377 0 0)
(43.3231 0 0)
(53.9394 0 0)
(63.5626 0 0)
(72.8031 0 0)
(81.9386 0 0)
(91.0478 0 0)
(100.206 0 0)
(109.31 0 0)
(118.627 0 0)
(127.558 0 0)
(137.232 0 0)
(145.643 0 0)
(155.732 0 0)
(163.931 0 0)
(173.269 0 0)
(182.675 0 0)
(190.59 0 0)
(200.394 0 0)
(208.81 0 0)
(218.48 0 0)
(227.029 0 0)
(236.123 0 0)
(245.053 0 0)
(255.043 0 0)
(264.283 0 0)
(269.85 0 0)
(275.452 0 0)
(281.797 0 0)
(288.852 0 0)
(289.447 0 0)
(280.391 0 0)
(277.139 0 0)
(281.107 0 0)
(289.311 0 0)
(289.429 0 0)
(278.632 0 0)
(276.397 0 0)
(280.237 0 0)
(287.753 0 0)
(287.934 0 0)
(281.228 0 0)
(277.697 0 0)
(279.035 0 0)
(287.129 0 0)
(288.518 0 0)
(286.384 0 0)
(282.509 0 0)
(277.964 0 0)
(278.201 0 0)
(280.321 0 0)
(280.102 0 0)
(279.781 0 0)
(282.547 0 0)
(284.214 0 0)
(282.498 0 0)
(279.705 0 0)
(279.639 0 0)
(279.924 0 0)
(281.866 0 0)
(283.669 0 0)
(283.536 0 0)
(282.012 0 0)
(277.858 0 0)
(276.613 0 0)
(276.637 0 0)
(277.202 0 0)
(279.138 0 0)
(286.008 0 0)
(296.829 0 0)
(289.633 0 0)
(184.282 0 0)
(12.5801 0 0)
(0.0311615 0 0)
(8.60928e-06 0 0)
(7.11209e-10 0 0)
(1.02376e-13 0 0)
(1.0741e-13 0 0)
)
;

boundaryField
{
    sides
    {
        type            fixedValue;
        value           uniform (0 0 0);
    }
    empty
    {
        type            empty;
    }
}


// ************************************************************************* //
