/*--------------------------------*- C++ -*----------------------------------*\
| =========                 |                                                 |
| \\      /  F ield         | OpenFOAM: The Open Source CFD Toolbox           |
|  \\    /   O peration     | Version:  2412                                  |
|   \\  /    A nd           | Website:  www.openfoam.com                      |
|    \\/     M anipulation  |                                                 |
\*---------------------------------------------------------------------------*/
FoamFile
{
    version     2.0;
    format      ascii;
    arch        "LSB;label=32;scalar=64";
    class       volVectorField;
    location    "0.019647";
    object      U;
}
// * * * * * * * * * * * * * * * * * * * * * * * * * * * * * * * * * * * * * //

dimensions      [0 1 -1 0 0 0 0];

internalField   nonuniform List<vector> 
100
(
(3.82615 0 0)
(11.692 0 0)
(19.4452 0 0)
(27.1599 0 0)
(35.0111 0 0)
(42.7684 0 0)
(50.4386 0 0)
(57.9413 0 0)
(65.3836 0 0)
(72.9655 0 0)
(80.8989 0 0)
(89.2469 0 0)
(98.2728 0 0)
(108.491 0 0)
(119.607 0 0)
(131.312 0 0)
(142.168 0 0)
(152.296 0 0)
(159.795 0 0)
(164.339 0 0)
(166.706 0 0)
(169.787 0 0)
(172.714 0 0)
(176.514 0 0)
(181.339 0 0)
(185.95 0 0)
(190.695 0 0)
(194.601 0 0)
(199.069 0 0)
(203.004 0 0)
(207.514 0 0)
(211.616 0 0)
(216.112 0 0)
(220.298 0 0)
(224.695 0 0)
(228.942 0 0)
(233.331 0 0)
(237.641 0 0)
(241.961 0 0)
(246.235 0 0)
(250.5 0 0)
(254.791 0 0)
(259.106 0 0)
(263.324 0 0)
(267.059 0 0)
(271.277 0 0)
(275.373 0 0)
(278.529 0 0)
(281.435 0 0)
(283.738 0 0)
(284.315 0 0)
(284.123 0 0)
(283.626 0 0)
(282.673 0 0)
(282.005 0 0)
(284.117 0 0)
(285.528 0 0)
(283.126 0 0)
(279.482 0 0)
(280.181 0 0)
(287.754 0 0)
(289.692 0 0)
(279.751 0 0)
(275.321 0 0)
(280.323 0 0)
(291.457 0 0)
(292.037 0 0)
(275.574 0 0)
(272.415 0 0)
(279.008 0 0)
(292.196 0 0)
(291.906 0 0)
(276.635 0 0)
(272.581 0 0)
(276.346 0 0)
(291.249 0 0)
(291.2 0 0)
(283.988 0 0)
(239.421 0 0)
(72.4755 0 0)
(8.40423 0 0)
(-0.563116 0 0)
(8.51761 0 0)
(26.6518 0 0)
(13.5204 0 0)
(16.7716 0 0)
(21.9763 0 0)
(16.8856 0 0)
(9.02495 0 0)
(6.86838 0 0)
(7.08116 0 0)
(13.1404 0 0)
(14.3723 0 0)
(7.05733 0 0)
(-5.73391 0 0)
(-17.4478 0 0)
(-20.3158 0 0)
(-16.7509 0 0)
(-8.19422 0 0)
(-6.01984 0 0)
)
;

boundaryField
{
    sides
    {
        type            fixedValue;
        value           uniform (0 0 0);
    }
    empty
    {
        type            empty;
    }
}


// ************************************************************************* //
