/*--------------------------------*- C++ -*----------------------------------*\
| =========                 |                                                 |
| \\      /  F ield         | OpenFOAM: The Open Source CFD Toolbox           |
|  \\    /   O peration     | Version:  2412                                  |
|   \\  /    A nd           | Website:  www.openfoam.com                      |
|    \\/     M anipulation  |                                                 |
\*---------------------------------------------------------------------------*/
FoamFile
{
    version     2.0;
    format      ascii;
    arch        "LSB;label=32;scalar=64";
    class       volVectorField;
    location    "0.00250097";
    object      U;
}
// * * * * * * * * * * * * * * * * * * * * * * * * * * * * * * * * * * * * * //

dimensions      [0 1 -1 0 0 0 0];

internalField   nonuniform List<vector> 
100
(
(-6.59715e-15 0 0)
(6.38148e-15 0 0)
(2.79652e-14 0 0)
(3.6418e-14 0 0)
(3.24699e-14 0 0)
(1.73645e-14 0 0)
(6.09462e-15 0 0)
(-1.10236e-14 0 0)
(4.17773e-15 0 0)
(9.36051e-15 0 0)
(4.52162e-17 0 0)
(-5.76088e-14 0 0)
(-1.64252e-14 0 0)
(6.87657e-15 0 0)
(4.01054e-14 0 0)
(8.2554e-14 0 0)
(-2.60151e-14 0 0)
(-3.15426e-14 0 0)
(-2.44639e-14 0 0)
(1.75647e-14 0 0)
(-3.96933e-14 0 0)
(-8.85809e-14 0 0)
(-3.17499e-14 0 0)
(7.88461e-14 0 0)
(1.24118e-13 0 0)
(9.25902e-14 0 0)
(1.5101e-13 0 0)
(8.68937e-14 0 0)
(3.96561e-14 0 0)
(3.74282e-14 0 0)
(1.02186e-13 0 0)
(9.63248e-14 0 0)
(5.54309e-14 0 0)
(4.15341e-14 0 0)
(1.12097e-14 0 0)
(1.68998e-11 0 0)
(1.15123e-08 0 0)
(5.05152e-06 0 0)
(0.00116347 0 0)
(0.102777 0 0)
(2.45826 0 0)
(15.9355 0 0)
(43.0398 0 0)
(75.1844 0 0)
(103.756 0 0)
(137.598 0 0)
(163.13 0 0)
(191.333 0 0)
(230.337 0 0)
(246.284 0 0)
(270.371 0 0)
(292.846 0 0)
(292.203 0 0)
(281.04 0 0)
(275.97 0 0)
(276.195 0 0)
(272.813 0 0)
(277.637 0 0)
(283.241 0 0)
(297.66 0 0)
(300.31 0 0)
(248.974 0 0)
(51.7665 0 0)
(0.366766 0 0)
(0.000169376 0 0)
(1.76884e-08 0 0)
(1.95242e-12 0 0)
(-7.99124e-17 0 0)
(4.16219e-14 0 0)
(1.39235e-13 0 0)
(6.18029e-14 0 0)
(-5.73605e-14 0 0)
(-1.46951e-13 0 0)
(-1.21615e-14 0 0)
(1.18943e-13 0 0)
(5.57159e-14 0 0)
(-8.36272e-14 0 0)
(-4.18694e-14 0 0)
(-2.70792e-14 0 0)
(4.75094e-14 0 0)
(6.33657e-14 0 0)
(-1.22402e-13 0 0)
(-6.46794e-14 0 0)
(2.0418e-14 0 0)
(9.62567e-14 0 0)
(3.53087e-14 0 0)
(-1.64105e-13 0 0)
(-1.35033e-13 0 0)
(-4.1442e-14 0 0)
(-1.01197e-13 0 0)
(-2.53456e-13 0 0)
(-2.43907e-13 0 0)
(7.82951e-14 0 0)
(1.88569e-13 0 0)
(1.20964e-14 0 0)
(-9.73521e-14 0 0)
(-1.04084e-13 0 0)
(5.64677e-14 0 0)
(2.78256e-14 0 0)
(-9.23577e-14 0 0)
)
;

boundaryField
{
    sides
    {
        type            fixedValue;
        value           uniform (0 0 0);
    }
    empty
    {
        type            empty;
    }
}


// ************************************************************************* //
