/*--------------------------------*- C++ -*----------------------------------*\
| =========                 |                                                 |
| \\      /  F ield         | OpenFOAM: The Open Source CFD Toolbox           |
|  \\    /   O peration     | Version:  2412                                  |
|   \\  /    A nd           | Website:  www.openfoam.com                      |
|    \\/     M anipulation  |                                                 |
\*---------------------------------------------------------------------------*/
FoamFile
{
    version     2.0;
    format      ascii;
    arch        "LSB;label=32;scalar=64";
    class       volVectorField;
    location    "0.0383368";
    object      U;
}
// * * * * * * * * * * * * * * * * * * * * * * * * * * * * * * * * * * * * * //

dimensions      [0 1 -1 0 0 0 0];

internalField   nonuniform List<vector> 
100
(
(1.71116 0 0)
(5.13673 0 0)
(8.48634 0 0)
(11.8243 0 0)
(15.1479 0 0)
(18.5177 0 0)
(21.8266 0 0)
(25.4958 0 0)
(28.9762 0 0)
(32.6909 0 0)
(36.2728 0 0)
(39.8336 0 0)
(43.5351 0 0)
(46.9636 0 0)
(50.6214 0 0)
(53.9986 0 0)
(57.4778 0 0)
(60.8867 0 0)
(64.3282 0 0)
(67.6965 0 0)
(71.0586 0 0)
(74.3888 0 0)
(77.7526 0 0)
(81.1601 0 0)
(84.5934 0 0)
(88.0228 0 0)
(91.426 0 0)
(94.8742 0 0)
(98.6686 0 0)
(101.678 0 0)
(31.4662 0 0)
(-139.209 0 0)
(-171.109 0 0)
(-166.134 0 0)
(-162.328 0 0)
(-163.762 0 0)
(-162.594 0 0)
(-155.872 0 0)
(-146.838 0 0)
(-143.07 0 0)
(-142.127 0 0)
(-143.101 0 0)
(-146.804 0 0)
(-148.397 0 0)
(-147.448 0 0)
(-145.325 0 0)
(-139.102 0 0)
(-126.673 0 0)
(-118.73 0 0)
(-115.844 0 0)
(-115.991 0 0)
(-118.13 0 0)
(-119.408 0 0)
(-118.916 0 0)
(-117.711 0 0)
(-115.539 0 0)
(-110.471 0 0)
(-105.724 0 0)
(-103.538 0 0)
(-103.269 0 0)
(-102.43 0 0)
(-100.15 0 0)
(-95.2862 0 0)
(-89.0628 0 0)
(-86.5022 0 0)
(-84.8211 0 0)
(-86.5075 0 0)
(-85.309 0 0)
(-81.3547 0 0)
(-76.1777 0 0)
(-69.8046 0 0)
(-69.9482 0 0)
(-69.036 0 0)
(-73.6198 0 0)
(-74.1657 0 0)
(-70.1452 0 0)
(-63.7212 0 0)
(-53.1155 0 0)
(-48.8705 0 0)
(-45.2276 0 0)
(-46.8282 0 0)
(-48.5804 0 0)
(-49.1776 0 0)
(-48.1422 0 0)
(-45.3132 0 0)
(-42.0526 0 0)
(-37.9136 0 0)
(-35.0574 0 0)
(-32.9554 0 0)
(-31.0615 0 0)
(-29.5437 0 0)
(-28.927 0 0)
(-29.5532 0 0)
(-24.4104 0 0)
(-17.9017 0 0)
(-6.77606 0 0)
(7.21339 0 0)
(15.3454 0 0)
(14.3835 0 0)
(7.56049 0 0)
)
;

boundaryField
{
    sides
    {
        type            fixedValue;
        value           uniform (0 0 0);
    }
    empty
    {
        type            empty;
    }
}


// ************************************************************************* //
