/*--------------------------------*- C++ -*----------------------------------*\
| =========                 |                                                 |
| \\      /  F ield         | OpenFOAM: The Open Source CFD Toolbox           |
|  \\    /   O peration     | Version:  2412                                  |
|   \\  /    A nd           | Website:  www.openfoam.com                      |
|    \\/     M anipulation  |                                                 |
\*---------------------------------------------------------------------------*/
FoamFile
{
    version     2.0;
    format      ascii;
    arch        "LSB;label=32;scalar=64";
    class       volVectorField;
    location    "0.0154764";
    object      U;
}
// * * * * * * * * * * * * * * * * * * * * * * * * * * * * * * * * * * * * * //

dimensions      [0 1 -1 0 0 0 0];

internalField   nonuniform List<vector> 
100
(
(4.6974 0 0)
(19.5259 0 0)
(30.1135 0 0)
(37.7319 0 0)
(43.8554 0 0)
(49.4133 0 0)
(54.7886 0 0)
(60.1319 0 0)
(65.4924 0 0)
(70.8762 0 0)
(76.2769 0 0)
(81.688 0 0)
(87.106 0 0)
(92.5303 0 0)
(97.9606 0 0)
(103.4 0 0)
(108.844 0 0)
(114.305 0 0)
(119.754 0 0)
(125.25 0 0)
(130.658 0 0)
(136.225 0 0)
(141.478 0 0)
(147.187 0 0)
(152.181 0 0)
(158.06 0 0)
(162.967 0 0)
(168.731 0 0)
(174 0 0)
(179.257 0 0)
(184.898 0 0)
(189.898 0 0)
(195.61 0 0)
(200.567 0 0)
(206.349 0 0)
(211.423 0 0)
(217.068 0 0)
(222.282 0 0)
(227.939 0 0)
(233.31 0 0)
(238.778 0 0)
(244.092 0 0)
(249.581 0 0)
(255.015 0 0)
(260.117 0 0)
(265.227 0 0)
(270.528 0 0)
(275.214 0 0)
(278.762 0 0)
(282.083 0 0)
(284.735 0 0)
(285.387 0 0)
(284.863 0 0)
(281.535 0 0)
(280.012 0 0)
(283.728 0 0)
(287.563 0 0)
(286.044 0 0)
(277.714 0 0)
(275.857 0 0)
(286.359 0 0)
(290.62 0 0)
(286.314 0 0)
(275.55 0 0)
(274.206 0 0)
(287.184 0 0)
(291.453 0 0)
(287.233 0 0)
(275.491 0 0)
(275.101 0 0)
(282.562 0 0)
(290.097 0 0)
(288.831 0 0)
(278.179 0 0)
(275.462 0 0)
(277.182 0 0)
(287.59 0 0)
(287.861 0 0)
(286.979 0 0)
(276.746 0 0)
(275.946 0 0)
(277.123 0 0)
(282.324 0 0)
(288.43 0 0)
(285.061 0 0)
(281.993 0 0)
(279.705 0 0)
(155.506 0 0)
(30.6358 0 0)
(9.35503 0 0)
(19.4198 0 0)
(15.1966 0 0)
(6.17176 0 0)
(4.59537 0 0)
(3.55843 0 0)
(3.4313 0 0)
(0.964029 0 0)
(0.226864 0 0)
(1.33432 0 0)
(-2.60652 0 0)
)
;

boundaryField
{
    sides
    {
        type            fixedValue;
        value           uniform (0 0 0);
    }
    empty
    {
        type            empty;
    }
}


// ************************************************************************* //
