/*--------------------------------*- C++ -*----------------------------------*\
| =========                 |                                                 |
| \\      /  F ield         | OpenFOAM: The Open Source CFD Toolbox           |
|  \\    /   O peration     | Version:  2412                                  |
|   \\  /    A nd           | Website:  www.openfoam.com                      |
|    \\/     M anipulation  |                                                 |
\*---------------------------------------------------------------------------*/
FoamFile
{
    version     2.0;
    format      ascii;
    arch        "LSB;label=32;scalar=64";
    class       volVectorField;
    location    "0.0153474";
    object      U;
}
// * * * * * * * * * * * * * * * * * * * * * * * * * * * * * * * * * * * * * //

dimensions      [0 1 -1 0 0 0 0];

internalField   nonuniform List<vector> 
100
(
(2.94986 0 0)
(15.1093 0 0)
(26.2007 0 0)
(34.8071 0 0)
(41.5493 0 0)
(47.3786 0 0)
(52.8576 0 0)
(58.2477 0 0)
(63.643 0 0)
(69.0627 0 0)
(74.5022 0 0)
(79.9541 0 0)
(85.414 0 0)
(90.8804 0 0)
(96.3528 0 0)
(101.834 0 0)
(107.32 0 0)
(112.823 0 0)
(118.316 0 0)
(123.852 0 0)
(129.313 0 0)
(134.915 0 0)
(140.234 0 0)
(145.973 0 0)
(151.032 0 0)
(156.949 0 0)
(161.884 0 0)
(167.728 0 0)
(172.993 0 0)
(178.336 0 0)
(184.009 0 0)
(189.05 0 0)
(194.803 0 0)
(199.807 0 0)
(205.64 0 0)
(210.729 0 0)
(216.425 0 0)
(221.688 0 0)
(227.401 0 0)
(232.79 0 0)
(238.296 0 0)
(243.676 0 0)
(249.238 0 0)
(254.676 0 0)
(259.802 0 0)
(265.049 0 0)
(270.408 0 0)
(274.867 0 0)
(278.627 0 0)
(282.269 0 0)
(284.898 0 0)
(285.556 0 0)
(284.169 0 0)
(281.172 0 0)
(280.039 0 0)
(285.632 0 0)
(287.635 0 0)
(283.459 0 0)
(277.059 0 0)
(277.257 0 0)
(289.183 0 0)
(290.481 0 0)
(282.36 0 0)
(274.688 0 0)
(276.335 0 0)
(290.692 0 0)
(290.643 0 0)
(283.392 0 0)
(274.675 0 0)
(275.195 0 0)
(287.334 0 0)
(289.604 0 0)
(286.581 0 0)
(276.278 0 0)
(276.354 0 0)
(279.543 0 0)
(288.42 0 0)
(287.87 0 0)
(284.067 0 0)
(275.905 0 0)
(276.593 0 0)
(276.821 0 0)
(285.876 0 0)
(287.728 0 0)
(283.426 0 0)
(282.348 0 0)
(280.287 0 0)
(198.175 0 0)
(47.608 0 0)
(3.75869 0 0)
(20.0708 0 0)
(11.781 0 0)
(4.62969 0 0)
(3.93775 0 0)
(3.06181 0 0)
(2.60921 0 0)
(0.345168 0 0)
(0.437408 0 0)
(2.25128 0 0)
(-2.13219 0 0)
)
;

boundaryField
{
    sides
    {
        type            fixedValue;
        value           uniform (0 0 0);
    }
    empty
    {
        type            empty;
    }
}


// ************************************************************************* //
