/*--------------------------------*- C++ -*----------------------------------*\
| =========                 |                                                 |
| \\      /  F ield         | OpenFOAM: The Open Source CFD Toolbox           |
|  \\    /   O peration     | Version:  2412                                  |
|   \\  /    A nd           | Website:  www.openfoam.com                      |
|    \\/     M anipulation  |                                                 |
\*---------------------------------------------------------------------------*/
FoamFile
{
    version     2.0;
    format      ascii;
    arch        "LSB;label=32;scalar=64";
    class       volVectorField;
    location    "0.0066183";
    object      U;
}
// * * * * * * * * * * * * * * * * * * * * * * * * * * * * * * * * * * * * * //

dimensions      [0 1 -1 0 0 0 0];

internalField   nonuniform List<vector> 
100
(
(-1.28967e-13 0 0)
(-2.30601e-13 0 0)
(-1.90716e-13 0 0)
(-3.37979e-14 0 0)
(-9.65288e-14 0 0)
(-1.03793e-13 0 0)
(-2.28724e-13 0 0)
(-1.6474e-13 0 0)
(-9.81275e-14 0 0)
(-1.43453e-13 0 0)
(-2.01796e-13 0 0)
(-1.63403e-13 0 0)
(-1.13735e-13 0 0)
(-4.07436e-14 0 0)
(-3.17873e-14 0 0)
(9.37661e-14 0 0)
(1.29016e-13 0 0)
(1.22153e-13 0 0)
(1.61687e-13 0 0)
(1.22691e-13 0 0)
(1.28959e-13 0 0)
(2.98686e-13 0 0)
(6.28144e-11 0 0)
(2.8734e-08 0 0)
(9.23252e-06 0 0)
(0.00160921 0 0)
(0.108327 0 0)
(2.00907 0 0)
(10.9137 0 0)
(26.5811 0 0)
(42.9182 0 0)
(57.4106 0 0)
(70.496 0 0)
(82.9942 0 0)
(95.1992 0 0)
(107.618 0 0)
(119.532 0 0)
(132.574 0 0)
(143.77 0 0)
(157.401 0 0)
(168.499 0 0)
(180.168 0 0)
(193.482 0 0)
(203.8 0 0)
(216.061 0 0)
(227.535 0 0)
(241.883 0 0)
(254.632 0 0)
(261.506 0 0)
(270.173 0 0)
(282.987 0 0)
(290.818 0 0)
(288.643 0 0)
(278.284 0 0)
(277.188 0 0)
(285.261 0 0)
(288.7 0 0)
(285.257 0 0)
(277.729 0 0)
(277.136 0 0)
(284.044 0 0)
(287.762 0 0)
(286.438 0 0)
(282.4 0 0)
(278.569 0 0)
(279.606 0 0)
(281.213 0 0)
(281.208 0 0)
(283.468 0 0)
(284.55 0 0)
(281 0 0)
(277.318 0 0)
(277.243 0 0)
(277.325 0 0)
(279.46 0 0)
(284.489 0 0)
(285.018 0 0)
(283.008 0 0)
(281.221 0 0)
(284.904 0 0)
(288.004 0 0)
(252.12 0 0)
(74.2913 0 0)
(0.874423 0 0)
(0.000594264 0 0)
(7.60331e-08 0 0)
(7.8134e-12 0 0)
(-2.13249e-13 0 0)
(-2.0982e-13 0 0)
(-1.7006e-13 0 0)
(-1.69757e-13 0 0)
(-2.67554e-13 0 0)
(-3.74193e-13 0 0)
(-3.8798e-13 0 0)
(-3.32324e-13 0 0)
(-2.51651e-13 0 0)
(-2.44864e-13 0 0)
(-1.60287e-13 0 0)
(-1.97133e-14 0 0)
(-2.08194e-14 0 0)
)
;

boundaryField
{
    sides
    {
        type            fixedValue;
        value           uniform (0 0 0);
    }
    empty
    {
        type            empty;
    }
}


// ************************************************************************* //
