/*--------------------------------*- C++ -*----------------------------------*\
| =========                 |                                                 |
| \\      /  F ield         | OpenFOAM: The Open Source CFD Toolbox           |
|  \\    /   O peration     | Version:  2412                                  |
|   \\  /    A nd           | Website:  www.openfoam.com                      |
|    \\/     M anipulation  |                                                 |
\*---------------------------------------------------------------------------*/
FoamFile
{
    version     2.0;
    format      ascii;
    arch        "LSB;label=32;scalar=64";
    class       volVectorField;
    location    "0.0413655";
    object      U;
}
// * * * * * * * * * * * * * * * * * * * * * * * * * * * * * * * * * * * * * //

dimensions      [0 1 -1 0 0 0 0];

internalField   nonuniform List<vector> 
100
(
(1.60852 0 0)
(4.9823 0 0)
(8.2518 0 0)
(11.4685 0 0)
(14.6364 0 0)
(17.7659 0 0)
(20.8703 0 0)
(23.9673 0 0)
(27.0796 0 0)
(30.1761 0 0)
(33.2782 0 0)
(36.3825 0 0)
(39.4878 0 0)
(42.5852 0 0)
(45.6395 0 0)
(48.6844 0 0)
(52.048 0 0)
(55.5429 0 0)
(46.4682 0 0)
(-120.343 0 0)
(-215.343 0 0)
(-217.618 0 0)
(-198.286 0 0)
(-187.86 0 0)
(-184.54 0 0)
(-183.047 0 0)
(-182.492 0 0)
(-188.89 0 0)
(-195.041 0 0)
(-194.915 0 0)
(-193.226 0 0)
(-190.054 0 0)
(-179.389 0 0)
(-164.547 0 0)
(-158.494 0 0)
(-156.512 0 0)
(-156.596 0 0)
(-161.643 0 0)
(-166.341 0 0)
(-166.316 0 0)
(-164.83 0 0)
(-162.112 0 0)
(-156.32 0 0)
(-150.599 0 0)
(-148.202 0 0)
(-148.251 0 0)
(-149.284 0 0)
(-148.479 0 0)
(-144.999 0 0)
(-137.931 0 0)
(-132.168 0 0)
(-130.188 0 0)
(-131.127 0 0)
(-132.951 0 0)
(-132.404 0 0)
(-129.1 0 0)
(-121.829 0 0)
(-115.554 0 0)
(-113.045 0 0)
(-114.441 0 0)
(-119.831 0 0)
(-122.186 0 0)
(-120.744 0 0)
(-115.419 0 0)
(-104.706 0 0)
(-95.75 0 0)
(-92.2771 0 0)
(-90.7392 0 0)
(-93.5179 0 0)
(-95.403 0 0)
(-95.2916 0 0)
(-94.713 0 0)
(-90.905 0 0)
(-89.3427 0 0)
(-84.8077 0 0)
(-84.241 0 0)
(-80.0792 0 0)
(-76.2207 0 0)
(-73.5586 0 0)
(-71.423 0 0)
(-71.7358 0 0)
(-70.1564 0 0)
(-68.8097 0 0)
(-63.9989 0 0)
(-59.3725 0 0)
(-57.349 0 0)
(-58.6888 0 0)
(-64.2345 0 0)
(-71.427 0 0)
(-72.3066 0 0)
(-69.1938 0 0)
(-58.1027 0 0)
(-44.0157 0 0)
(-30.9399 0 0)
(-20.7084 0 0)
(-12.8204 0 0)
(-6.63624 0 0)
(-3.48639 0 0)
(-0.757469 0 0)
(0.523502 0 0)
)
;

boundaryField
{
    sides
    {
        type            fixedValue;
        value           uniform (0 0 0);
    }
    empty
    {
        type            empty;
    }
}


// ************************************************************************* //
