/*--------------------------------*- C++ -*----------------------------------*\
| =========                 |                                                 |
| \\      /  F ield         | OpenFOAM: The Open Source CFD Toolbox           |
|  \\    /   O peration     | Version:  2412                                  |
|   \\  /    A nd           | Website:  www.openfoam.com                      |
|    \\/     M anipulation  |                                                 |
\*---------------------------------------------------------------------------*/
FoamFile
{
    version     2.0;
    format      ascii;
    arch        "LSB;label=32;scalar=64";
    class       volVectorField;
    location    "0.00448078";
    object      U;
}
// * * * * * * * * * * * * * * * * * * * * * * * * * * * * * * * * * * * * * //

dimensions      [0 1 -1 0 0 0 0];

internalField   nonuniform List<vector> 
100
(
(-7.10836e-14 0 0)
(-1.06244e-13 0 0)
(-6.74526e-14 0 0)
(-1.91329e-14 0 0)
(1.67108e-14 0 0)
(-3.16712e-14 0 0)
(-8.30579e-14 0 0)
(-1.07887e-13 0 0)
(-1.96096e-13 0 0)
(-1.27296e-13 0 0)
(-7.95976e-14 0 0)
(-1.05984e-13 0 0)
(-6.46083e-14 0 0)
(-8.57049e-15 0 0)
(-3.97378e-14 0 0)
(-4.51368e-14 0 0)
(-3.45555e-14 0 0)
(2.40857e-14 0 0)
(2.32757e-14 0 0)
(5.82518e-14 0 0)
(8.06223e-14 0 0)
(1.11163e-13 0 0)
(2.32652e-13 0 0)
(3.12187e-13 0 0)
(2.04951e-13 0 0)
(1.89663e-13 0 0)
(1.5089e-13 0 0)
(8.65226e-14 0 0)
(6.27462e-13 0 0)
(2.88526e-10 0 0)
(1.27466e-07 0 0)
(3.71542e-05 0 0)
(0.00542796 0 0)
(0.280968 0 0)
(3.87329 0 0)
(17.0324 0 0)
(37.3627 0 0)
(58.1851 0 0)
(77.2127 0 0)
(95.5939 0 0)
(112.573 0 0)
(131.716 0 0)
(147.512 0 0)
(166.592 0 0)
(184.023 0 0)
(197.641 0 0)
(217.274 0 0)
(236.085 0 0)
(251.648 0 0)
(262.074 0 0)
(279.311 0 0)
(292.254 0 0)
(290.601 0 0)
(278.794 0 0)
(277.754 0 0)
(284.003 0 0)
(287.968 0 0)
(286.192 0 0)
(278.464 0 0)
(277.084 0 0)
(278.799 0 0)
(278.442 0 0)
(280.992 0 0)
(285.607 0 0)
(287.263 0 0)
(281.836 0 0)
(274.544 0 0)
(274.061 0 0)
(276.842 0 0)
(292.651 0 0)
(291.398 0 0)
(205.783 0 0)
(20.4222 0 0)
(0.0676904 0 0)
(2.02966e-05 0 0)
(1.64241e-09 0 0)
(1.58019e-13 0 0)
(5.01032e-14 0 0)
(-9.04729e-14 0 0)
(-2.05312e-13 0 0)
(-7.57469e-14 0 0)
(8.84805e-14 0 0)
(-3.05761e-14 0 0)
(-2.11156e-13 0 0)
(-1.97928e-13 0 0)
(-1.82283e-13 0 0)
(-1.63302e-13 0 0)
(-8.4815e-14 0 0)
(-2.3064e-13 0 0)
(-1.63959e-13 0 0)
(-1.07013e-13 0 0)
(-1.9694e-13 0 0)
(-1.94796e-13 0 0)
(-2.86957e-13 0 0)
(-2.89159e-13 0 0)
(-2.66654e-13 0 0)
(-2.10279e-13 0 0)
(-6.97564e-14 0 0)
(-4.93436e-14 0 0)
(-1.06766e-13 0 0)
)
;

boundaryField
{
    sides
    {
        type            fixedValue;
        value           uniform (0 0 0);
    }
    empty
    {
        type            empty;
    }
}


// ************************************************************************* //
