/*--------------------------------*- C++ -*----------------------------------*\
| =========                 |                                                 |
| \\      /  F ield         | OpenFOAM: The Open Source CFD Toolbox           |
|  \\    /   O peration     | Version:  2412                                  |
|   \\  /    A nd           | Website:  www.openfoam.com                      |
|    \\/     M anipulation  |                                                 |
\*---------------------------------------------------------------------------*/
FoamFile
{
    version     2.0;
    format      ascii;
    arch        "LSB;label=32;scalar=64";
    class       volVectorField;
    location    "0.000581698";
    object      U;
}
// * * * * * * * * * * * * * * * * * * * * * * * * * * * * * * * * * * * * * //

dimensions      [0 1 -1 0 0 0 0];

internalField   nonuniform List<vector> 
100
(
(2.47577e-14 0 0)
(7.96594e-14 0 0)
(-3.68581e-15 0 0)
(-7.69901e-14 0 0)
(-2.37412e-14 0 0)
(2.4751e-14 0 0)
(7.96661e-14 0 0)
(-3.53363e-14 0 0)
(-3.63855e-14 0 0)
(1.82868e-15 0 0)
(-1.05695e-20 0 0)
(-3.4524e-14 0 0)
(-1.75425e-20 0 0)
(-2.16592e-22 0 0)
(1.14361e-20 0 0)
(1.0564e-14 0 0)
(-1.0564e-14 0 0)
(-1.03119e-20 0 0)
(1.6635e-20 0 0)
(3.4524e-14 0 0)
(5.9752e-29 0 0)
(-3.4524e-14 0 0)
(-1.32459e-20 0 0)
(8.13477e-15 0 0)
(2.8218e-14 0 0)
(-2.8218e-14 0 0)
(-8.13477e-15 0 0)
(1.28542e-22 0 0)
(1.58253e-14 0 0)
(5.32556e-14 0 0)
(4.46439e-14 0 0)
(3.20948e-14 0 0)
(-8.93249e-15 0 0)
(-8.75686e-14 0 0)
(1.16278e-14 0 0)
(6.63606e-14 0 0)
(1.85128e-14 0 0)
(-8.9609e-15 0 0)
(-9.54562e-14 0 0)
(-4.14023e-14 0 0)
(1.38778e-21 0 0)
(3.45177e-14 0 0)
(7.16214e-14 0 0)
(2.08275e-09 0 0)
(1.12777e-05 0 0)
(0.0102439 0 0)
(1.15281 0 0)
(20.3628 0 0)
(76.1917 0 0)
(175.646 0 0)
(256.673 0 0)
(284.911 0 0)
(207.169 0 0)
(25.7709 0 0)
(0.138117 0 0)
(5.89352e-05 0 0)
(3.42843e-09 0 0)
(3.14822e-13 0 0)
(2.93309e-14 0 0)
(-6.93005e-15 0 0)
(-1.52697e-14 0 0)
(4.43631e-14 0 0)
(7.3191e-15 0 0)
(-1.40457e-14 0 0)
(2.35937e-15 0 0)
(-2.54242e-14 0 0)
(4.36457e-14 0 0)
(-6.53517e-15 0 0)
(-1.40457e-14 0 0)
(1.88353e-17 0 0)
(-3.62397e-14 0 0)
(-7.84493e-15 0 0)
(-1.54613e-14 0 0)
(2.18905e-14 0 0)
(1.41565e-15 0 0)
(6.84099e-20 0 0)
(2.07784e-14 0 0)
(4.556e-20 0 0)
(-6.02167e-15 0 0)
(-1.47567e-14 0 0)
(3.07678e-20 0 0)
(3.00552e-14 0 0)
(-9.27679e-15 0 0)
(-6.02172e-15 0 0)
(-1.47567e-14 0 0)
(2.45953e-20 0 0)
(2.31251e-14 0 0)
(-1.6195e-14 0 0)
(8.96431e-16 0 0)
(-2.3288e-14 0 0)
(-7.8389e-15 0 0)
(1.4763e-14 0 0)
(-6.23172e-15 0 0)
(-4.0214e-20 0 0)
(-8.53119e-15 0 0)
(2.1693e-14 0 0)
(-1.38542e-14 0 0)
(6.92376e-16 0 0)
(-3.66334e-20 0 0)
(-1.54612e-14 0 0)
)
;

boundaryField
{
    sides
    {
        type            fixedValue;
        value           uniform (0 0 0);
    }
    empty
    {
        type            empty;
    }
}


// ************************************************************************* //
