/*--------------------------------*- C++ -*----------------------------------*\
| =========                 |                                                 |
| \\      /  F ield         | OpenFOAM: The Open Source CFD Toolbox           |
|  \\    /   O peration     | Version:  2412                                  |
|   \\  /    A nd           | Website:  www.openfoam.com                      |
|    \\/     M anipulation  |                                                 |
\*---------------------------------------------------------------------------*/
FoamFile
{
    version     2.0;
    format      ascii;
    arch        "LSB;label=32;scalar=64";
    class       volVectorField;
    location    "0.0212538";
    object      U;
}
// * * * * * * * * * * * * * * * * * * * * * * * * * * * * * * * * * * * * * //

dimensions      [0 1 -1 0 0 0 0];

internalField   nonuniform List<vector> 
100
(
(3.506 0 0)
(10.6186 0 0)
(17.6638 0 0)
(24.7029 0 0)
(31.7863 0 0)
(38.8343 0 0)
(45.9035 0 0)
(52.9552 0 0)
(60.024 0 0)
(67.1322 0 0)
(74.2211 0 0)
(81.35 0 0)
(88.2539 0 0)
(95.1861 0 0)
(101.624 0 0)
(108.52 0 0)
(115.107 0 0)
(122.599 0 0)
(129.618 0 0)
(137.913 0 0)
(146.543 0 0)
(155.85 0 0)
(166.036 0 0)
(177.355 0 0)
(190.41 0 0)
(198.811 0 0)
(203.253 0 0)
(205.99 0 0)
(208.43 0 0)
(210.341 0 0)
(213.405 0 0)
(216.518 0 0)
(220.324 0 0)
(225.246 0 0)
(230.319 0 0)
(234.345 0 0)
(238.101 0 0)
(241.85 0 0)
(245.794 0 0)
(249.839 0 0)
(253.865 0 0)
(257.858 0 0)
(261.814 0 0)
(265.297 0 0)
(269.3 0 0)
(273.154 0 0)
(276.377 0 0)
(279.376 0 0)
(282.401 0 0)
(283.892 0 0)
(284.172 0 0)
(283.985 0 0)
(283.297 0 0)
(282.692 0 0)
(283.402 0 0)
(284.335 0 0)
(283.005 0 0)
(281.037 0 0)
(282.042 0 0)
(286.359 0 0)
(287.243 0 0)
(279.285 0 0)
(277.05 0 0)
(284.729 0 0)
(291.025 0 0)
(287.556 0 0)
(274.269 0 0)
(271.49 0 0)
(286.729 0 0)
(292.17 0 0)
(286.176 0 0)
(271.853 0 0)
(270.891 0 0)
(286.066 0 0)
(298.611 0 0)
(203.517 0 0)
(47.443 0 0)
(10.2099 0 0)
(18.4703 0 0)
(6.41469 0 0)
(16.786 0 0)
(12.1887 0 0)
(12.8053 0 0)
(24.0415 0 0)
(14.7954 0 0)
(10.424 0 0)
(8.44577 0 0)
(-1.67331 0 0)
(-8.45579 0 0)
(-11.5673 0 0)
(-7.71025 0 0)
(-1.35559 0 0)
(-1.16475 0 0)
(-3.55302 0 0)
(-5.44014 0 0)
(-2.96545 0 0)
(5.04934 0 0)
(12.7858 0 0)
(15.8675 0 0)
(8.85468 0 0)
)
;

boundaryField
{
    sides
    {
        type            fixedValue;
        value           uniform (0 0 0);
    }
    empty
    {
        type            empty;
    }
}


// ************************************************************************* //
