/*--------------------------------*- C++ -*----------------------------------*\
| =========                 |                                                 |
| \\      /  F ield         | OpenFOAM: The Open Source CFD Toolbox           |
|  \\    /   O peration     | Version:  2412                                  |
|   \\  /    A nd           | Website:  www.openfoam.com                      |
|    \\/     M anipulation  |                                                 |
\*---------------------------------------------------------------------------*/
FoamFile
{
    version     2.0;
    format      ascii;
    arch        "LSB;label=32;scalar=64";
    class       volVectorField;
    location    "0.0301619";
    object      U;
}
// * * * * * * * * * * * * * * * * * * * * * * * * * * * * * * * * * * * * * //

dimensions      [0 1 -1 0 0 0 0];

internalField   nonuniform List<vector> 
100
(
(2.26522 0 0)
(6.84627 0 0)
(11.3941 0 0)
(16.017 0 0)
(20.5482 0 0)
(25.2204 0 0)
(29.6462 0 0)
(34.4178 0 0)
(38.7235 0 0)
(43.6168 0 0)
(47.8045 0 0)
(52.6624 0 0)
(56.9618 0 0)
(61.6701 0 0)
(66.2772 0 0)
(70.7968 0 0)
(75.6184 0 0)
(79.9634 0 0)
(84.8619 0 0)
(89.1908 0 0)
(94.0803 0 0)
(98.4778 0 0)
(103.303 0 0)
(107.785 0 0)
(112.532 0 0)
(117.07 0 0)
(121.767 0 0)
(126.347 0 0)
(131.008 0 0)
(135.608 0 0)
(140.239 0 0)
(144.841 0 0)
(149.453 0 0)
(154.051 0 0)
(158.636 0 0)
(163.211 0 0)
(167.791 0 0)
(172.351 0 0)
(176.875 0 0)
(181.386 0 0)
(185.952 0 0)
(190.294 0 0)
(194.658 0 0)
(199.022 0 0)
(203.182 0 0)
(206.921 0 0)
(209.943 0 0)
(212.44 0 0)
(214.694 0 0)
(216.324 0 0)
(217.602 0 0)
(219.767 0 0)
(222.517 0 0)
(225.079 0 0)
(227.479 0 0)
(228.964 0 0)
(152.579 0 0)
(-24.5289 0 0)
(-58.7728 0 0)
(-56.6836 0 0)
(-50.2155 0 0)
(-38.8916 0 0)
(-36.3558 0 0)
(-30.594 0 0)
(-30.6319 0 0)
(-24.5615 0 0)
(-16.1333 0 0)
(-7.18366 0 0)
(7.23203 0 0)
(5.73085 0 0)
(10.9312 0 0)
(5.96163 0 0)
(2.38476 0 0)
(4.24361 0 0)
(-0.849998 0 0)
(0.538584 0 0)
(-5.6472 0 0)
(-5.6977 0 0)
(-5.06357 0 0)
(-0.524153 0 0)
(3.73197 0 0)
(4.54307 0 0)
(5.40539 0 0)
(2.28926 0 0)
(-1.11704 0 0)
(-1.25177 0 0)
(0.30274 0 0)
(0.732342 0 0)
(0.0278314 0 0)
(-3.63645 0 0)
(-6.51257 0 0)
(-5.39576 0 0)
(-1.89319 0 0)
(3.49274 0 0)
(6.78651 0 0)
(6.01207 0 0)
(2.83543 0 0)
(-1.53265 0 0)
(-2.95213 0 0)
(-2.35872 0 0)
)
;

boundaryField
{
    sides
    {
        type            fixedValue;
        value           uniform (0 0 0);
    }
    empty
    {
        type            empty;
    }
}


// ************************************************************************* //
