/*--------------------------------*- C++ -*----------------------------------*\
| =========                 |                                                 |
| \\      /  F ield         | OpenFOAM: The Open Source CFD Toolbox           |
|  \\    /   O peration     | Version:  2412                                  |
|   \\  /    A nd           | Website:  www.openfoam.com                      |
|    \\/     M anipulation  |                                                 |
\*---------------------------------------------------------------------------*/
FoamFile
{
    version     2.0;
    format      ascii;
    arch        "LSB;label=32;scalar=64";
    class       volVectorField;
    location    "0.0355652";
    object      U;
}
// * * * * * * * * * * * * * * * * * * * * * * * * * * * * * * * * * * * * * //

dimensions      [0 1 -1 0 0 0 0];

internalField   nonuniform List<vector> 
100
(
(1.84244 0 0)
(5.69377 0 0)
(9.37126 0 0)
(13.2726 0 0)
(16.8593 0 0)
(20.8728 0 0)
(24.3313 0 0)
(28.4497 0 0)
(31.8377 0 0)
(35.9383 0 0)
(39.4694 0 0)
(43.3647 0 0)
(47.1833 0 0)
(50.8427 0 0)
(54.8586 0 0)
(58.3435 0 0)
(62.4129 0 0)
(65.8822 0 0)
(69.9223 0 0)
(73.4726 0 0)
(77.4456 0 0)
(81.0849 0 0)
(84.9905 0 0)
(88.6902 0 0)
(92.526 0 0)
(96.2497 0 0)
(100.038 0 0)
(103.78 0 0)
(107.555 0 0)
(111.304 0 0)
(115.061 0 0)
(118.764 0 0)
(122.453 0 0)
(126.069 0 0)
(129.68 0 0)
(133.296 0 0)
(136.853 0 0)
(140.507 0 0)
(144.394 0 0)
(141.676 0 0)
(-9.336 0 0)
(-130.981 0 0)
(-137.034 0 0)
(-120.97 0 0)
(-115.63 0 0)
(-116.193 0 0)
(-118.305 0 0)
(-119.309 0 0)
(-118.213 0 0)
(-114.448 0 0)
(-107.333 0 0)
(-101.882 0 0)
(-100.385 0 0)
(-99.9562 0 0)
(-99.7686 0 0)
(-100.109 0 0)
(-99.4151 0 0)
(-97.7627 0 0)
(-92.1373 0 0)
(-83.5262 0 0)
(-76.4542 0 0)
(-72.4986 0 0)
(-73.0978 0 0)
(-72.2205 0 0)
(-73.7396 0 0)
(-71.1977 0 0)
(-69.7974 0 0)
(-67.19 0 0)
(-61.9558 0 0)
(-60.8174 0 0)
(-54.9357 0 0)
(-55.7497 0 0)
(-52.0283 0 0)
(-49.2837 0 0)
(-45.8298 0 0)
(-40.8251 0 0)
(-42.5611 0 0)
(-39.3402 0 0)
(-36.9418 0 0)
(-33.6703 0 0)
(-29.4538 0 0)
(-26.1359 0 0)
(-25.6883 0 0)
(-28.3927 0 0)
(-27.2474 0 0)
(-16.2038 0 0)
(1.32099 0 0)
(10.5916 0 0)
(15.206 0 0)
(13.7857 0 0)
(7.56336 0 0)
(0.684624 0 0)
(-4.11563 0 0)
(-4.09019 0 0)
(-2.11724 0 0)
(-0.888406 0 0)
(-1.1195 0 0)
(-2.51078 0 0)
(-2.56433 0 0)
(-1.58692 0 0)
)
;

boundaryField
{
    sides
    {
        type            fixedValue;
        value           uniform (0 0 0);
    }
    empty
    {
        type            empty;
    }
}


// ************************************************************************* //
