/*--------------------------------*- C++ -*----------------------------------*\
| =========                 |                                                 |
| \\      /  F ield         | OpenFOAM: The Open Source CFD Toolbox           |
|  \\    /   O peration     | Version:  2412                                  |
|   \\  /    A nd           | Website:  www.openfoam.com                      |
|    \\/     M anipulation  |                                                 |
\*---------------------------------------------------------------------------*/
FoamFile
{
    version     2.0;
    format      ascii;
    arch        "LSB;label=32;scalar=64";
    class       volVectorField;
    location    "0.0109976";
    object      U;
}
// * * * * * * * * * * * * * * * * * * * * * * * * * * * * * * * * * * * * * //

dimensions      [0 1 -1 0 0 0 0];

internalField   nonuniform List<vector> 
100
(
(1.2807e-14 0 0)
(6.42542e-14 0 0)
(1.41083e-14 0 0)
(-4.26733e-14 0 0)
(3.24946e-14 0 0)
(9.96805e-14 0 0)
(1.21538e-13 0 0)
(2.15608e-13 0 0)
(2.37028e-11 0 0)
(1.08923e-08 0 0)
(3.65855e-06 0 0)
(0.000698638 0 0)
(0.0543403 0 0)
(1.20506 0 0)
(7.49813 0 0)
(19.4844 0 0)
(31.8958 0 0)
(42.2014 0 0)
(50.8557 0 0)
(58.722 0 0)
(66.3067 0 0)
(73.8221 0 0)
(81.3341 0 0)
(88.8607 0 0)
(96.3967 0 0)
(103.967 0 0)
(111.516 0 0)
(119.173 0 0)
(126.64 0 0)
(134.484 0 0)
(141.625 0 0)
(149.791 0 0)
(156.554 0 0)
(164.74 0 0)
(171.862 0 0)
(179.104 0 0)
(187.099 0 0)
(193.816 0 0)
(201.747 0 0)
(208.722 0 0)
(216.802 0 0)
(223.863 0 0)
(231.699 0 0)
(239.007 0 0)
(246.481 0 0)
(254.077 0 0)
(261.848 0 0)
(268.467 0 0)
(273.145 0 0)
(278.286 0 0)
(285.155 0 0)
(288.031 0 0)
(285.907 0 0)
(279.181 0 0)
(277.517 0 0)
(286.529 0 0)
(289.324 0 0)
(284.65 0 0)
(276.26 0 0)
(275.625 0 0)
(287.212 0 0)
(289.189 0 0)
(285.293 0 0)
(277.361 0 0)
(277.259 0 0)
(285.172 0 0)
(289.223 0 0)
(287.579 0 0)
(278.763 0 0)
(277.659 0 0)
(278.038 0 0)
(286.239 0 0)
(287.315 0 0)
(284.29 0 0)
(283.23 0 0)
(278.525 0 0)
(278.375 0 0)
(280.855 0 0)
(281.732 0 0)
(281.744 0 0)
(283.77 0 0)
(284.156 0 0)
(280.134 0 0)
(277.583 0 0)
(277.919 0 0)
(278.555 0 0)
(281.094 0 0)
(283.3 0 0)
(283.328 0 0)
(282.439 0 0)
(280.26 0 0)
(279.793 0 0)
(280.046 0 0)
(282.232 0 0)
(283.755 0 0)
(284.19 0 0)
(282.116 0 0)
(267.51 0 0)
(116.093 0 0)
(90.2211 0 0)
)
;

boundaryField
{
    sides
    {
        type            fixedValue;
        value           uniform (0 0 0);
    }
    empty
    {
        type            empty;
    }
}


// ************************************************************************* //
