/*--------------------------------*- C++ -*----------------------------------*\
| =========                 |                                                 |
| \\      /  F ield         | OpenFOAM: The Open Source CFD Toolbox           |
|  \\    /   O peration     | Version:  2412                                  |
|   \\  /    A nd           | Website:  www.openfoam.com                      |
|    \\/     M anipulation  |                                                 |
\*---------------------------------------------------------------------------*/
FoamFile
{
    version     2.0;
    format      ascii;
    arch        "LSB;label=32;scalar=64";
    class       volVectorField;
    location    "0.0381787";
    object      U;
}
// * * * * * * * * * * * * * * * * * * * * * * * * * * * * * * * * * * * * * //

dimensions      [0 1 -1 0 0 0 0];

internalField   nonuniform List<vector> 
100
(
(1.71551 0 0)
(5.17699 0 0)
(8.57499 0 0)
(11.9286 0 0)
(15.2302 0 0)
(18.6618 0 0)
(21.9249 0 0)
(25.6339 0 0)
(29.1146 0 0)
(32.84 0 0)
(36.4355 0 0)
(40.0166 0 0)
(43.7287 0 0)
(47.1767 0 0)
(50.8779 0 0)
(54.256 0 0)
(57.8327 0 0)
(61.201 0 0)
(64.6503 0 0)
(68.0126 0 0)
(71.3699 0 0)
(74.7205 0 0)
(78.1311 0 0)
(81.5647 0 0)
(85.0132 0 0)
(88.4603 0 0)
(91.8939 0 0)
(95.3023 0 0)
(98.8558 0 0)
(102.657 0 0)
(97.7678 0 0)
(-54.1859 0 0)
(-162.157 0 0)
(-167.95 0 0)
(-160.946 0 0)
(-159.862 0 0)
(-161.708 0 0)
(-159.173 0 0)
(-150.761 0 0)
(-143.162 0 0)
(-140.43 0 0)
(-139.906 0 0)
(-141.639 0 0)
(-144.918 0 0)
(-145.634 0 0)
(-144.45 0 0)
(-141.573 0 0)
(-133.512 0 0)
(-121.265 0 0)
(-115.204 0 0)
(-113.298 0 0)
(-114.134 0 0)
(-116.267 0 0)
(-116.811 0 0)
(-115.942 0 0)
(-114.716 0 0)
(-111.449 0 0)
(-106.553 0 0)
(-102.23 0 0)
(-101.131 0 0)
(-100.34 0 0)
(-99.3415 0 0)
(-96.4294 0 0)
(-90.2873 0 0)
(-85.6578 0 0)
(-82.3821 0 0)
(-84.0056 0 0)
(-83.301 0 0)
(-81.245 0 0)
(-77.8943 0 0)
(-70.5758 0 0)
(-68.2262 0 0)
(-64.5959 0 0)
(-69.6345 0 0)
(-71.5969 0 0)
(-69.5198 0 0)
(-66.0585 0 0)
(-56.2843 0 0)
(-49.1619 0 0)
(-43.6139 0 0)
(-44.1983 0 0)
(-45.6372 0 0)
(-47.2979 0 0)
(-46.9117 0 0)
(-43.997 0 0)
(-40.3913 0 0)
(-36.5374 0 0)
(-34.3576 0 0)
(-32.6114 0 0)
(-31.2702 0 0)
(-29.7824 0 0)
(-28.0623 0 0)
(-26.7907 0 0)
(-20.047 0 0)
(-12.2024 0 0)
(0.00808904 0 0)
(12.0922 0 0)
(16.5216 0 0)
(16.6133 0 0)
(7.95299 0 0)
)
;

boundaryField
{
    sides
    {
        type            fixedValue;
        value           uniform (0 0 0);
    }
    empty
    {
        type            empty;
    }
}


// ************************************************************************* //
