/*--------------------------------*- C++ -*----------------------------------*\
| =========                 |                                                 |
| \\      /  F ield         | OpenFOAM: The Open Source CFD Toolbox           |
|  \\    /   O peration     | Version:  2412                                  |
|   \\  /    A nd           | Website:  www.openfoam.com                      |
|    \\/     M anipulation  |                                                 |
\*---------------------------------------------------------------------------*/
FoamFile
{
    version     2.0;
    format      ascii;
    arch        "LSB;label=32;scalar=64";
    class       volVectorField;
    location    "0.0520392";
    object      U;
}
// * * * * * * * * * * * * * * * * * * * * * * * * * * * * * * * * * * * * * //

dimensions      [0 1 -1 0 0 0 0];

internalField   nonuniform List<vector> 
100
(
(9.3498 0 0)
(13.0724 0 0)
(4.97692 0 0)
(-9.0357 0 0)
(-14.9024 0 0)
(-3.15665 0 0)
(12.9033 0 0)
(20.802 0 0)
(10.1762 0 0)
(-11.7521 0 0)
(-35.5069 0 0)
(-44.3157 0 0)
(-15.4105 0 0)
(15.531 0 0)
(-44.5142 0 0)
(-186.941 0 0)
(-216.47 0 0)
(-225.909 0 0)
(-234.852 0 0)
(-234.631 0 0)
(-232.925 0 0)
(-228.552 0 0)
(-222.864 0 0)
(-219.877 0 0)
(-218.113 0 0)
(-215.676 0 0)
(-210.703 0 0)
(-206.851 0 0)
(-204.964 0 0)
(-204.047 0 0)
(-205.504 0 0)
(-208.634 0 0)
(-208.057 0 0)
(-206.222 0 0)
(-200.784 0 0)
(-193.058 0 0)
(-189.688 0 0)
(-189.259 0 0)
(-202.177 0 0)
(-220.124 0 0)
(-222.095 0 0)
(-220.523 0 0)
(-217.971 0 0)
(-209.102 0 0)
(-182.903 0 0)
(-161.969 0 0)
(-154.765 0 0)
(-152.082 0 0)
(-150.741 0 0)
(-148.915 0 0)
(-145.646 0 0)
(-141.393 0 0)
(-138.381 0 0)
(-137.148 0 0)
(-136.279 0 0)
(-135.807 0 0)
(-136.059 0 0)
(-136.274 0 0)
(-135.794 0 0)
(-134.68 0 0)
(-131.525 0 0)
(-124.131 0 0)
(-115.152 0 0)
(-109.072 0 0)
(-105.147 0 0)
(-102.537 0 0)
(-101.446 0 0)
(-100.772 0 0)
(-100.28 0 0)
(-99.6354 0 0)
(-97.8965 0 0)
(-93.8986 0 0)
(-88.6944 0 0)
(-83.7148 0 0)
(-80.0636 0 0)
(-76.8085 0 0)
(-74.1582 0 0)
(-71.4664 0 0)
(-68.0935 0 0)
(-64.9851 0 0)
(-60.8088 0 0)
(-58.2882 0 0)
(-54.6571 0 0)
(-51.9579 0 0)
(-48.6604 0 0)
(-45.7029 0 0)
(-43.2485 0 0)
(-39.4596 0 0)
(-36.8827 0 0)
(-33.0855 0 0)
(-29.7106 0 0)
(-25.8937 0 0)
(-22.8144 0 0)
(-19.7385 0 0)
(-17.1277 0 0)
(-14.4446 0 0)
(-11.3566 0 0)
(-8.35253 0 0)
(-4.63035 0 0)
(-1.70456 0 0)
)
;

boundaryField
{
    sides
    {
        type            fixedValue;
        value           uniform (0 0 0);
    }
    empty
    {
        type            empty;
    }
}


// ************************************************************************* //
