/*--------------------------------*- C++ -*----------------------------------*\
| =========                 |                                                 |
| \\      /  F ield         | OpenFOAM: The Open Source CFD Toolbox           |
|  \\    /   O peration     | Version:  2412                                  |
|   \\  /    A nd           | Website:  www.openfoam.com                      |
|    \\/     M anipulation  |                                                 |
\*---------------------------------------------------------------------------*/
FoamFile
{
    version     2.0;
    format      ascii;
    arch        "LSB;label=32;scalar=64";
    class       volVectorField;
    location    "0.0307522";
    object      U;
}
// * * * * * * * * * * * * * * * * * * * * * * * * * * * * * * * * * * * * * //

dimensions      [0 1 -1 0 0 0 0];

internalField   nonuniform List<vector> 
100
(
(2.20727 0 0)
(6.69769 0 0)
(11.1339 0 0)
(15.6402 0 0)
(20.044 0 0)
(24.6206 0 0)
(28.9232 0 0)
(33.6207 0 0)
(37.8016 0 0)
(42.6109 0 0)
(46.7017 0 0)
(51.4662 0 0)
(55.7004 0 0)
(60.2861 0 0)
(64.8141 0 0)
(69.159 0 0)
(73.8755 0 0)
(78.0977 0 0)
(82.897 0 0)
(87.127 0 0)
(91.9045 0 0)
(96.2059 0 0)
(100.913 0 0)
(105.3 0 0)
(109.936 0 0)
(114.376 0 0)
(118.956 0 0)
(123.427 0 0)
(127.974 0 0)
(132.474 0 0)
(137.001 0 0)
(141.499 0 0)
(145.997 0 0)
(150.478 0 0)
(154.952 0 0)
(159.418 0 0)
(163.892 0 0)
(168.36 0 0)
(172.796 0 0)
(177.133 0 0)
(181.494 0 0)
(185.823 0 0)
(189.964 0 0)
(194.034 0 0)
(198.026 0 0)
(201.588 0 0)
(204.454 0 0)
(206.518 0 0)
(208.385 0 0)
(210.42 0 0)
(211.948 0 0)
(213.437 0 0)
(215.582 0 0)
(218.54 0 0)
(201.562 0 0)
(20.6851 0 0)
(-66.5311 0 0)
(-68.2415 0 0)
(-55.9988 0 0)
(-49.864 0 0)
(-50.3854 0 0)
(-45.6514 0 0)
(-42.176 0 0)
(-29.7005 0 0)
(-26.8156 0 0)
(-27.4738 0 0)
(-31.196 0 0)
(-33.8723 0 0)
(-19.1591 0 0)
(-9.28888 0 0)
(7.93302 0 0)
(10.9369 0 0)
(10.3263 0 0)
(6.29536 0 0)
(-4.17036 0 0)
(-3.4438 0 0)
(-5.57246 0 0)
(1.52623 0 0)
(4.60802 0 0)
(3.29606 0 0)
(3.64171 0 0)
(-0.597876 0 0)
(-2.64444 0 0)
(-2.42784 0 0)
(-0.663562 0 0)
(1.21003 0 0)
(1.35931 0 0)
(0.884845 0 0)
(-2.21668 0 0)
(-1.3142 0 0)
(-0.373611 0 0)
(0.34648 0 0)
(-1.48834 0 0)
(-2.86461 0 0)
(-2.60968 0 0)
(0.035621 0 0)
(4.15249 0 0)
(5.44518 0 0)
(6.17513 0 0)
(1.64071 0 0)
)
;

boundaryField
{
    sides
    {
        type            fixedValue;
        value           uniform (0 0 0);
    }
    empty
    {
        type            empty;
    }
}


// ************************************************************************* //
