/*--------------------------------*- C++ -*----------------------------------*\
| =========                 |                                                 |
| \\      /  F ield         | OpenFOAM: The Open Source CFD Toolbox           |
|  \\    /   O peration     | Version:  2412                                  |
|   \\  /    A nd           | Website:  www.openfoam.com                      |
|    \\/     M anipulation  |                                                 |
\*---------------------------------------------------------------------------*/
FoamFile
{
    version     2.0;
    format      ascii;
    arch        "LSB;label=32;scalar=64";
    class       volVectorField;
    location    "0.0312789";
    object      U;
}
// * * * * * * * * * * * * * * * * * * * * * * * * * * * * * * * * * * * * * //

dimensions      [0 1 -1 0 0 0 0];

internalField   nonuniform List<vector> 
100
(
(2.17132 0 0)
(6.58398 0 0)
(10.9186 0 0)
(15.3329 0 0)
(19.622 0 0)
(24.109 0 0)
(28.3045 0 0)
(32.937 0 0)
(37.0089 0 0)
(41.7338 0 0)
(45.7383 0 0)
(50.4227 0 0)
(54.6275 0 0)
(59.1126 0 0)
(63.5843 0 0)
(67.8079 0 0)
(72.4268 0 0)
(76.5269 0 0)
(81.2173 0 0)
(85.3587 0 0)
(90.0418 0 0)
(94.2643 0 0)
(98.8732 0 0)
(103.173 0 0)
(107.708 0 0)
(112.063 0 0)
(116.548 0 0)
(120.934 0 0)
(125.384 0 0)
(129.788 0 0)
(134.215 0 0)
(138.619 0 0)
(143.022 0 0)
(147.413 0 0)
(151.802 0 0)
(156.177 0 0)
(160.55 0 0)
(164.905 0 0)
(169.274 0 0)
(173.466 0 0)
(177.691 0 0)
(181.955 0 0)
(185.975 0 0)
(189.869 0 0)
(193.53 0 0)
(196.725 0 0)
(199.377 0 0)
(201.339 0 0)
(202.77 0 0)
(204.77 0 0)
(206.87 0 0)
(208.886 0 0)
(210.434 0 0)
(120.435 0 0)
(-52.0863 0 0)
(-80.8027 0 0)
(-70.2566 0 0)
(-61.7299 0 0)
(-57.6885 0 0)
(-52.3453 0 0)
(-47.1635 0 0)
(-41.8509 0 0)
(-43.6967 0 0)
(-39.787 0 0)
(-40.6313 0 0)
(-36.4636 0 0)
(-31.9242 0 0)
(-31.7661 0 0)
(-25.7507 0 0)
(-29.7149 0 0)
(-15.8534 0 0)
(-5.53717 0 0)
(1.94355 0 0)
(6.65915 0 0)
(3.72779 0 0)
(6.62046 0 0)
(4.37153 0 0)
(4.68757 0 0)
(3.5024 0 0)
(1.28343 0 0)
(-1.04928 0 0)
(-3.66129 0 0)
(-2.74406 0 0)
(-1.61594 0 0)
(-0.398372 0 0)
(-0.372078 0 0)
(-0.403814 0 0)
(-0.111844 0 0)
(0.241693 0 0)
(1.62137 0 0)
(1.88774 0 0)
(1.66794 0 0)
(-0.0774287 0 0)
(-3.27946 0 0)
(-4.01286 0 0)
(-2.45059 0 0)
(0.800082 0 0)
(3.56156 0 0)
(4.476 0 0)
(2.70138 0 0)
)
;

boundaryField
{
    sides
    {
        type            fixedValue;
        value           uniform (0 0 0);
    }
    empty
    {
        type            empty;
    }
}


// ************************************************************************* //
