/*--------------------------------*- C++ -*----------------------------------*\
| =========                 |                                                 |
| \\      /  F ield         | OpenFOAM: The Open Source CFD Toolbox           |
|  \\    /   O peration     | Version:  2412                                  |
|   \\  /    A nd           | Website:  www.openfoam.com                      |
|    \\/     M anipulation  |                                                 |
\*---------------------------------------------------------------------------*/
FoamFile
{
    version     2.0;
    format      ascii;
    arch        "LSB;label=32;scalar=64";
    class       volVectorField;
    location    "0.00844334";
    object      U;
}
// * * * * * * * * * * * * * * * * * * * * * * * * * * * * * * * * * * * * * //

dimensions      [0 1 -1 0 0 0 0];

internalField   nonuniform List<vector> 
100
(
(4.30256e-14 0 0)
(8.81169e-14 0 0)
(1.43852e-13 0 0)
(6.40191e-14 0 0)
(-5.58497e-14 0 0)
(-2.20342e-14 0 0)
(-9.82383e-14 0 0)
(-5.90023e-14 0 0)
(-5.14753e-16 0 0)
(-1.3977e-14 0 0)
(3.39509e-14 0 0)
(2.35717e-14 0 0)
(-6.47887e-14 0 0)
(-8.10458e-14 0 0)
(-4.72717e-14 0 0)
(2.85112e-14 0 0)
(1.41086e-11 0 0)
(6.76272e-09 0 0)
(2.39227e-06 0 0)
(0.000490958 0 0)
(0.0422002 0 0)
(1.06048 0 0)
(7.33598 0 0)
(20.4196 0 0)
(34.8571 0 0)
(47.4118 0 0)
(58.2967 0 0)
(68.3721 0 0)
(78.1511 0 0)
(87.8672 0 0)
(97.5479 0 0)
(107.343 0 0)
(116.959 0 0)
(127.038 0 0)
(136.267 0 0)
(146.863 0 0)
(155.54 0 0)
(166.04 0 0)
(175.368 0 0)
(184.192 0 0)
(194.749 0 0)
(203.375 0 0)
(213.624 0 0)
(222.335 0 0)
(232.473 0 0)
(242.551 0 0)
(253.193 0 0)
(259.594 0 0)
(267.258 0 0)
(277.563 0 0)
(286.666 0 0)
(289.611 0 0)
(280.4 0 0)
(277.561 0 0)
(283.135 0 0)
(288.788 0 0)
(286.954 0 0)
(276.968 0 0)
(276.695 0 0)
(283.411 0 0)
(288.444 0 0)
(287.194 0 0)
(279.046 0 0)
(279.141 0 0)
(281.409 0 0)
(288.025 0 0)
(287.069 0 0)
(285.574 0 0)
(278.916 0 0)
(277.327 0 0)
(278.908 0 0)
(280.166 0 0)
(282.096 0 0)
(284.413 0 0)
(282.788 0 0)
(279.463 0 0)
(279.767 0 0)
(280.531 0 0)
(282.758 0 0)
(283.855 0 0)
(283.434 0 0)
(280.439 0 0)
(276.956 0 0)
(276.532 0 0)
(276.954 0 0)
(279.38 0 0)
(281.869 0 0)
(284.702 0 0)
(292.999 0 0)
(292.303 0 0)
(230.269 0 0)
(38.9791 0 0)
(0.228051 0 0)
(0.000100006 0 0)
(1.01755e-08 0 0)
(1.23495e-12 0 0)
(-1.01251e-13 0 0)
(-5.94055e-14 0 0)
(-1.26034e-14 0 0)
(8.62529e-14 0 0)
)
;

boundaryField
{
    sides
    {
        type            fixedValue;
        value           uniform (0 0 0);
    }
    empty
    {
        type            empty;
    }
}


// ************************************************************************* //
