/*--------------------------------*- C++ -*----------------------------------*\
| =========                 |                                                 |
| \\      /  F ield         | OpenFOAM: The Open Source CFD Toolbox           |
|  \\    /   O peration     | Version:  2412                                  |
|   \\  /    A nd           | Website:  www.openfoam.com                      |
|    \\/     M anipulation  |                                                 |
\*---------------------------------------------------------------------------*/
FoamFile
{
    version     2.0;
    format      ascii;
    arch        "LSB;label=32;scalar=64";
    class       volVectorField;
    location    "0.0186915";
    object      U;
}
// * * * * * * * * * * * * * * * * * * * * * * * * * * * * * * * * * * * * * //

dimensions      [0 1 -1 0 0 0 0];

internalField   nonuniform List<vector> 
100
(
(4.15583 0 0)
(12.502 0 0)
(20.6104 0 0)
(28.6842 0 0)
(36.6477 0 0)
(44.6254 0 0)
(53.0332 0 0)
(61.8428 0 0)
(71.5438 0 0)
(82.5479 0 0)
(94.6342 0 0)
(106.723 0 0)
(117.709 0 0)
(126.886 0 0)
(134.133 0 0)
(138.451 0 0)
(141.499 0 0)
(144.933 0 0)
(148.624 0 0)
(153.481 0 0)
(157.906 0 0)
(162.986 0 0)
(167.177 0 0)
(171.848 0 0)
(176.29 0 0)
(180.652 0 0)
(185.336 0 0)
(189.533 0 0)
(194.3 0 0)
(198.43 0 0)
(203.214 0 0)
(207.452 0 0)
(212.175 0 0)
(216.491 0 0)
(221.169 0 0)
(225.623 0 0)
(230.232 0 0)
(234.698 0 0)
(239.249 0 0)
(243.783 0 0)
(248.333 0 0)
(252.825 0 0)
(257.173 0 0)
(261.508 0 0)
(266.059 0 0)
(270.314 0 0)
(273.917 0 0)
(278.041 0 0)
(281.488 0 0)
(283.314 0 0)
(284.292 0 0)
(283.996 0 0)
(282.98 0 0)
(283.56 0 0)
(284.565 0 0)
(282.767 0 0)
(280.481 0 0)
(281.553 0 0)
(286.896 0 0)
(288.248 0 0)
(279.17 0 0)
(276.445 0 0)
(282.453 0 0)
(291.006 0 0)
(290.309 0 0)
(275.143 0 0)
(273.317 0 0)
(282.407 0 0)
(292.313 0 0)
(290.401 0 0)
(274.671 0 0)
(274.006 0 0)
(279.87 0 0)
(291.666 0 0)
(291.102 0 0)
(278.398 0 0)
(272.921 0 0)
(275.126 0 0)
(289.38 0 0)
(291.385 0 0)
(248.55 0 0)
(72.7333 0 0)
(2.3167 0 0)
(25.8561 0 0)
(12.2385 0 0)
(3.72419 0 0)
(13.331 0 0)
(21.0108 0 0)
(13.2089 0 0)
(21.5323 0 0)
(19.4069 0 0)
(11.2425 0 0)
(3.27832 0 0)
(4.34887 0 0)
(5.95144 0 0)
(8.51937 0 0)
(6.14386 0 0)
(-0.597205 0 0)
(-3.35 0 0)
(-2.14691 0 0)
)
;

boundaryField
{
    sides
    {
        type            fixedValue;
        value           uniform (0 0 0);
    }
    empty
    {
        type            empty;
    }
}


// ************************************************************************* //
