/*--------------------------------*- C++ -*----------------------------------*\
| =========                 |                                                 |
| \\      /  F ield         | OpenFOAM: The Open Source CFD Toolbox           |
|  \\    /   O peration     | Version:  2412                                  |
|   \\  /    A nd           | Website:  www.openfoam.com                      |
|    \\/     M anipulation  |                                                 |
\*---------------------------------------------------------------------------*/
FoamFile
{
    version     2.0;
    format      ascii;
    arch        "LSB;label=32;scalar=64";
    class       volVectorField;
    location    "0.00611305";
    object      U;
}
// * * * * * * * * * * * * * * * * * * * * * * * * * * * * * * * * * * * * * //

dimensions      [0 1 -1 0 0 0 0];

internalField   nonuniform List<vector> 
100
(
(-2.27992e-14 0 0)
(-9.9559e-14 0 0)
(-7.60307e-14 0 0)
(-1.32068e-13 0 0)
(-2.02878e-13 0 0)
(-1.44742e-13 0 0)
(-1.71423e-13 0 0)
(-1.484e-13 0 0)
(-1.79979e-13 0 0)
(-1.84229e-13 0 0)
(-6.27045e-14 0 0)
(-1.14344e-13 0 0)
(-1.13846e-13 0 0)
(-6.51947e-14 0 0)
(-4.81685e-14 0 0)
(-3.72448e-14 0 0)
(7.99644e-14 0 0)
(1.14028e-13 0 0)
(1.69863e-13 0 0)
(1.39174e-13 0 0)
(1.04327e-13 0 0)
(9.42184e-14 0 0)
(1.99698e-13 0 0)
(1.78607e-12 0 0)
(7.89354e-10 0 0)
(3.20679e-07 0 0)
(8.35401e-05 0 0)
(0.0103571 0 0)
(0.427115 0 0)
(4.65707 0 0)
(17.3693 0 0)
(34.6756 0 0)
(51.1872 0 0)
(65.9289 0 0)
(79.5933 0 0)
(92.9722 0 0)
(105.976 0 0)
(119.659 0 0)
(132.094 0 0)
(146.733 0 0)
(158.434 0 0)
(172.071 0 0)
(185.824 0 0)
(196.41 0 0)
(210.062 0 0)
(223.164 0 0)
(238.736 0 0)
(247.211 0 0)
(258.502 0 0)
(274.601 0 0)
(286.634 0 0)
(289.027 0 0)
(279.581 0 0)
(276.873 0 0)
(285.955 0 0)
(287.829 0 0)
(283.648 0 0)
(277.657 0 0)
(277.555 0 0)
(286.56 0 0)
(288.067 0 0)
(286.801 0 0)
(280.297 0 0)
(278.46 0 0)
(279.491 0 0)
(281.158 0 0)
(283.976 0 0)
(283.113 0 0)
(277.901 0 0)
(277.123 0 0)
(277.723 0 0)
(279.641 0 0)
(284.355 0 0)
(285.657 0 0)
(284.232 0 0)
(279.273 0 0)
(279.297 0 0)
(287.634 0 0)
(283.665 0 0)
(191.175 0 0)
(16.0517 0 0)
(0.0466977 0 0)
(1.36649e-05 0 0)
(1.1197e-09 0 0)
(-3.1073e-15 0 0)
(-7.49093e-14 0 0)
(-3.51241e-14 0 0)
(-1.63455e-13 0 0)
(-2.59739e-13 0 0)
(-2.5605e-13 0 0)
(-2.77412e-13 0 0)
(-2.74648e-13 0 0)
(-2.30661e-13 0 0)
(-3.37729e-13 0 0)
(-2.82473e-13 0 0)
(-3.37689e-13 0 0)
(-3.59388e-13 0 0)
(-2.89367e-13 0 0)
(-2.0612e-13 0 0)
(-5.6583e-14 0 0)
)
;

boundaryField
{
    sides
    {
        type            fixedValue;
        value           uniform (0 0 0);
    }
    empty
    {
        type            empty;
    }
}


// ************************************************************************* //
