/*--------------------------------*- C++ -*----------------------------------*\
| =========                 |                                                 |
| \\      /  F ield         | OpenFOAM: The Open Source CFD Toolbox           |
|  \\    /   O peration     | Version:  2412                                  |
|   \\  /    A nd           | Website:  www.openfoam.com                      |
|    \\/     M anipulation  |                                                 |
\*---------------------------------------------------------------------------*/
FoamFile
{
    version     2.0;
    format      ascii;
    arch        "LSB;label=32;scalar=64";
    class       volVectorField;
    location    "0.0218834";
    object      U;
}
// * * * * * * * * * * * * * * * * * * * * * * * * * * * * * * * * * * * * * //

dimensions      [0 1 -1 0 0 0 0];

internalField   nonuniform List<vector> 
100
(
(3.39107 0 0)
(10.2509 0 0)
(17.0538 0 0)
(23.8493 0 0)
(30.6743 0 0)
(37.4904 0 0)
(44.3327 0 0)
(51.1466 0 0)
(57.938 0 0)
(64.7473 0 0)
(71.5076 0 0)
(78.3944 0 0)
(85.0841 0 0)
(92.0472 0 0)
(98.5786 0 0)
(105.59 0 0)
(111.728 0 0)
(118.416 0 0)
(124.7 0 0)
(131.426 0 0)
(138.32 0 0)
(145.448 0 0)
(153.36 0 0)
(161.285 0 0)
(170.286 0 0)
(179.466 0 0)
(191.689 0 0)
(205.159 0 0)
(213.979 0 0)
(217.648 0 0)
(220.869 0 0)
(223.099 0 0)
(224.915 0 0)
(227.387 0 0)
(230.601 0 0)
(233.974 0 0)
(238.196 0 0)
(243.542 0 0)
(247.88 0 0)
(251.464 0 0)
(255.027 0 0)
(258.65 0 0)
(262.546 0 0)
(266.414 0 0)
(269.692 0 0)
(273.577 0 0)
(277.243 0 0)
(279.995 0 0)
(282.201 0 0)
(283.96 0 0)
(284.211 0 0)
(283.748 0 0)
(283.467 0 0)
(283.137 0 0)
(282.553 0 0)
(283.007 0 0)
(284.493 0 0)
(284.286 0 0)
(281.082 0 0)
(280.083 0 0)
(286.265 0 0)
(288.299 0 0)
(282.331 0 0)
(276.621 0 0)
(279.153 0 0)
(290.508 0 0)
(291.966 0 0)
(276.519 0 0)
(271.19 0 0)
(277.491 0 0)
(292.02 0 0)
(291.53 0 0)
(276.939 0 0)
(261.474 0 0)
(143.22 0 0)
(17.4012 0 0)
(-3.22538 0 0)
(15.6325 0 0)
(25.7026 0 0)
(12.879 0 0)
(20.9893 0 0)
(14.6679 0 0)
(10.7003 0 0)
(15.3645 0 0)
(7.31956 0 0)
(2.02333 0 0)
(-3.96742 0 0)
(-8.22796 0 0)
(-15.5272 0 0)
(-13.4051 0 0)
(-8.18713 0 0)
(-0.354303 0 0)
(6.77921 0 0)
(13.5068 0 0)
(15.6381 0 0)
(10.3269 0 0)
(1.13616 0 0)
(-11.3722 0 0)
(-14.2479 0 0)
(-5.16848 0 0)
)
;

boundaryField
{
    sides
    {
        type            fixedValue;
        value           uniform (0 0 0);
    }
    empty
    {
        type            empty;
    }
}


// ************************************************************************* //
