/*--------------------------------*- C++ -*----------------------------------*\
| =========                 |                                                 |
| \\      /  F ield         | OpenFOAM: The Open Source CFD Toolbox           |
|  \\    /   O peration     | Version:  2412                                  |
|   \\  /    A nd           | Website:  www.openfoam.com                      |
|    \\/     M anipulation  |                                                 |
\*---------------------------------------------------------------------------*/
FoamFile
{
    version     2.0;
    format      ascii;
    arch        "LSB;label=32;scalar=64";
    class       volVectorField;
    location    "0.0394282";
    object      U;
}
// * * * * * * * * * * * * * * * * * * * * * * * * * * * * * * * * * * * * * //

dimensions      [0 1 -1 0 0 0 0];

internalField   nonuniform List<vector> 
100
(
(1.58958 0 0)
(4.71763 0 0)
(7.93952 0 0)
(11.2346 0 0)
(14.6074 0 0)
(18.0861 0 0)
(21.5885 0 0)
(25.0796 0 0)
(28.5308 0 0)
(31.8951 0 0)
(35.2012 0 0)
(38.5046 0 0)
(41.8301 0 0)
(45.1589 0 0)
(48.5196 0 0)
(51.8876 0 0)
(55.2627 0 0)
(58.6475 0 0)
(62.0195 0 0)
(65.3855 0 0)
(68.749 0 0)
(72.0951 0 0)
(75.3909 0 0)
(78.7315 0 0)
(82.4009 0 0)
(85.2876 0 0)
(14.5798 0 0)
(-156.369 0 0)
(-188.432 0 0)
(-183.9 0 0)
(-178.801 0 0)
(-176.34 0 0)
(-170.79 0 0)
(-161.745 0 0)
(-157.854 0 0)
(-156.802 0 0)
(-158.986 0 0)
(-164.599 0 0)
(-166.056 0 0)
(-164.704 0 0)
(-162.458 0 0)
(-155.774 0 0)
(-142.114 0 0)
(-134.128 0 0)
(-131.37 0 0)
(-131.323 0 0)
(-134.16 0 0)
(-136.823 0 0)
(-136.751 0 0)
(-135.577 0 0)
(-133.482 0 0)
(-128.336 0 0)
(-122.759 0 0)
(-120.349 0 0)
(-120.046 0 0)
(-120.043 0 0)
(-118.733 0 0)
(-114.239 0 0)
(-107.411 0 0)
(-103.212 0 0)
(-102.237 0 0)
(-103.138 0 0)
(-103.372 0 0)
(-100.878 0 0)
(-96.595 0 0)
(-89.2408 0 0)
(-86.3406 0 0)
(-84.6796 0 0)
(-89.186 0 0)
(-92.1438 0 0)
(-89.3344 0 0)
(-87.8557 0 0)
(-76.6775 0 0)
(-69.1851 0 0)
(-63.5361 0 0)
(-63.9264 0 0)
(-65.1155 0 0)
(-65.4966 0 0)
(-66.2716 0 0)
(-62.8806 0 0)
(-60.7966 0 0)
(-57.4519 0 0)
(-55.1877 0 0)
(-52.3729 0 0)
(-49.5054 0 0)
(-46.8523 0 0)
(-45.0927 0 0)
(-43.3226 0 0)
(-42.4551 0 0)
(-40.3081 0 0)
(-36.8383 0 0)
(-32.1654 0 0)
(-29.2716 0 0)
(-29.6495 0 0)
(-32.1092 0 0)
(-40.2082 0 0)
(-44.5376 0 0)
(-41.9077 0 0)
(-31.5905 0 0)
(-12.2798 0 0)
)
;

boundaryField
{
    sides
    {
        type            fixedValue;
        value           uniform (0 0 0);
    }
    empty
    {
        type            empty;
    }
}


// ************************************************************************* //
