/*--------------------------------*- C++ -*----------------------------------*\
| =========                 |                                                 |
| \\      /  F ield         | OpenFOAM: The Open Source CFD Toolbox           |
|  \\    /   O peration     | Version:  2412                                  |
|   \\  /    A nd           | Website:  www.openfoam.com                      |
|    \\/     M anipulation  |                                                 |
\*---------------------------------------------------------------------------*/
FoamFile
{
    version     2.0;
    format      ascii;
    arch        "LSB;label=32;scalar=64";
    class       volVectorField;
    location    "0.00268586";
    object      U;
}
// * * * * * * * * * * * * * * * * * * * * * * * * * * * * * * * * * * * * * //

dimensions      [0 1 -1 0 0 0 0];

internalField   nonuniform List<vector> 
100
(
(-6.59714e-15 0 0)
(6.45329e-15 0 0)
(4.3925e-14 0 0)
(5.23587e-14 0 0)
(4.97542e-16 0 0)
(-3.05486e-14 0 0)
(-1.77759e-15 0 0)
(4.48335e-14 0 0)
(2.01375e-14 0 0)
(-6.6711e-15 0 0)
(-2.39113e-14 0 0)
(-4.96457e-14 0 0)
(-3.2385e-14 0 0)
(3.08858e-14 0 0)
(4.01054e-14 0 0)
(5.07779e-14 0 0)
(-3.40645e-14 0 0)
(-1.56546e-14 0 0)
(-5.2641e-16 0 0)
(9.62066e-15 0 0)
(-2.38052e-14 0 0)
(-5.65558e-14 0 0)
(-2.38586e-14 0 0)
(3.09857e-14 0 0)
(1.32062e-13 0 0)
(1.08603e-13 0 0)
(1.6697e-13 0 0)
(1.1085e-13 0 0)
(5.55969e-14 0 0)
(6.13847e-14 0 0)
(1.26142e-13 0 0)
(8.03841e-14 0 0)
(-4.97967e-16 0 0)
(4.15373e-14 0 0)
(1.32602e-12 0 0)
(9.7643e-10 0 0)
(4.92692e-07 0 0)
(0.000146467 0 0)
(0.0192356 0 0)
(0.788447 0 0)
(8.22441 0 0)
(29.726 0 0)
(58.9026 0 0)
(89.4737 0 0)
(115.354 0 0)
(147.308 0 0)
(171.393 0 0)
(196.32 0 0)
(234.094 0 0)
(253.281 0 0)
(269.375 0 0)
(287.675 0 0)
(291.139 0 0)
(286.043 0 0)
(277.752 0 0)
(277.663 0 0)
(276.97 0 0)
(273.205 0 0)
(277.459 0 0)
(282.818 0 0)
(298.385 0 0)
(299.798 0 0)
(236.134 0 0)
(38.4668 0 0)
(0.206277 0 0)
(7.93708e-05 0 0)
(7.47728e-09 0 0)
(8.98849e-13 0 0)
(8.36449e-14 0 0)
(2.16108e-13 0 0)
(5.47854e-14 0 0)
(-9.93688e-14 0 0)
(-1.19023e-13 0 0)
(1.58287e-14 0 0)
(9.10152e-14 0 0)
(6.27331e-14 0 0)
(-7.66426e-14 0 0)
(-3.4852e-14 0 0)
(-3.40003e-14 0 0)
(1.94729e-14 0 0)
(5.63937e-14 0 0)
(-1.57426e-13 0 0)
(-9.27284e-14 0 0)
(3.45451e-14 0 0)
(1.31184e-13 0 0)
(2.12903e-14 0 0)
(-1.43057e-13 0 0)
(-2.04952e-13 0 0)
(-1.18455e-13 0 0)
(-7.30981e-14 0 0)
(-2.11447e-13 0 0)
(-2.16197e-13 0 0)
(6.43352e-14 0 0)
(9.79567e-14 0 0)
(5.04963e-15 0 0)
(-7.64586e-14 0 0)
(-1.18022e-13 0 0)
(4.24951e-14 0 0)
(1.38071e-14 0 0)
(-9.24491e-14 0 0)
)
;

boundaryField
{
    sides
    {
        type            fixedValue;
        value           uniform (0 0 0);
    }
    empty
    {
        type            empty;
    }
}


// ************************************************************************* //
