/*--------------------------------*- C++ -*----------------------------------*\
| =========                 |                                                 |
| \\      /  F ield         | OpenFOAM: The Open Source CFD Toolbox           |
|  \\    /   O peration     | Version:  2412                                  |
|   \\  /    A nd           | Website:  www.openfoam.com                      |
|    \\/     M anipulation  |                                                 |
\*---------------------------------------------------------------------------*/
FoamFile
{
    version     2.0;
    format      ascii;
    arch        "LSB;label=32;scalar=64";
    class       volVectorField;
    location    "0.0223997";
    object      U;
}
// * * * * * * * * * * * * * * * * * * * * * * * * * * * * * * * * * * * * * //

dimensions      [0 1 -1 0 0 0 0];

internalField   nonuniform List<vector> 
100
(
(3.29885 0 0)
(9.96715 0 0)
(16.5835 0 0)
(23.2016 0 0)
(29.8304 0 0)
(36.4442 0 0)
(43.0797 0 0)
(49.71 0 0)
(56.3268 0 0)
(62.9641 0 0)
(69.4813 0 0)
(76.1139 0 0)
(82.5091 0 0)
(89.3364 0 0)
(95.7221 0 0)
(102.701 0 0)
(108.912 0 0)
(115.773 0 0)
(121.94 0 0)
(128.2 0 0)
(134.485 0 0)
(140.692 0 0)
(147.458 0 0)
(154.015 0 0)
(161.637 0 0)
(168.98 0 0)
(177.224 0 0)
(185.351 0 0)
(195.873 0 0)
(210.265 0 0)
(222.443 0 0)
(227.551 0 0)
(230.991 0 0)
(233.883 0 0)
(235.817 0 0)
(237.307 0 0)
(240.016 0 0)
(243.29 0 0)
(246.661 0 0)
(250.946 0 0)
(256.331 0 0)
(260.034 0 0)
(263.552 0 0)
(267.111 0 0)
(270.328 0 0)
(273.446 0 0)
(277.311 0 0)
(280.586 0 0)
(282.571 0 0)
(283.8 0 0)
(284.289 0 0)
(283.737 0 0)
(283.161 0 0)
(283.36 0 0)
(283.269 0 0)
(282.424 0 0)
(282.705 0 0)
(284.689 0 0)
(284.919 0 0)
(280.907 0 0)
(279.424 0 0)
(286.062 0 0)
(288.891 0 0)
(283.798 0 0)
(276.14 0 0)
(276.657 0 0)
(290.31 0 0)
(291.656 0 0)
(278.899 0 0)
(269.942 0 0)
(274.881 0 0)
(292.85 0 0)
(293.509 0 0)
(134.538 0 0)
(18.4429 0 0)
(20.059 0 0)
(4.24647 0 0)
(6.15053 0 0)
(17.1782 0 0)
(12.1377 0 0)
(23.1734 0 0)
(16.4923 0 0)
(8.34318 0 0)
(3.671 0 0)
(-8.37257 0 0)
(-10.5102 0 0)
(-6.64696 0 0)
(-3.75298 0 0)
(-5.63601 0 0)
(-5.34083 0 0)
(-3.81216 0 0)
(2.20447 0 0)
(6.54887 0 0)
(12.0178 0 0)
(10.7533 0 0)
(3.84797 0 0)
(-2.16462 0 0)
(-6.85454 0 0)
(-6.33214 0 0)
(-7.29202 0 0)
)
;

boundaryField
{
    sides
    {
        type            fixedValue;
        value           uniform (0 0 0);
    }
    empty
    {
        type            empty;
    }
}


// ************************************************************************* //
