/*--------------------------------*- C++ -*----------------------------------*\
| =========                 |                                                 |
| \\      /  F ield         | OpenFOAM: The Open Source CFD Toolbox           |
|  \\    /   O peration     | Version:  2412                                  |
|   \\  /    A nd           | Website:  www.openfoam.com                      |
|    \\/     M anipulation  |                                                 |
\*---------------------------------------------------------------------------*/
FoamFile
{
    version     2.0;
    format      ascii;
    arch        "LSB;label=32;scalar=64";
    class       volVectorField;
    location    "0.000520605";
    object      U;
}
// * * * * * * * * * * * * * * * * * * * * * * * * * * * * * * * * * * * * * //

dimensions      [0 1 -1 0 0 0 0];

internalField   nonuniform List<vector> 
100
(
(1.68417e-14 0 0)
(7.96594e-14 0 0)
(-1.95178e-14 0 0)
(-6.90741e-14 0 0)
(-7.90926e-15 0 0)
(2.4751e-14 0 0)
(7.17502e-14 0 0)
(-3.53363e-14 0 0)
(-3.63855e-14 0 0)
(9.74468e-15 0 0)
(-6.7279e-21 0 0)
(-3.45241e-14 0 0)
(-1.38303e-20 0 0)
(-7.28297e-23 0 0)
(1.04658e-20 0 0)
(1.848e-14 0 0)
(-1.848e-14 0 0)
(-9.65097e-21 0 0)
(1.30883e-20 0 0)
(3.45241e-14 0 0)
(2.29709e-29 0 0)
(-3.45241e-14 0 0)
(-1.07322e-20 0 0)
(8.13477e-15 0 0)
(3.6134e-14 0 0)
(-3.6134e-14 0 0)
(-8.13477e-15 0 0)
(-8.518e-22 0 0)
(7.90926e-15 0 0)
(5.32556e-14 0 0)
(4.46439e-14 0 0)
(2.41788e-14 0 0)
(-8.93249e-15 0 0)
(-8.75686e-14 0 0)
(1.95438e-14 0 0)
(6.63606e-14 0 0)
(1.05968e-14 0 0)
(-8.9609e-15 0 0)
(-8.75403e-14 0 0)
(-3.34863e-14 0 0)
(2.91062e-21 0 0)
(4.24333e-14 0 0)
(2.05717e-16 0 0)
(4.19049e-11 0 0)
(8.77607e-07 0 0)
(0.00221551 0 0)
(0.453971 0 0)
(13.4332 0 0)
(65.4496 0 0)
(167.019 0 0)
(252.659 0 0)
(277.014 0 0)
(155.609 0 0)
(7.86982 0 0)
(0.0167465 0 0)
(3.19469e-06 0 0)
(1.40387e-10 0 0)
(1.19138e-14 0 0)
(2.23916e-14 0 0)
(1.65678e-20 0 0)
(-1.52697e-14 0 0)
(4.43631e-14 0 0)
(7.31909e-15 0 0)
(-1.40457e-14 0 0)
(9.28949e-15 0 0)
(-3.23544e-14 0 0)
(3.67157e-14 0 0)
(3.94892e-16 0 0)
(-1.40457e-14 0 0)
(6.94897e-15 0 0)
(-3.62398e-14 0 0)
(-7.8449e-15 0 0)
(-2.23914e-14 0 0)
(2.18905e-14 0 0)
(8.34573e-15 0 0)
(5.00714e-20 0 0)
(1.38483e-14 0 0)
(3.52318e-20 0 0)
(9.08423e-16 0 0)
(-1.47568e-14 0 0)
(1.96195e-20 0 0)
(2.31252e-14 0 0)
(-9.27682e-15 0 0)
(9.08379e-16 0 0)
(-1.47568e-14 0 0)
(1.96195e-20 0 0)
(2.31252e-14 0 0)
(-2.31251e-14 0 0)
(1.47566e-14 0 0)
(-3.71482e-14 0 0)
(-1.4769e-14 0 0)
(2.16931e-14 0 0)
(6.9835e-16 0 0)
(-3.17027e-20 0 0)
(-2.23914e-14 0 0)
(2.16931e-14 0 0)
(-6.92411e-15 0 0)
(7.62248e-15 0 0)
(-2.63411e-20 0 0)
(-2.23914e-14 0 0)
)
;

boundaryField
{
    sides
    {
        type            fixedValue;
        value           uniform (0 0 0);
    }
    empty
    {
        type            empty;
    }
}


// ************************************************************************* //
