/*--------------------------------*- C++ -*----------------------------------*\
| =========                 |                                                 |
| \\      /  F ield         | OpenFOAM: The Open Source CFD Toolbox           |
|  \\    /   O peration     | Version:  2412                                  |
|   \\  /    A nd           | Website:  www.openfoam.com                      |
|    \\/     M anipulation  |                                                 |
\*---------------------------------------------------------------------------*/
FoamFile
{
    version     2.0;
    format      ascii;
    arch        "LSB;label=32;scalar=64";
    class       volVectorField;
    location    "0.0126264";
    object      U;
}
// * * * * * * * * * * * * * * * * * * * * * * * * * * * * * * * * * * * * * //

dimensions      [0 1 -1 0 0 0 0];

internalField   nonuniform List<vector> 
100
(
(-1.99107e-14 0 0)
(5.48237e-14 0 0)
(2.6548e-13 0 0)
(5.59818e-11 0 0)
(2.551e-08 0 0)
(8.12386e-06 0 0)
(0.00139738 0 0)
(0.0922295 0 0)
(1.6628 0 0)
(8.73951 0 0)
(20.5029 0 0)
(31.7832 0 0)
(40.8372 0 0)
(48.367 0 0)
(55.2076 0 0)
(61.8142 0 0)
(68.3712 0 0)
(74.9346 0 0)
(81.5126 0 0)
(88.1041 0 0)
(94.7052 0 0)
(101.323 0 0)
(107.943 0 0)
(114.605 0 0)
(121.214 0 0)
(127.961 0 0)
(134.433 0 0)
(141.359 0 0)
(147.501 0 0)
(154.68 0 0)
(160.608 0 0)
(167.667 0 0)
(174.055 0 0)
(180.334 0 0)
(187.296 0 0)
(193.29 0 0)
(200.238 0 0)
(206.291 0 0)
(213.364 0 0)
(219.588 0 0)
(226.394 0 0)
(232.828 0 0)
(239.686 0 0)
(246.126 0 0)
(252.655 0 0)
(259.344 0 0)
(265.266 0 0)
(270.446 0 0)
(276.331 0 0)
(282.314 0 0)
(285.917 0 0)
(284.62 0 0)
(281.012 0 0)
(280.057 0 0)
(286.431 0 0)
(288.275 0 0)
(281.554 0 0)
(276.357 0 0)
(278.812 0 0)
(289.349 0 0)
(290.264 0 0)
(280.608 0 0)
(275.671 0 0)
(278.699 0 0)
(289.783 0 0)
(289.205 0 0)
(282.626 0 0)
(276.145 0 0)
(276.85 0 0)
(286.089 0 0)
(288.205 0 0)
(286.701 0 0)
(278.126 0 0)
(277.506 0 0)
(277.961 0 0)
(286.302 0 0)
(288.516 0 0)
(284.459 0 0)
(283.708 0 0)
(278.42 0 0)
(277.924 0 0)
(279.037 0 0)
(280.479 0 0)
(282.221 0 0)
(283.972 0 0)
(281.784 0 0)
(279.306 0 0)
(280.365 0 0)
(281.759 0 0)
(283.989 0 0)
(284.175 0 0)
(283.863 0 0)
(278.769 0 0)
(268.683 0 0)
(97.0724 0 0)
(-16.9049 0 0)
(-31.0417 0 0)
(-4.77478 0 0)
(13.5083 0 0)
(-5.48403 0 0)
)
;

boundaryField
{
    sides
    {
        type            fixedValue;
        value           uniform (0 0 0);
    }
    empty
    {
        type            empty;
    }
}


// ************************************************************************* //
