/*--------------------------------*- C++ -*----------------------------------*\
| =========                 |                                                 |
| \\      /  F ield         | OpenFOAM: The Open Source CFD Toolbox           |
|  \\    /   O peration     | Version:  2412                                  |
|   \\  /    A nd           | Website:  www.openfoam.com                      |
|    \\/     M anipulation  |                                                 |
\*---------------------------------------------------------------------------*/
FoamFile
{
    version     2.0;
    format      ascii;
    arch        "LSB;label=32;scalar=64";
    class       volVectorField;
    location    "0.044157";
    object      U;
}
// * * * * * * * * * * * * * * * * * * * * * * * * * * * * * * * * * * * * * //

dimensions      [0 1 -1 0 0 0 0];

internalField   nonuniform List<vector> 
100
(
(1.48398 0 0)
(4.37527 0 0)
(7.30666 0 0)
(10.2686 0 0)
(13.4741 0 0)
(17.0523 0 0)
(18.4719 0 0)
(-77.0952 0 0)
(-218.507 0 0)
(-236.697 0 0)
(-224.276 0 0)
(-217.447 0 0)
(-218.708 0 0)
(-232.049 0 0)
(-235.132 0 0)
(-233.635 0 0)
(-231.237 0 0)
(-228.202 0 0)
(-214.639 0 0)
(-198.313 0 0)
(-192.955 0 0)
(-191.317 0 0)
(-190.836 0 0)
(-196.986 0 0)
(-205.248 0 0)
(-205.981 0 0)
(-204.319 0 0)
(-201.417 0 0)
(-194.452 0 0)
(-187.756 0 0)
(-185.091 0 0)
(-184.462 0 0)
(-186.572 0 0)
(-187.369 0 0)
(-185.775 0 0)
(-181.012 0 0)
(-172.599 0 0)
(-167.94 0 0)
(-166.47 0 0)
(-168.599 0 0)
(-171.839 0 0)
(-171.362 0 0)
(-168.3 0 0)
(-160.528 0 0)
(-153.012 0 0)
(-150.012 0 0)
(-150.381 0 0)
(-157.476 0 0)
(-162.832 0 0)
(-162.374 0 0)
(-159.321 0 0)
(-149.496 0 0)
(-136.163 0 0)
(-130.166 0 0)
(-128.068 0 0)
(-128.332 0 0)
(-132.313 0 0)
(-135.821 0 0)
(-135.778 0 0)
(-134.543 0 0)
(-131.557 0 0)
(-127.767 0 0)
(-124.883 0 0)
(-123.09 0 0)
(-120.018 0 0)
(-115.569 0 0)
(-112.356 0 0)
(-110.916 0 0)
(-111.13 0 0)
(-110.566 0 0)
(-110.019 0 0)
(-105.848 0 0)
(-100.693 0 0)
(-97.0995 0 0)
(-95.5207 0 0)
(-102.104 0 0)
(-111.568 0 0)
(-115.273 0 0)
(-113.44 0 0)
(-108.714 0 0)
(-96.7559 0 0)
(-77.7307 0 0)
(-64.6595 0 0)
(-56.5729 0 0)
(-53.4738 0 0)
(-49.4679 0 0)
(-46.5777 0 0)
(-44.2584 0 0)
(-43.3667 0 0)
(-41.7515 0 0)
(-39 0 0)
(-35.5292 0 0)
(-31.5505 0 0)
(-26.0459 0 0)
(-20.1676 0 0)
(-14.8582 0 0)
(-9.56664 0 0)
(-6.26424 0 0)
(-2.38795 0 0)
(-0.32388 0 0)
)
;

boundaryField
{
    sides
    {
        type            fixedValue;
        value           uniform (0 0 0);
    }
    empty
    {
        type            empty;
    }
}


// ************************************************************************* //
