/*--------------------------------*- C++ -*----------------------------------*\
| =========                 |                                                 |
| \\      /  F ield         | OpenFOAM: The Open Source CFD Toolbox           |
|  \\    /   O peration     | Version:  2412                                  |
|   \\  /    A nd           | Website:  www.openfoam.com                      |
|    \\/     M anipulation  |                                                 |
\*---------------------------------------------------------------------------*/
FoamFile
{
    version     2.0;
    format      ascii;
    arch        "LSB;label=32;scalar=64";
    class       volVectorField;
    location    "0.00287096";
    object      U;
}
// * * * * * * * * * * * * * * * * * * * * * * * * * * * * * * * * * * * * * //

dimensions      [0 1 -1 0 0 0 0];

internalField   nonuniform List<vector> 
100
(
(-6.59712e-15 0 0)
(1.45046e-14 0 0)
(5.18461e-14 0 0)
(4.44132e-14 0 0)
(-7.52931e-15 0 0)
(-3.85348e-14 0 0)
(-2.57606e-14 0 0)
(3.68228e-14 0 0)
(5.21718e-14 0 0)
(1.27444e-15 0 0)
(-2.39113e-14 0 0)
(-4.96457e-14 0 0)
(-2.43988e-14 0 0)
(-1.08341e-15 0 0)
(4.80916e-14 0 0)
(-1.32256e-14 0 0)
(-1.8027e-14 0 0)
(2.43252e-14 0 0)
(-5.26405e-16 0 0)
(9.62065e-15 0 0)
(-7.76775e-15 0 0)
(-4.86102e-14 0 0)
(1.24396e-16 0 0)
(2.29995e-14 0 0)
(1.32062e-13 0 0)
(1.00592e-13 0 0)
(1.75021e-13 0 0)
(1.42779e-13 0 0)
(7.95799e-14 0 0)
(8.53678e-14 0 0)
(1.4218e-13 0 0)
(5.6401e-14 0 0)
(-4.05182e-14 0 0)
(1.13281e-13 0 0)
(7.93635e-11 0 0)
(4.48484e-08 0 0)
(1.63474e-05 0 0)
(0.00301967 0 0)
(0.202928 0 0)
(3.59571 0 0)
(18.6873 0 0)
(45.0189 0 0)
(73.214 0 0)
(101.896 0 0)
(125.695 0 0)
(155.731 0 0)
(178.988 0 0)
(200.982 0 0)
(235.935 0 0)
(259.379 0 0)
(271.463 0 0)
(282.761 0 0)
(288.998 0 0)
(288.402 0 0)
(279.767 0 0)
(277.48 0 0)
(280.783 0 0)
(276.589 0 0)
(273.62 0 0)
(276.987 0 0)
(282.515 0 0)
(299.06 0 0)
(298.764 0 0)
(221.94 0 0)
(27.5455 0 0)
(0.112543 0 0)
(3.78964e-05 0 0)
(3.25307e-09 0 0)
(5.5551e-13 0 0)
(2.0918e-13 0 0)
(1.0379e-13 0 0)
(-7.8536e-14 0 0)
(-1.11974e-13 0 0)
(1.85971e-15 0 0)
(9.10149e-14 0 0)
(6.27542e-14 0 0)
(-5.57388e-14 0 0)
(-2.7768e-14 0 0)
(-4.78907e-14 0 0)
(5.35432e-15 0 0)
(2.14141e-14 0 0)
(-1.71373e-13 0 0)
(-1.06711e-13 0 0)
(4.86561e-14 0 0)
(1.31113e-13 0 0)
(2.12686e-14 0 0)
(-1.9911e-13 0 0)
(-2.1897e-13 0 0)
(-1.39451e-13 0 0)
(-7.3006e-14 0 0)
(-1.83345e-13 0 0)
(-1.60164e-13 0 0)
(2.2193e-14 0 0)
(-4.21877e-14 0 0)
(-2.28883e-14 0 0)
(-4.83214e-14 0 0)
(-7.603e-14 0 0)
(1.44501e-14 0 0)
(-2.82206e-14 0 0)
(-9.94969e-14 0 0)
)
;

boundaryField
{
    sides
    {
        type            fixedValue;
        value           uniform (0 0 0);
    }
    empty
    {
        type            empty;
    }
}


// ************************************************************************* //
