/*--------------------------------*- C++ -*----------------------------------*\
| =========                 |                                                 |
| \\      /  F ield         | OpenFOAM: The Open Source CFD Toolbox           |
|  \\    /   O peration     | Version:  2412                                  |
|   \\  /    A nd           | Website:  www.openfoam.com                      |
|    \\/     M anipulation  |                                                 |
\*---------------------------------------------------------------------------*/
FoamFile
{
    version     2.0;
    format      ascii;
    arch        "LSB;label=32;scalar=64";
    class       volVectorField;
    location    "0.0126883";
    object      U;
}
// * * * * * * * * * * * * * * * * * * * * * * * * * * * * * * * * * * * * * //

dimensions      [0 1 -1 0 0 0 0];

internalField   nonuniform List<vector> 
100
(
(-1.99107e-14 0 0)
(6.2848e-14 0 0)
(5.78659e-13 0 0)
(1.90158e-10 0 0)
(8.20068e-08 0 0)
(2.37116e-05 0 0)
(0.00347423 0 0)
(0.181378 0 0)
(2.5071 0 0)
(10.8353 0 0)
(22.8305 0 0)
(33.6577 0 0)
(42.3034 0 0)
(49.6123 0 0)
(56.3501 0 0)
(62.9063 0 0)
(69.4306 0 0)
(75.9653 0 0)
(82.5147 0 0)
(89.0771 0 0)
(95.6488 0 0)
(102.238 0 0)
(108.828 0 0)
(115.462 0 0)
(122.037 0 0)
(128.759 0 0)
(135.188 0 0)
(142.092 0 0)
(148.188 0 0)
(155.341 0 0)
(161.245 0 0)
(168.246 0 0)
(174.638 0 0)
(180.857 0 0)
(187.792 0 0)
(193.767 0 0)
(200.686 0 0)
(206.702 0 0)
(213.738 0 0)
(219.956 0 0)
(226.726 0 0)
(233.12 0 0)
(239.944 0 0)
(246.362 0 0)
(252.836 0 0)
(259.46 0 0)
(265.537 0 0)
(270.585 0 0)
(276.177 0 0)
(282.232 0 0)
(285.812 0 0)
(285.28 0 0)
(281.185 0 0)
(279.433 0 0)
(286.066 0 0)
(287.993 0 0)
(283.141 0 0)
(276.58 0 0)
(277.229 0 0)
(289.16 0 0)
(289.864 0 0)
(282.67 0 0)
(275.758 0 0)
(277.204 0 0)
(289.307 0 0)
(289.222 0 0)
(284.251 0 0)
(276.635 0 0)
(276.428 0 0)
(284.369 0 0)
(288.552 0 0)
(287.243 0 0)
(279.127 0 0)
(276.938 0 0)
(278.026 0 0)
(284.651 0 0)
(288.898 0 0)
(285.061 0 0)
(284.128 0 0)
(278.997 0 0)
(277.831 0 0)
(278.874 0 0)
(280.275 0 0)
(281.628 0 0)
(283.75 0 0)
(282.878 0 0)
(279.502 0 0)
(279.999 0 0)
(281.106 0 0)
(283.382 0 0)
(284.109 0 0)
(284.617 0 0)
(280.714 0 0)
(256.874 0 0)
(63.6386 0 0)
(-20.6973 0 0)
(-27.0578 0 0)
(-3.43687 0 0)
(13.3402 0 0)
(-2.70811 0 0)
)
;

boundaryField
{
    sides
    {
        type            fixedValue;
        value           uniform (0 0 0);
    }
    empty
    {
        type            empty;
    }
}


// ************************************************************************* //
