/*--------------------------------*- C++ -*----------------------------------*\
| =========                 |                                                 |
| \\      /  F ield         | OpenFOAM: The Open Source CFD Toolbox           |
|  \\    /   O peration     | Version:  2412                                  |
|   \\  /    A nd           | Website:  www.openfoam.com                      |
|    \\/     M anipulation  |                                                 |
\*---------------------------------------------------------------------------*/
FoamFile
{
    version     2.0;
    format      ascii;
    arch        "LSB;label=32;scalar=64";
    class       volVectorField;
    location    "0.00485545";
    object      U;
}
// * * * * * * * * * * * * * * * * * * * * * * * * * * * * * * * * * * * * * //

dimensions      [0 1 -1 0 0 0 0];

internalField   nonuniform List<vector> 
100
(
(-5.47567e-14 0 0)
(-2.53309e-14 0 0)
(-4.32528e-14 0 0)
(-6.77249e-14 0 0)
(-2.38613e-14 0 0)
(-1.36901e-13 0 0)
(-2.28338e-13 0 0)
(-1.48492e-13 0 0)
(-1.23577e-13 0 0)
(-1.43139e-13 0 0)
(-1.36107e-13 0 0)
(-6.55368e-14 0 0)
(-5.65777e-14 0 0)
(-7.33855e-14 0 0)
(-3.98405e-14 0 0)
(1.1487e-14 0 0)
(-2.17689e-15 0 0)
(-8.2367e-15 0 0)
(-9.00123e-15 0 0)
(9.8606e-14 0 0)
(1.45337e-13 0 0)
(2.00225e-13 0 0)
(2.48757e-13 0 0)
(2.31308e-13 0 0)
(2.93854e-13 0 0)
(2.13973e-13 0 0)
(1.75346e-13 0 0)
(1.9404e-12 0 0)
(9.39246e-10 0 0)
(3.84225e-07 0 0)
(9.97653e-05 0 0)
(0.0122286 0 0)
(0.495577 0 0)
(5.32044 0 0)
(19.7333 0 0)
(39.5599 0 0)
(58.8983 0 0)
(76.6824 0 0)
(93.2016 0 0)
(110.118 0 0)
(125.535 0 0)
(143.837 0 0)
(158.348 0 0)
(174.64 0 0)
(192.546 0 0)
(204.577 0 0)
(221.38 0 0)
(239.568 0 0)
(258.652 0 0)
(265.29 0 0)
(275.089 0 0)
(287.073 0 0)
(290.575 0 0)
(286.698 0 0)
(278.298 0 0)
(278.244 0 0)
(286.128 0 0)
(288.212 0 0)
(285.668 0 0)
(278.347 0 0)
(277.52 0 0)
(279.985 0 0)
(279.265 0 0)
(277.25 0 0)
(281.502 0 0)
(285.318 0 0)
(286.639 0 0)
(284.108 0 0)
(275.655 0 0)
(274.24 0 0)
(277.992 0 0)
(292.322 0 0)
(285.314 0 0)
(173.387 0 0)
(9.80472 0 0)
(0.0194739 0 0)
(4.60003e-06 0 0)
(3.64859e-10 0 0)
(-2.95328e-14 0 0)
(-1.27576e-13 0 0)
(-7.56449e-14 0 0)
(-6.02875e-14 0 0)
(-2.39152e-14 0 0)
(-1.82451e-13 0 0)
(-1.76329e-13 0 0)
(-1.82599e-13 0 0)
(-1.70433e-13 0 0)
(-1.20095e-13 0 0)
(-1.81007e-13 0 0)
(-1.99613e-13 0 0)
(-2.06491e-13 0 0)
(-2.39219e-13 0 0)
(-1.73498e-13 0 0)
(-2.51421e-13 0 0)
(-2.60947e-13 0 0)
(-3.09246e-13 0 0)
(-2.52637e-13 0 0)
(-1.61732e-13 0 0)
(-1.13262e-13 0 0)
(-1.20916e-13 0 0)
)
;

boundaryField
{
    sides
    {
        type            fixedValue;
        value           uniform (0 0 0);
    }
    empty
    {
        type            empty;
    }
}


// ************************************************************************* //
