/*--------------------------------*- C++ -*----------------------------------*\
| =========                 |                                                 |
| \\      /  F ield         | OpenFOAM: The Open Source CFD Toolbox           |
|  \\    /   O peration     | Version:  2412                                  |
|   \\  /    A nd           | Website:  www.openfoam.com                      |
|    \\/     M anipulation  |                                                 |
\*---------------------------------------------------------------------------*/
FoamFile
{
    version     2.0;
    format      ascii;
    arch        "LSB;label=32;scalar=64";
    class       volVectorField;
    location    "0.00586095";
    object      U;
}
// * * * * * * * * * * * * * * * * * * * * * * * * * * * * * * * * * * * * * //

dimensions      [0 1 -1 0 0 0 0];

internalField   nonuniform List<vector> 
100
(
(5.07798e-14 0 0)
(-1.58627e-15 0 0)
(-7.59037e-14 0 0)
(-1.81189e-13 0 0)
(-2.27436e-13 0 0)
(-1.52963e-13 0 0)
(-1.14263e-13 0 0)
(-1.89231e-13 0 0)
(-2.28948e-13 0 0)
(-1.84261e-13 0 0)
(-1.03529e-13 0 0)
(-4.9018e-14 0 0)
(-1.05674e-13 0 0)
(-7.33089e-14 0 0)
(-4.00287e-14 0 0)
(-6.17732e-14 0 0)
(3.09952e-14 0 0)
(9.76599e-14 0 0)
(1.69926e-13 0 0)
(1.55479e-13 0 0)
(7.98007e-14 0 0)
(1.51353e-13 0 0)
(2.24126e-13 0 0)
(2.55989e-13 0 0)
(5.7683e-12 0 0)
(2.77892e-09 0 0)
(1.05065e-06 0 0)
(0.00024188 0 0)
(0.0247501 0 0)
(0.783426 0 0)
(6.65194 0 0)
(21.1538 0 0)
(39.0191 0 0)
(55.6459 0 0)
(70.5869 0 0)
(84.7372 0 0)
(98.3835 0 0)
(112.462 0 0)
(125.562 0 0)
(140.621 0 0)
(152.866 0 0)
(167.552 0 0)
(181.185 0 0)
(192.606 0 0)
(207.116 0 0)
(220.368 0 0)
(235.317 0 0)
(244.932 0 0)
(259.155 0 0)
(276.056 0 0)
(286.955 0 0)
(282.928 0 0)
(278.624 0 0)
(280.987 0 0)
(287.531 0 0)
(287.318 0 0)
(278.336 0 0)
(277.797 0 0)
(282.722 0 0)
(288.477 0 0)
(287.909 0 0)
(282.66 0 0)
(278.213 0 0)
(278.636 0 0)
(280.89 0 0)
(283.711 0 0)
(282.014 0 0)
(277.018 0 0)
(277.567 0 0)
(278.547 0 0)
(281.646 0 0)
(285.692 0 0)
(285.809 0 0)
(282.151 0 0)
(277.36 0 0)
(279.581 0 0)
(289.342 0 0)
(277.186 0 0)
(147.97 0 0)
(5.72229 0 0)
(0.00884773 0 0)
(1.80736e-06 0 0)
(1.50823e-10 0 0)
(-1.54096e-13 0 0)
(-1.76665e-13 0 0)
(-7.48373e-14 0 0)
(-2.79487e-14 0 0)
(-7.76048e-14 0 0)
(-2.59679e-13 0 0)
(-3.13245e-13 0 0)
(-3.06127e-13 0 0)
(-3.03063e-13 0 0)
(-2.09266e-13 0 0)
(-1.94873e-13 0 0)
(-2.61012e-13 0 0)
(-4.16285e-13 0 0)
(-4.16495e-13 0 0)
(-3.32328e-13 0 0)
(-1.56205e-13 0 0)
(-2.7951e-14 0 0)
)
;

boundaryField
{
    sides
    {
        type            fixedValue;
        value           uniform (0 0 0);
    }
    empty
    {
        type            empty;
    }
}


// ************************************************************************* //
