/*--------------------------------*- C++ -*----------------------------------*\
| =========                 |                                                 |
| \\      /  F ield         | OpenFOAM: The Open Source CFD Toolbox           |
|  \\    /   O peration     | Version:  2412                                  |
|   \\  /    A nd           | Website:  www.openfoam.com                      |
|    \\/     M anipulation  |                                                 |
\*---------------------------------------------------------------------------*/
FoamFile
{
    version     2.0;
    format      ascii;
    arch        "LSB;label=32;scalar=64";
    class       volVectorField;
    location    "0.01907";
    object      U;
}
// * * * * * * * * * * * * * * * * * * * * * * * * * * * * * * * * * * * * * //

dimensions      [0 1 -1 0 0 0 0];

internalField   nonuniform List<vector> 
100
(
(3.99922 0 0)
(12.1169 0 0)
(20.2201 0 0)
(28.1969 0 0)
(36.151 0 0)
(43.9177 0 0)
(51.6687 0 0)
(59.6204 0 0)
(68.0178 0 0)
(76.9145 0 0)
(86.8762 0 0)
(98.1067 0 0)
(110.043 0 0)
(121.673 0 0)
(132.049 0 0)
(140.75 0 0)
(146.736 0 0)
(150.325 0 0)
(152.916 0 0)
(156.403 0 0)
(159.977 0 0)
(164.95 0 0)
(169.508 0 0)
(174.247 0 0)
(178.709 0 0)
(182.876 0 0)
(187.447 0 0)
(191.533 0 0)
(196.23 0 0)
(200.297 0 0)
(204.971 0 0)
(209.156 0 0)
(213.785 0 0)
(218.04 0 0)
(222.596 0 0)
(226.978 0 0)
(231.506 0 0)
(235.905 0 0)
(240.348 0 0)
(244.763 0 0)
(249.217 0 0)
(253.658 0 0)
(258.022 0 0)
(262.117 0 0)
(266.444 0 0)
(270.796 0 0)
(274.554 0 0)
(278.006 0 0)
(281.624 0 0)
(283.597 0 0)
(284.356 0 0)
(284.104 0 0)
(283.111 0 0)
(282.458 0 0)
(283.985 0 0)
(285.162 0 0)
(281.884 0 0)
(279.8 0 0)
(282.443 0 0)
(287.676 0 0)
(287.799 0 0)
(277.937 0 0)
(275.733 0 0)
(284.952 0 0)
(291.714 0 0)
(288.239 0 0)
(274.256 0 0)
(272.249 0 0)
(285.294 0 0)
(292.612 0 0)
(288.602 0 0)
(273.641 0 0)
(273.564 0 0)
(281.909 0 0)
(292.224 0 0)
(290.332 0 0)
(276.492 0 0)
(273.408 0 0)
(276.415 0 0)
(274.308 0 0)
(102.844 0 0)
(19.0987 0 0)
(10.2776 0 0)
(27.1076 0 0)
(10.5084 0 0)
(12.3916 0 0)
(20.6639 0 0)
(11.1906 0 0)
(4.99954 0 0)
(16.0221 0 0)
(21.3986 0 0)
(23.5076 0 0)
(13.9905 0 0)
(3.16666 0 0)
(-3.12217 0 0)
(-9.15866 0 0)
(-10.7503 0 0)
(-9.02179 0 0)
(-4.88632 0 0)
(-5.28191 0 0)
)
;

boundaryField
{
    sides
    {
        type            fixedValue;
        value           uniform (0 0 0);
    }
    empty
    {
        type            empty;
    }
}


// ************************************************************************* //
