/*--------------------------------*- C++ -*----------------------------------*\
| =========                 |                                                 |
| \\      /  F ield         | OpenFOAM: The Open Source CFD Toolbox           |
|  \\    /   O peration     | Version:  2412                                  |
|   \\  /    A nd           | Website:  www.openfoam.com                      |
|    \\/     M anipulation  |                                                 |
\*---------------------------------------------------------------------------*/
FoamFile
{
    version     2.0;
    format      ascii;
    arch        "LSB;label=32;scalar=64";
    class       volVectorField;
    location    "0.0401117";
    object      U;
}
// * * * * * * * * * * * * * * * * * * * * * * * * * * * * * * * * * * * * * //

dimensions      [0 1 -1 0 0 0 0];

internalField   nonuniform List<vector> 
100
(
(1.52072 0 0)
(4.62726 0 0)
(7.82502 0 0)
(11.1329 0 0)
(14.5336 0 0)
(17.9685 0 0)
(21.3962 0 0)
(24.7917 0 0)
(28.1341 0 0)
(31.4076 0 0)
(34.6053 0 0)
(37.748 0 0)
(40.8876 0 0)
(44.0805 0 0)
(47.3201 0 0)
(50.6074 0 0)
(53.9266 0 0)
(57.2589 0 0)
(60.5935 0 0)
(63.9114 0 0)
(67.2139 0 0)
(70.8401 0 0)
(74.4086 0 0)
(60.3038 0 0)
(-112.466 0 0)
(-196.574 0 0)
(-198.547 0 0)
(-189.191 0 0)
(-183.387 0 0)
(-176.676 0 0)
(-169.506 0 0)
(-166.377 0 0)
(-165.725 0 0)
(-170.174 0 0)
(-176.071 0 0)
(-176.377 0 0)
(-174.816 0 0)
(-172.006 0 0)
(-162.93 0 0)
(-148.882 0 0)
(-142.45 0 0)
(-140.314 0 0)
(-140.69 0 0)
(-144.664 0 0)
(-147.683 0 0)
(-147.392 0 0)
(-146.049 0 0)
(-143.347 0 0)
(-137.768 0 0)
(-132.398 0 0)
(-130.347 0 0)
(-130.421 0 0)
(-130.604 0 0)
(-129.257 0 0)
(-124.474 0 0)
(-117.602 0 0)
(-113.325 0 0)
(-112.417 0 0)
(-113.453 0 0)
(-113.996 0 0)
(-112.136 0 0)
(-107.078 0 0)
(-100.153 0 0)
(-95.825 0 0)
(-95.742 0 0)
(-98.5958 0 0)
(-102.926 0 0)
(-101.633 0 0)
(-98.6358 0 0)
(-89.8091 0 0)
(-79.8853 0 0)
(-75.6543 0 0)
(-71.7994 0 0)
(-75.2502 0 0)
(-76.2518 0 0)
(-76.649 0 0)
(-75.6285 0 0)
(-72.849 0 0)
(-70.3762 0 0)
(-66.3484 0 0)
(-65.3163 0 0)
(-61.1494 0 0)
(-57.3479 0 0)
(-53.9242 0 0)
(-52.114 0 0)
(-50.7728 0 0)
(-50.7627 0 0)
(-50.529 0 0)
(-46.8953 0 0)
(-42.758 0 0)
(-41.466 0 0)
(-41.4916 0 0)
(-43.4769 0 0)
(-49.2008 0 0)
(-50.1616 0 0)
(-47.7953 0 0)
(-40.856 0 0)
(-28.268 0 0)
(-16.2402 0 0)
(-9.91246 0 0)
)
;

boundaryField
{
    sides
    {
        type            fixedValue;
        value           uniform (0 0 0);
    }
    empty
    {
        type            empty;
    }
}


// ************************************************************************* //
