/*--------------------------------*- C++ -*----------------------------------*\
| =========                 |                                                 |
| \\      /  F ield         | OpenFOAM: The Open Source CFD Toolbox           |
|  \\    /   O peration     | Version:  2412                                  |
|   \\  /    A nd           | Website:  www.openfoam.com                      |
|    \\/     M anipulation  |                                                 |
\*---------------------------------------------------------------------------*/
FoamFile
{
    version     2.0;
    format      ascii;
    arch        "LSB;label=32;scalar=64";
    class       volVectorField;
    location    "0.00825545";
    object      U;
}
// * * * * * * * * * * * * * * * * * * * * * * * * * * * * * * * * * * * * * //

dimensions      [0 1 -1 0 0 0 0];

internalField   nonuniform List<vector> 
100
(
(5.92964e-14 0 0)
(1.20593e-13 0 0)
(1.35663e-13 0 0)
(1.36995e-13 0 0)
(-4.76566e-14 0 0)
(-1.03203e-13 0 0)
(-1.14394e-13 0 0)
(-8.34046e-14 0 0)
(-2.49132e-14 0 0)
(-5.44768e-14 0 0)
(1.47094e-15 0 0)
(3.16455e-14 0 0)
(-8.0994e-14 0 0)
(-8.91812e-14 0 0)
(-3.91364e-14 0 0)
(-2.81141e-14 0 0)
(5.01934e-13 0 0)
(1.76083e-10 0 0)
(7.69244e-08 0 0)
(2.26282e-05 0 0)
(0.00340601 0 0)
(0.185283 0 0)
(2.69396 0 0)
(12.1852 0 0)
(26.6759 0 0)
(40.663 0 0)
(52.6339 0 0)
(63.3093 0 0)
(73.431 0 0)
(83.3852 0 0)
(93.2799 0 0)
(103.258 0 0)
(113.103 0 0)
(123.336 0 0)
(132.853 0 0)
(143.603 0 0)
(152.516 0 0)
(163.377 0 0)
(172.687 0 0)
(181.929 0 0)
(192.694 0 0)
(201.365 0 0)
(211.799 0 0)
(220.766 0 0)
(231.276 0 0)
(241.501 0 0)
(251.785 0 0)
(258.549 0 0)
(267.136 0 0)
(279.177 0 0)
(286.934 0 0)
(286.639 0 0)
(279.484 0 0)
(277.615 0 0)
(287.434 0 0)
(288.311 0 0)
(282.531 0 0)
(276.481 0 0)
(277.689 0 0)
(287.9 0 0)
(287.998 0 0)
(284.001 0 0)
(278.614 0 0)
(279.009 0 0)
(285.348 0 0)
(288.356 0 0)
(285.66 0 0)
(282.526 0 0)
(277.748 0 0)
(277.612 0 0)
(279.752 0 0)
(281.772 0 0)
(284.302 0 0)
(283.148 0 0)
(279.474 0 0)
(279.841 0 0)
(280.789 0 0)
(282.94 0 0)
(283.944 0 0)
(283.401 0 0)
(279.714 0 0)
(276.873 0 0)
(276.601 0 0)
(277.111 0 0)
(280.252 0 0)
(282.553 0 0)
(284.423 0 0)
(291.523 0 0)
(292.005 0 0)
(242.325 0 0)
(52.9672 0 0)
(0.415706 0 0)
(0.000216074 0 0)
(2.49761e-08 0 0)
(3.0744e-12 0 0)
(1.16536e-14 0 0)
(-8.71577e-14 0 0)
(-8.07181e-14 0 0)
(-1.25024e-14 0 0)
(7.9236e-14 0 0)
)
;

boundaryField
{
    sides
    {
        type            fixedValue;
        value           uniform (0 0 0);
    }
    empty
    {
        type            empty;
    }
}


// ************************************************************************* //
