/*--------------------------------*- C++ -*----------------------------------*\
| =========                 |                                                 |
| \\      /  F ield         | OpenFOAM: The Open Source CFD Toolbox           |
|  \\    /   O peration     | Version:  2412                                  |
|   \\  /    A nd           | Website:  www.openfoam.com                      |
|    \\/     M anipulation  |                                                 |
\*---------------------------------------------------------------------------*/
FoamFile
{
    version     2.0;
    format      ascii;
    arch        "LSB;label=32;scalar=64";
    class       volVectorField;
    location    "0.00163933";
    object      U;
}
// * * * * * * * * * * * * * * * * * * * * * * * * * * * * * * * * * * * * * //

dimensions      [0 1 -1 0 0 0 0];

internalField   nonuniform List<vector> 
100
(
(2.55081e-14 0 0)
(-4.95105e-14 0 0)
(4.09141e-15 0 0)
(8.42359e-14 0 0)
(3.23126e-14 0 0)
(4.92462e-14 0 0)
(-2.59187e-14 0 0)
(-5.8683e-14 0 0)
(2.0194e-14 0 0)
(9.30945e-15 0 0)
(3.19005e-14 0 0)
(3.00341e-14 0 0)
(-1.6522e-14 0 0)
(-5.67365e-14 0 0)
(-7.87598e-15 0 0)
(2.68276e-14 0 0)
(6.17575e-14 0 0)
(8.20335e-15 0 0)
(-3.24508e-14 0 0)
(-6.2113e-14 0 0)
(1.61399e-14 0 0)
(8.70865e-14 0 0)
(8.04974e-15 0 0)
(-4.88459e-14 0 0)
(4.44155e-15 0 0)
(5.28199e-14 0 0)
(7.46237e-15 0 0)
(-8.77994e-15 0 0)
(6.35297e-14 0 0)
(5.64719e-15 0 0)
(7.82586e-14 0 0)
(7.23703e-14 0 0)
(7.12475e-14 0 0)
(9.72766e-14 0 0)
(3.53394e-14 0 0)
(-3.03667e-14 0 0)
(-7.73493e-14 0 0)
(-1.05486e-13 0 0)
(1.56654e-11 0 0)
(1.72071e-08 0 0)
(1.00755e-05 0 0)
(0.0026504 0 0)
(0.229751 0 0)
(4.79756 0 0)
(26.4813 0 0)
(65.7713 0 0)
(104.048 0 0)
(153.57 0 0)
(192.156 0 0)
(229.572 0 0)
(280.473 0 0)
(284.231 0 0)
(275.553 0 0)
(276.909 0 0)
(288.747 0 0)
(299.349 0 0)
(297.91 0 0)
(209.739 0 0)
(20.5568 0 0)
(0.0688864 0 0)
(2.40058e-05 0 0)
(2.47601e-09 0 0)
(3.98576e-13 0 0)
(2.08915e-14 0 0)
(5.24985e-14 0 0)
(1.22564e-13 0 0)
(1.25029e-15 0 0)
(-1.42467e-14 0 0)
(-3.52957e-14 0 0)
(-5.59963e-14 0 0)
(-1.48735e-14 0 0)
(1.25191e-14 0 0)
(2.02696e-14 0 0)
(-2.61852e-14 0 0)
(-2.04702e-14 0 0)
(2.78211e-14 0 0)
(7.11383e-15 0 0)
(-7.04712e-15 0 0)
(-4.79629e-14 0 0)
(-8.40171e-15 0 0)
(7.04301e-14 0 0)
(1.01162e-13 0 0)
(-2.17107e-15 0 0)
(-1.1201e-13 0 0)
(-5.72427e-14 0 0)
(6.31665e-14 0 0)
(1.08082e-13 0 0)
(-9.34547e-15 0 0)
(-1.39422e-13 0 0)
(-1.78072e-13 0 0)
(-8.58034e-14 0 0)
(7.47001e-15 0 0)
(5.73723e-14 0 0)
(2.09279e-14 0 0)
(-5.05349e-14 0 0)
(-6.54379e-15 0 0)
(7.20395e-15 0 0)
(4.98032e-14 0 0)
(-4.16568e-17 0 0)
(-7.15058e-14 0 0)
)
;

boundaryField
{
    sides
    {
        type            fixedValue;
        value           uniform (0 0 0);
    }
    empty
    {
        type            empty;
    }
}


// ************************************************************************* //
