/*--------------------------------*- C++ -*----------------------------------*\
| =========                 |                                                 |
| \\      /  F ield         | OpenFOAM: The Open Source CFD Toolbox           |
|  \\    /   O peration     | Version:  2412                                  |
|   \\  /    A nd           | Website:  www.openfoam.com                      |
|    \\/     M anipulation  |                                                 |
\*---------------------------------------------------------------------------*/
FoamFile
{
    version     2.0;
    format      ascii;
    arch        "LSB;label=32;scalar=64";
    class       volVectorField;
    location    "0.0322821";
    object      U;
}
// * * * * * * * * * * * * * * * * * * * * * * * * * * * * * * * * * * * * * //

dimensions      [0 1 -1 0 0 0 0];

internalField   nonuniform List<vector> 
100
(
(2.08714 0 0)
(6.33537 0 0)
(10.5059 0 0)
(14.7894 0 0)
(18.8962 0 0)
(23.2427 0 0)
(27.2249 0 0)
(31.7124 0 0)
(35.5801 0 0)
(40.1589 0 0)
(44.0411 0 0)
(48.5504 0 0)
(52.6667 0 0)
(56.9286 0 0)
(61.3058 0 0)
(65.3542 0 0)
(69.8597 0 0)
(73.7898 0 0)
(78.312 0 0)
(82.2676 0 0)
(86.7245 0 0)
(90.775 0 0)
(95.186 0 0)
(99.3322 0 0)
(103.695 0 0)
(107.896 0 0)
(112.204 0 0)
(116.428 0 0)
(120.704 0 0)
(124.94 0 0)
(129.191 0 0)
(133.421 0 0)
(137.649 0 0)
(141.866 0 0)
(146.092 0 0)
(150.305 0 0)
(154.528 0 0)
(158.662 0 0)
(162.777 0 0)
(166.862 0 0)
(170.817 0 0)
(174.749 0 0)
(178.626 0 0)
(182.189 0 0)
(185.281 0 0)
(187.691 0 0)
(189.597 0 0)
(191.508 0 0)
(193.48 0 0)
(194.858 0 0)
(123.538 0 0)
(-59.5724 0 0)
(-95.6409 0 0)
(-87.7381 0 0)
(-76.6782 0 0)
(-72.0084 0 0)
(-68.2706 0 0)
(-63.431 0 0)
(-59.6716 0 0)
(-58.1784 0 0)
(-58.142 0 0)
(-55.7277 0 0)
(-55.0744 0 0)
(-48.4295 0 0)
(-46.9996 0 0)
(-44.6877 0 0)
(-43.7223 0 0)
(-41.5004 0 0)
(-34.5098 0 0)
(-39.3138 0 0)
(-35.1468 0 0)
(-32.3461 0 0)
(-25.0223 0 0)
(-15.8206 0 0)
(-6.16233 0 0)
(7.12296 0 0)
(8.61878 0 0)
(8.31199 0 0)
(4.72974 0 0)
(1.73469 0 0)
(-0.0974228 0 0)
(-1.27192 0 0)
(-1.09786 0 0)
(-1.84449 0 0)
(-1.80591 0 0)
(-0.0765785 0 0)
(1.17929 0 0)
(1.48141 0 0)
(-0.67459 0 0)
(-1.90793 0 0)
(-0.818748 0 0)
(1.86384 0 0)
(3.00577 0 0)
(3.65204 0 0)
(2.66062 0 0)
(-1.35819 0 0)
(-4.7201 0 0)
(-7.524 0 0)
(-6.37173 0 0)
(-3.7921 0 0)
)
;

boundaryField
{
    sides
    {
        type            fixedValue;
        value           uniform (0 0 0);
    }
    empty
    {
        type            empty;
    }
}


// ************************************************************************* //
