/*--------------------------------*- C++ -*----------------------------------*\
| =========                 |                                                 |
| \\      /  F ield         | OpenFOAM: The Open Source CFD Toolbox           |
|  \\    /   O peration     | Version:  2412                                  |
|   \\  /    A nd           | Website:  www.openfoam.com                      |
|    \\/     M anipulation  |                                                 |
\*---------------------------------------------------------------------------*/
FoamFile
{
    version     2.0;
    format      ascii;
    arch        "LSB;label=32;scalar=64";
    class       volVectorField;
    location    "0.00554528";
    object      U;
}
// * * * * * * * * * * * * * * * * * * * * * * * * * * * * * * * * * * * * * //

dimensions      [0 1 -1 0 0 0 0];

internalField   nonuniform List<vector> 
100
(
(5.07799e-14 0 0)
(8.03027e-14 0 0)
(-3.50275e-14 0 0)
(-2.14079e-13 0 0)
(-1.78325e-13 0 0)
(-1.5291e-13 0 0)
(-1.715e-13 0 0)
(-1.7287e-13 0 0)
(-2.29137e-13 0 0)
(-1.51485e-13 0 0)
(-1.03529e-13 0 0)
(-8.18001e-14 0 0)
(-7.28918e-14 0 0)
(-5.68387e-14 0 0)
(-4.00286e-14 0 0)
(-6.17733e-14 0 0)
(-2.63275e-14 0 0)
(2.40678e-14 0 0)
(1.45469e-13 0 0)
(1.7999e-13 0 0)
(1.28936e-13 0 0)
(2.00218e-13 0 0)
(2.32361e-13 0 0)
(2.31467e-13 0 0)
(2.61461e-13 0 0)
(6.0612e-12 0 0)
(2.87063e-09 0 0)
(1.08574e-06 0 0)
(0.000249634 0 0)
(0.0254874 0 0)
(0.804873 0 0)
(6.82856 0 0)
(21.7418 0 0)
(40.2088 0 0)
(57.4906 0 0)
(73.1825 0 0)
(87.8931 0 0)
(102.627 0 0)
(116.607 0 0)
(132.157 0 0)
(145.262 0 0)
(161.255 0 0)
(174.693 0 0)
(187.547 0 0)
(203.352 0 0)
(216.575 0 0)
(230.271 0 0)
(242.736 0 0)
(260.97 0 0)
(275.35 0 0)
(281.924 0 0)
(280.116 0 0)
(279.641 0 0)
(287.584 0 0)
(287.533 0 0)
(281.201 0 0)
(277.698 0 0)
(280.745 0 0)
(288.331 0 0)
(287.938 0 0)
(284.306 0 0)
(278.357 0 0)
(277.81 0 0)
(280.871 0 0)
(283.341 0 0)
(279.246 0 0)
(276.699 0 0)
(278.607 0 0)
(281.271 0 0)
(285.299 0 0)
(285.981 0 0)
(283.892 0 0)
(276.786 0 0)
(276.256 0 0)
(286.169 0 0)
(288.275 0 0)
(233.203 0 0)
(42.658 0 0)
(0.26486 0 0)
(0.000113799 0 0)
(1.12956e-08 0 0)
(9.64769e-13 0 0)
(-1.95056e-13 0 0)
(-1.03841e-13 0 0)
(-1.47892e-13 0 0)
(-1.67953e-13 0 0)
(-7.11008e-14 0 0)
(-6.31333e-14 0 0)
(-2.02312e-13 0 0)
(-3.13399e-13 0 0)
(-3.34602e-13 0 0)
(-2.96235e-13 0 0)
(-1.87766e-13 0 0)
(-1.51722e-13 0 0)
(-2.53706e-13 0 0)
(-3.94939e-13 0 0)
(-4.37878e-13 0 0)
(-2.89389e-13 0 0)
(-1.49017e-13 0 0)
(-6.37808e-14 0 0)
)
;

boundaryField
{
    sides
    {
        type            fixedValue;
        value           uniform (0 0 0);
    }
    empty
    {
        type            empty;
    }
}


// ************************************************************************* //
