/*--------------------------------*- C++ -*----------------------------------*\
| =========                 |                                                 |
| \\      /  F ield         | OpenFOAM: The Open Source CFD Toolbox           |
|  \\    /   O peration     | Version:  2412                                  |
|   \\  /    A nd           | Website:  www.openfoam.com                      |
|    \\/     M anipulation  |                                                 |
\*---------------------------------------------------------------------------*/
FoamFile
{
    version     2.0;
    format      ascii;
    arch        "LSB;label=32;scalar=64";
    class       volVectorField;
    location    "0.00560842";
    object      U;
}
// * * * * * * * * * * * * * * * * * * * * * * * * * * * * * * * * * * * * * //

dimensions      [0 1 -1 0 0 0 0];

internalField   nonuniform List<vector> 
100
(
(5.07799e-14 0 0)
(7.21212e-14 0 0)
(-3.50275e-14 0 0)
(-2.30442e-13 0 0)
(-1.78325e-13 0 0)
(-1.44728e-13 0 0)
(-1.715e-13 0 0)
(-1.7287e-13 0 0)
(-2.29137e-13 0 0)
(-1.59667e-13 0 0)
(-1.03529e-13 0 0)
(-8.18001e-14 0 0)
(-7.28918e-14 0 0)
(-5.68387e-14 0 0)
(-4.00287e-14 0 0)
(-6.17733e-14 0 0)
(-3.4509e-14 0 0)
(4.86123e-14 0 0)
(1.61832e-13 0 0)
(1.71808e-13 0 0)
(1.20754e-13 0 0)
(1.83855e-13 0 0)
(2.32361e-13 0 0)
(2.39649e-13 0 0)
(3.02397e-13 0 0)
(2.03408e-11 0 0)
(9.62008e-09 0 0)
(3.3606e-06 0 0)
(0.000674952 0 0)
(0.0561756 0 0)
(1.35647 0 0)
(9.12216 0 0)
(25.2333 0 0)
(43.5457 0 0)
(60.3131 0 0)
(75.63 0 0)
(90.0923 0 0)
(104.675 0 0)
(118.473 0 0)
(133.926 0 0)
(146.847 0 0)
(162.581 0 0)
(176.04 0 0)
(188.614 0 0)
(204.117 0 0)
(217.325 0 0)
(231.327 0 0)
(243.005 0 0)
(260.875 0 0)
(275.44 0 0)
(283.254 0 0)
(280.466 0 0)
(278.664 0 0)
(286.948 0 0)
(287.486 0 0)
(282.532 0 0)
(277.74 0 0)
(279.364 0 0)
(288.086 0 0)
(287.967 0 0)
(285.491 0 0)
(278.867 0 0)
(277.769 0 0)
(280.107 0 0)
(283.326 0 0)
(281.035 0 0)
(276.539 0 0)
(278.041 0 0)
(279.948 0 0)
(283.987 0 0)
(285.985 0 0)
(285.337 0 0)
(279.004 0 0)
(276.213 0 0)
(281.667 0 0)
(290.05 0 0)
(264.583 0 0)
(100.363 0 0)
(1.71847 0 0)
(0.00147355 0 0)
(2.10893e-07 0 0)
(2.03684e-11 0 0)
(-1.94297e-13 0 0)
(-1.25329e-13 0 0)
(-1.4073e-13 0 0)
(-1.46465e-13 0 0)
(-6.39384e-14 0 0)
(-8.46209e-14 0 0)
(-2.09475e-13 0 0)
(-2.99073e-13 0 0)
(-3.41764e-13 0 0)
(-3.1056e-13 0 0)
(-1.94929e-13 0 0)
(-1.30234e-13 0 0)
(-2.68031e-13 0 0)
(-4.02101e-13 0 0)
(-4.59366e-13 0 0)
(-3.10876e-13 0 0)
(-1.20367e-13 0 0)
(-4.94558e-14 0 0)
)
;

boundaryField
{
    sides
    {
        type            fixedValue;
        value           uniform (0 0 0);
    }
    empty
    {
        type            empty;
    }
}


// ************************************************************************* //
