/*--------------------------------*- C++ -*----------------------------------*\
| =========                 |                                                 |
| \\      /  F ield         | OpenFOAM: The Open Source CFD Toolbox           |
|  \\    /   O peration     | Version:  2412                                  |
|   \\  /    A nd           | Website:  www.openfoam.com                      |
|    \\/     M anipulation  |                                                 |
\*---------------------------------------------------------------------------*/
FoamFile
{
    version     2.0;
    format      ascii;
    arch        "LSB;label=32;scalar=64";
    class       volVectorField;
    location    "0.0503638";
    object      U;
}
// * * * * * * * * * * * * * * * * * * * * * * * * * * * * * * * * * * * * * //

dimensions      [0 1 -1 0 0 0 0];

internalField   nonuniform List<vector> 
100
(
(19.0213 0 0)
(13.8522 0 0)
(6.80947 0 0)
(-6.39402 0 0)
(-18.8859 0 0)
(-19.7738 0 0)
(-16.3191 0 0)
(-4.94838 0 0)
(10.0058 0 0)
(1.59174 0 0)
(-72.9589 0 0)
(-219.134 0 0)
(-227.612 0 0)
(-221.483 0 0)
(-220.221 0 0)
(-223.768 0 0)
(-238.786 0 0)
(-243.241 0 0)
(-241.976 0 0)
(-239.056 0 0)
(-225.88 0 0)
(-206.623 0 0)
(-199.896 0 0)
(-198.07 0 0)
(-197.034 0 0)
(-199.13 0 0)
(-210.024 0 0)
(-216.089 0 0)
(-215.192 0 0)
(-213.241 0 0)
(-208.639 0 0)
(-203.863 0 0)
(-200.989 0 0)
(-199.03 0 0)
(-195.553 0 0)
(-190.709 0 0)
(-187.409 0 0)
(-186.02 0 0)
(-185.689 0 0)
(-188.142 0 0)
(-189.162 0 0)
(-188.052 0 0)
(-184.839 0 0)
(-177.706 0 0)
(-172.613 0 0)
(-170.786 0 0)
(-175.165 0 0)
(-193.398 0 0)
(-201.037 0 0)
(-200.347 0 0)
(-198.358 0 0)
(-192.769 0 0)
(-172.763 0 0)
(-149.846 0 0)
(-139.249 0 0)
(-134.952 0 0)
(-132.36 0 0)
(-129.883 0 0)
(-126.553 0 0)
(-122.922 0 0)
(-120.294 0 0)
(-119.262 0 0)
(-118.485 0 0)
(-118.067 0 0)
(-117.917 0 0)
(-117.484 0 0)
(-116.314 0 0)
(-113.094 0 0)
(-106.59 0 0)
(-98.9141 0 0)
(-93.1986 0 0)
(-88.5135 0 0)
(-85.6086 0 0)
(-83.6406 0 0)
(-82.7906 0 0)
(-81.7521 0 0)
(-80.5826 0 0)
(-78.0471 0 0)
(-73.9591 0 0)
(-69.2756 0 0)
(-63.9168 0 0)
(-61.2638 0 0)
(-57.6699 0 0)
(-54.7903 0 0)
(-51.4585 0 0)
(-47.9223 0 0)
(-44.9323 0 0)
(-40.4631 0 0)
(-37.6966 0 0)
(-34.5515 0 0)
(-31.7305 0 0)
(-27.7824 0 0)
(-24.5785 0 0)
(-21.0998 0 0)
(-17.8547 0 0)
(-14.7036 0 0)
(-11.1299 0 0)
(-8.01329 0 0)
(-4.43177 0 0)
(-1.80686 0 0)
)
;

boundaryField
{
    sides
    {
        type            fixedValue;
        value           uniform (0 0 0);
    }
    empty
    {
        type            empty;
    }
}


// ************************************************************************* //
