/*--------------------------------*- C++ -*----------------------------------*\
| =========                 |                                                 |
| \\      /  F ield         | OpenFOAM: The Open Source CFD Toolbox           |
|  \\    /   O peration     | Version:  2412                                  |
|   \\  /    A nd           | Website:  www.openfoam.com                      |
|    \\/     M anipulation  |                                                 |
\*---------------------------------------------------------------------------*/
FoamFile
{
    version     2.0;
    format      ascii;
    arch        "LSB;label=32;scalar=64";
    class       volVectorField;
    location    "0.05509";
    object      U;
}
// * * * * * * * * * * * * * * * * * * * * * * * * * * * * * * * * * * * * * //

dimensions      [0 1 -1 0 0 0 0];

internalField   nonuniform List<vector> 
100
(
(-7.76411 0 0)
(-1.00833 0 0)
(3.79356 0 0)
(10.565 0 0)
(19.2379 0 0)
(19.3258 0 0)
(4.31418 0 0)
(-9.71052 0 0)
(-18.317 0 0)
(-13.5861 0 0)
(-3.59861 0 0)
(3.02368 0 0)
(5.57591 0 0)
(0.97015 0 0)
(-3.26378 0 0)
(0.926051 0 0)
(2.34888 0 0)
(0.378998 0 0)
(-4.37689 0 0)
(-1.83596 0 0)
(8.48274 0 0)
(-67.8654 0 0)
(-223.926 0 0)
(-259.649 0 0)
(-259.35 0 0)
(-256.806 0 0)
(-254.723 0 0)
(-247.038 0 0)
(-218.521 0 0)
(-192.262 0 0)
(-184.919 0 0)
(-183.175 0 0)
(-182.727 0 0)
(-182.649 0 0)
(-181.589 0 0)
(-179.796 0 0)
(-174.909 0 0)
(-170.031 0 0)
(-167.685 0 0)
(-166.742 0 0)
(-165.766 0 0)
(-165.828 0 0)
(-167.072 0 0)
(-168.047 0 0)
(-167.624 0 0)
(-166.722 0 0)
(-165.173 0 0)
(-160.56 0 0)
(-148.5 0 0)
(-138.465 0 0)
(-134.179 0 0)
(-132.606 0 0)
(-131.851 0 0)
(-131.143 0 0)
(-130.857 0 0)
(-131.033 0 0)
(-130.778 0 0)
(-129.815 0 0)
(-127.007 0 0)
(-121.062 0 0)
(-114.65 0 0)
(-110.736 0 0)
(-107.991 0 0)
(-105.878 0 0)
(-103.632 0 0)
(-100.947 0 0)
(-97.8557 0 0)
(-94.6705 0 0)
(-91.5501 0 0)
(-88.5756 0 0)
(-85.6023 0 0)
(-82.5626 0 0)
(-79.7881 0 0)
(-76.9361 0 0)
(-74.539 0 0)
(-71.9075 0 0)
(-69.3031 0 0)
(-66.0715 0 0)
(-62.6689 0 0)
(-59.2549 0 0)
(-56.1379 0 0)
(-53.7383 0 0)
(-50.503 0 0)
(-48.4634 0 0)
(-45.4694 0 0)
(-42.6322 0 0)
(-39.9154 0 0)
(-36.8534 0 0)
(-34.3339 0 0)
(-30.8592 0 0)
(-28.0577 0 0)
(-24.398 0 0)
(-21.3514 0 0)
(-18.0695 0 0)
(-15.4195 0 0)
(-13.0139 0 0)
(-10.4907 0 0)
(-8.15714 0 0)
(-4.99177 0 0)
(-1.93689 0 0)
)
;

boundaryField
{
    sides
    {
        type            fixedValue;
        value           uniform (0 0 0);
    }
    empty
    {
        type            empty;
    }
}


// ************************************************************************* //
