/*--------------------------------*- C++ -*----------------------------------*\
| =========                 |                                                 |
| \\      /  F ield         | OpenFOAM: The Open Source CFD Toolbox           |
|  \\    /   O peration     | Version:  2412                                  |
|   \\  /    A nd           | Website:  www.openfoam.com                      |
|    \\/     M anipulation  |                                                 |
\*---------------------------------------------------------------------------*/
FoamFile
{
    version     2.0;
    format      ascii;
    arch        "LSB;label=32;scalar=64";
    class       volVectorField;
    location    "0.0234344";
    object      U;
}
// * * * * * * * * * * * * * * * * * * * * * * * * * * * * * * * * * * * * * //

dimensions      [0 1 -1 0 0 0 0];

internalField   nonuniform List<vector> 
100
(
(3.1281 0 0)
(9.44228 0 0)
(15.7042 0 0)
(21.9819 0 0)
(28.2373 0 0)
(34.5031 0 0)
(40.7718 0 0)
(47.026 0 0)
(53.2148 0 0)
(59.4739 0 0)
(65.6024 0 0)
(72.0021 0 0)
(78.044 0 0)
(84.5591 0 0)
(90.4241 0 0)
(96.9718 0 0)
(102.906 0 0)
(109.309 0 0)
(115.525 0 0)
(121.827 0 0)
(128.287 0 0)
(134.249 0 0)
(140.614 0 0)
(146.252 0 0)
(152.318 0 0)
(157.966 0 0)
(164.109 0 0)
(170.186 0 0)
(176.945 0 0)
(183.849 0 0)
(191.096 0 0)
(197.887 0 0)
(204.941 0 0)
(214.322 0 0)
(230.171 0 0)
(244.08 0 0)
(249.178 0 0)
(252.579 0 0)
(255.856 0 0)
(258.405 0 0)
(259.194 0 0)
(260.751 0 0)
(263.479 0 0)
(266.311 0 0)
(269.941 0 0)
(274.105 0 0)
(278.146 0 0)
(280.879 0 0)
(283.164 0 0)
(284.056 0 0)
(283.869 0 0)
(283.606 0 0)
(283.326 0 0)
(282.85 0 0)
(282.948 0 0)
(283.845 0 0)
(283.744 0 0)
(282.016 0 0)
(281.8 0 0)
(285.234 0 0)
(286.561 0 0)
(280.911 0 0)
(278.422 0 0)
(283.88 0 0)
(289.832 0 0)
(287.106 0 0)
(275.319 0 0)
(271.645 0 0)
(287.475 0 0)
(293.42 0 0)
(273.014 0 0)
(110.297 0 0)
(13.8814 0 0)
(14.4512 0 0)
(3.13227 0 0)
(19.3653 0 0)
(11.67 0 0)
(15.5154 0 0)
(18.382 0 0)
(1.68556 0 0)
(-3.34229 0 0)
(-13.1926 0 0)
(-12.705 0 0)
(-3.82636 0 0)
(-4.60196 0 0)
(-2.25806 0 0)
(2.72085 0 0)
(4.39643 0 0)
(7.36403 0 0)
(9.34284 0 0)
(5.41869 0 0)
(-1.03353 0 0)
(-7.51071 0 0)
(-10.4614 0 0)
(-7.53266 0 0)
(-1.41621 0 0)
(6.28883 0 0)
(8.25364 0 0)
(7.34089 0 0)
(4.99622 0 0)
)
;

boundaryField
{
    sides
    {
        type            fixedValue;
        value           uniform (0 0 0);
    }
    empty
    {
        type            empty;
    }
}


// ************************************************************************* //
