/*--------------------------------*- C++ -*----------------------------------*\
| =========                 |                                                 |
| \\      /  F ield         | OpenFOAM: The Open Source CFD Toolbox           |
|  \\    /   O peration     | Version:  2412                                  |
|   \\  /    A nd           | Website:  www.openfoam.com                      |
|    \\/     M anipulation  |                                                 |
\*---------------------------------------------------------------------------*/
FoamFile
{
    version     2.0;
    format      ascii;
    arch        "LSB;label=32;scalar=64";
    class       volVectorField;
    location    "0.0106196";
    object      U;
}
// * * * * * * * * * * * * * * * * * * * * * * * * * * * * * * * * * * * * * //

dimensions      [0 1 -1 0 0 0 0];

internalField   nonuniform List<vector> 
100
(
(-1.09856e-13 0 0)
(-5.78985e-14 0 0)
(6.26199e-15 0 0)
(3.90017e-14 0 0)
(1.22465e-13 0 0)
(1.23143e-13 0 0)
(3.14993e-14 0 0)
(5.71265e-15 0 0)
(1.51951e-13 0 0)
(7.48693e-12 0 0)
(3.48261e-09 0 0)
(1.26056e-06 0 0)
(0.000273581 0 0)
(0.0258709 0 0)
(0.742241 0 0)
(5.76426 0 0)
(17.147 0 0)
(30.037 0 0)
(41.017 0 0)
(50.1771 0 0)
(58.406 0 0)
(66.2839 0 0)
(74.0657 0 0)
(81.8381 0 0)
(89.6185 0 0)
(97.4242 0 0)
(105.226 0 0)
(113.105 0 0)
(120.872 0 0)
(128.909 0 0)
(136.426 0 0)
(144.773 0 0)
(151.843 0 0)
(160.406 0 0)
(167.543 0 0)
(175.346 0 0)
(183.467 0 0)
(190.353 0 0)
(198.622 0 0)
(205.847 0 0)
(214.138 0 0)
(221.34 0 0)
(229.513 0 0)
(237.018 0 0)
(244.965 0 0)
(252.925 0 0)
(260.809 0 0)
(266.246 0 0)
(272.374 0 0)
(280.508 0 0)
(286.162 0 0)
(287.683 0 0)
(280.906 0 0)
(278.079 0 0)
(284.096 0 0)
(288.739 0 0)
(286.283 0 0)
(276.757 0 0)
(275.705 0 0)
(285.341 0 0)
(289.571 0 0)
(286.696 0 0)
(277.518 0 0)
(277.875 0 0)
(283.764 0 0)
(289.042 0 0)
(287.856 0 0)
(279.183 0 0)
(277.224 0 0)
(277.878 0 0)
(285.904 0 0)
(287.592 0 0)
(284.616 0 0)
(283.745 0 0)
(278.871 0 0)
(278.591 0 0)
(280.648 0 0)
(281.563 0 0)
(283.187 0 0)
(284.102 0 0)
(280.397 0 0)
(277.39 0 0)
(278.007 0 0)
(279.074 0 0)
(281.736 0 0)
(283.364 0 0)
(283.268 0 0)
(281.788 0 0)
(279.876 0 0)
(279.654 0 0)
(280.304 0 0)
(282.971 0 0)
(283.828 0 0)
(283.598 0 0)
(281.914 0 0)
(277.547 0 0)
(275.561 0 0)
(278.661 0 0)
(253.428 0 0)
(204.634 0 0)
)
;

boundaryField
{
    sides
    {
        type            fixedValue;
        value           uniform (0 0 0);
    }
    empty
    {
        type            empty;
    }
}


// ************************************************************************* //
