/*--------------------------------*- C++ -*----------------------------------*\
| =========                 |                                                 |
| \\      /  F ield         | OpenFOAM: The Open Source CFD Toolbox           |
|  \\    /   O peration     | Version:  2412                                  |
|   \\  /    A nd           | Website:  www.openfoam.com                      |
|    \\/     M anipulation  |                                                 |
\*---------------------------------------------------------------------------*/
FoamFile
{
    version     2.0;
    format      ascii;
    arch        "LSB;label=32;scalar=64";
    class       volVectorField;
    location    "0.00435591";
    object      U;
}
// * * * * * * * * * * * * * * * * * * * * * * * * * * * * * * * * * * * * * //

dimensions      [0 1 -1 0 0 0 0];

internalField   nonuniform List<vector> 
100
(
(-4.67652e-14 0 0)
(-1.38509e-13 0 0)
(-7.56868e-14 0 0)
(-1.91329e-14 0 0)
(1.67108e-14 0 0)
(6.89234e-16 0 0)
(-2.0606e-15 0 0)
(-1.24163e-13 0 0)
(-2.20318e-13 0 0)
(-1.27296e-13 0 0)
(-3.9195e-14 0 0)
(-8.9804e-14 0 0)
(-6.46083e-14 0 0)
(-2.47507e-14 0 0)
(-5.59181e-14 0 0)
(-6.1317e-14 0 0)
(-1.83752e-14 0 0)
(4.03621e-14 0 0)
(3.93598e-14 0 0)
(2.58913e-14 0 0)
(4.82618e-14 0 0)
(1.4362e-13 0 0)
(2.24513e-13 0 0)
(2.71688e-13 0 0)
(1.7259e-13 0 0)
(1.73483e-13 0 0)
(1.5089e-13 0 0)
(1.02702e-13 0 0)
(1.59266e-13 0 0)
(2.37563e-11 0 0)
(1.18175e-08 0 0)
(4.18805e-06 0 0)
(0.000839908 0 0)
(0.0688662 0 0)
(1.62253 0 0)
(10.6994 0 0)
(29.4023 0 0)
(50.9607 0 0)
(71.091 0 0)
(90.1932 0 0)
(107.788 0 0)
(127.227 0 0)
(143.542 0 0)
(163.568 0 0)
(180.772 0 0)
(195.225 0 0)
(215.922 0 0)
(234.824 0 0)
(248.552 0 0)
(261.406 0 0)
(282.473 0 0)
(292.544 0 0)
(287.993 0 0)
(278.329 0 0)
(277.542 0 0)
(286.647 0 0)
(287.432 0 0)
(283.974 0 0)
(277.624 0 0)
(277.016 0 0)
(278.649 0 0)
(279.736 0 0)
(284.283 0 0)
(287.078 0 0)
(284.099 0 0)
(275.737 0 0)
(273.975 0 0)
(274.925 0 0)
(286.67 0 0)
(295.65 0 0)
(259.899 0 0)
(77.6584 0 0)
(0.886374 0 0)
(0.000559757 0 0)
(6.59182e-08 0 0)
(6.96139e-12 0 0)
(-1.36766e-14 0 0)
(2.1766e-14 0 0)
(-1.04554e-13 0 0)
(-1.84023e-13 0 0)
(-8.99961e-14 0 0)
(7.4316e-14 0 0)
(-2.33672e-14 0 0)
(-1.89951e-13 0 0)
(-1.91056e-13 0 0)
(-1.89155e-13 0 0)
(-1.56262e-13 0 0)
(-9.90639e-14 0 0)
(-2.37681e-13 0 0)
(-1.85333e-13 0 0)
(-1.06928e-13 0 0)
(-1.1899e-13 0 0)
(-1.94796e-13 0 0)
(-3.15372e-13 0 0)
(-2.962e-13 0 0)
(-2.31199e-13 0 0)
(-1.74824e-13 0 0)
(-5.55912e-14 0 0)
(-4.94276e-14 0 0)
(-1.13891e-13 0 0)
)
;

boundaryField
{
    sides
    {
        type            fixedValue;
        value           uniform (0 0 0);
    }
    empty
    {
        type            empty;
    }
}


// ************************************************************************* //
