/*--------------------------------*- C++ -*----------------------------------*\
| =========                 |                                                 |
| \\      /  F ield         | OpenFOAM: The Open Source CFD Toolbox           |
|  \\    /   O peration     | Version:  2412                                  |
|   \\  /    A nd           | Website:  www.openfoam.com                      |
|    \\/     M anipulation  |                                                 |
\*---------------------------------------------------------------------------*/
FoamFile
{
    version     2.0;
    format      ascii;
    arch        "LSB;label=32;scalar=64";
    class       volVectorField;
    location    "0.0162421";
    object      U;
}
// * * * * * * * * * * * * * * * * * * * * * * * * * * * * * * * * * * * * * //

dimensions      [0 1 -1 0 0 0 0];

internalField   nonuniform List<vector> 
100
(
(10.0183 0 0)
(25.3836 0 0)
(38.5979 0 0)
(48.9699 0 0)
(56.1766 0 0)
(61.2754 0 0)
(65.9324 0 0)
(70.7965 0 0)
(75.8914 0 0)
(81.0788 0 0)
(86.2703 0 0)
(91.4508 0 0)
(96.6305 0 0)
(101.817 0 0)
(107.011 0 0)
(112.216 0 0)
(117.419 0 0)
(122.649 0 0)
(127.834 0 0)
(133.112 0 0)
(138.198 0 0)
(143.577 0 0)
(148.445 0 0)
(153.989 0 0)
(158.666 0 0)
(164.266 0 0)
(169.1 0 0)
(174.366 0 0)
(179.617 0 0)
(184.468 0 0)
(189.887 0 0)
(194.649 0 0)
(200.148 0 0)
(204.888 0 0)
(210.34 0 0)
(215.288 0 0)
(220.692 0 0)
(225.69 0 0)
(230.976 0 0)
(236.142 0 0)
(241.435 0 0)
(246.558 0 0)
(251.582 0 0)
(256.713 0 0)
(261.865 0 0)
(266.664 0 0)
(271.176 0 0)
(276.078 0 0)
(280.123 0 0)
(282.488 0 0)
(284.015 0 0)
(283.681 0 0)
(284.07 0 0)
(284.756 0 0)
(283.992 0 0)
(280.286 0 0)
(279.142 0 0)
(286.64 0 0)
(288.718 0 0)
(283.336 0 0)
(276.128 0 0)
(276.627 0 0)
(290.038 0 0)
(291.078 0 0)
(282.444 0 0)
(273.964 0 0)
(275.349 0 0)
(290.313 0 0)
(290.46 0 0)
(284.372 0 0)
(275.053 0 0)
(275.176 0 0)
(286.182 0 0)
(290.046 0 0)
(287.37 0 0)
(276.049 0 0)
(275.517 0 0)
(277.472 0 0)
(287.871 0 0)
(287.715 0 0)
(285.904 0 0)
(276.09 0 0)
(275.511 0 0)
(277.681 0 0)
(285.026 0 0)
(256.098 0 0)
(77.0931 0 0)
(20.7485 0 0)
(10.4887 0 0)
(18.8383 0 0)
(24.7741 0 0)
(26.2905 0 0)
(22.4423 0 0)
(18.2372 0 0)
(11.6622 0 0)
(6.39548 0 0)
(3.01885 0 0)
(1.75645 0 0)
(2.33109 0 0)
(-2.60211 0 0)
)
;

boundaryField
{
    sides
    {
        type            fixedValue;
        value           uniform (0 0 0);
    }
    empty
    {
        type            empty;
    }
}


// ************************************************************************* //
