/*--------------------------------*- C++ -*----------------------------------*\
| =========                 |                                                 |
| \\      /  F ield         | OpenFOAM: The Open Source CFD Toolbox           |
|  \\    /   O peration     | Version:  2412                                  |
|   \\  /    A nd           | Website:  www.openfoam.com                      |
|    \\/     M anipulation  |                                                 |
\*---------------------------------------------------------------------------*/
FoamFile
{
    version     2.0;
    format      ascii;
    arch        "LSB;label=32;scalar=64";
    class       volVectorField;
    location    "0.0478083";
    object      U;
}
// * * * * * * * * * * * * * * * * * * * * * * * * * * * * * * * * * * * * * //

dimensions      [0 1 -1 0 0 0 0];

internalField   nonuniform List<vector> 
100
(
(47.2765 0 0)
(56.9653 0 0)
(58.1728 0 0)
(18.3607 0 0)
(-186.705 0 0)
(-254.082 0 0)
(-253.534 0 0)
(-249.745 0 0)
(-245.219 0 0)
(-234.741 0 0)
(-229.746 0 0)
(-227.709 0 0)
(-227.775 0 0)
(-231.61 0 0)
(-233.193 0 0)
(-231.945 0 0)
(-229.017 0 0)
(-219.935 0 0)
(-212.986 0 0)
(-210.919 0 0)
(-210.792 0 0)
(-216.228 0 0)
(-218.735 0 0)
(-217.663 0 0)
(-213.907 0 0)
(-203.979 0 0)
(-196.053 0 0)
(-193.482 0 0)
(-193.579 0 0)
(-203.29 0 0)
(-211.159 0 0)
(-210.838 0 0)
(-208.42 0 0)
(-199.706 0 0)
(-182.276 0 0)
(-173.483 0 0)
(-170.704 0 0)
(-169.755 0 0)
(-171.676 0 0)
(-180.225 0 0)
(-184.284 0 0)
(-183.42 0 0)
(-181.391 0 0)
(-177.569 0 0)
(-173.515 0 0)
(-171.02 0 0)
(-169.047 0 0)
(-165.494 0 0)
(-160.912 0 0)
(-158.095 0 0)
(-156.984 0 0)
(-157.379 0 0)
(-158.769 0 0)
(-158.279 0 0)
(-156.105 0 0)
(-150.66 0 0)
(-144.71 0 0)
(-142.147 0 0)
(-143.172 0 0)
(-155.673 0 0)
(-166.502 0 0)
(-167.228 0 0)
(-165.405 0 0)
(-160.657 0 0)
(-144.491 0 0)
(-123.508 0 0)
(-111.162 0 0)
(-105.333 0 0)
(-101.842 0 0)
(-98.1553 0 0)
(-95.2434 0 0)
(-92.0429 0 0)
(-90.368 0 0)
(-89.0066 0 0)
(-88.7088 0 0)
(-88.0623 0 0)
(-86.2122 0 0)
(-83.9305 0 0)
(-78.6463 0 0)
(-73.5071 0 0)
(-65.9993 0 0)
(-61.9538 0 0)
(-58.5678 0 0)
(-55.577 0 0)
(-54.1193 0 0)
(-52.0331 0 0)
(-50.8185 0 0)
(-47.2143 0 0)
(-43.1168 0 0)
(-38.4163 0 0)
(-34.6242 0 0)
(-30.8156 0 0)
(-27.2795 0 0)
(-23.2553 0 0)
(-19.5153 0 0)
(-15.9252 0 0)
(-12.0656 0 0)
(-8.77855 0 0)
(-4.91085 0 0)
(-1.91095 0 0)
)
;

boundaryField
{
    sides
    {
        type            fixedValue;
        value           uniform (0 0 0);
    }
    empty
    {
        type            empty;
    }
}


// ************************************************************************* //
