/*--------------------------------*- C++ -*----------------------------------*\
| =========                 |                                                 |
| \\      /  F ield         | OpenFOAM: The Open Source CFD Toolbox           |
|  \\    /   O peration     | Version:  2412                                  |
|   \\  /    A nd           | Website:  www.openfoam.com                      |
|    \\/     M anipulation  |                                                 |
\*---------------------------------------------------------------------------*/
FoamFile
{
    version     2.0;
    format      ascii;
    arch        "LSB;label=32;scalar=64";
    class       volVectorField;
    location    "0.0482829";
    object      U;
}
// * * * * * * * * * * * * * * * * * * * * * * * * * * * * * * * * * * * * * //

dimensions      [0 1 -1 0 0 0 0];

internalField   nonuniform List<vector> 
100
(
(35.4914 0 0)
(10.4864 0 0)
(22.2399 0 0)
(40.0097 0 0)
(7.4868 0 0)
(-139.782 0 0)
(-244.891 0 0)
(-237.128 0 0)
(-234.072 0 0)
(-232.277 0 0)
(-235.047 0 0)
(-238.319 0 0)
(-237.852 0 0)
(-235.952 0 0)
(-230.175 0 0)
(-220.507 0 0)
(-216.876 0 0)
(-215.629 0 0)
(-218.266 0 0)
(-223.807 0 0)
(-223.837 0 0)
(-222.112 0 0)
(-215.529 0 0)
(-204.822 0 0)
(-199.972 0 0)
(-198.541 0 0)
(-202.184 0 0)
(-214.434 0 0)
(-217.749 0 0)
(-216.297 0 0)
(-212.326 0 0)
(-198.303 0 0)
(-182.662 0 0)
(-177.174 0 0)
(-175.331 0 0)
(-174.751 0 0)
(-179.547 0 0)
(-188.377 0 0)
(-190.195 0 0)
(-188.819 0 0)
(-186.166 0 0)
(-181.853 0 0)
(-178.17 0 0)
(-176.012 0 0)
(-173.537 0 0)
(-169.447 0 0)
(-165.209 0 0)
(-163.153 0 0)
(-162.352 0 0)
(-163.515 0 0)
(-164.629 0 0)
(-163.698 0 0)
(-160.839 0 0)
(-154.616 0 0)
(-149.413 0 0)
(-147.456 0 0)
(-150.559 0 0)
(-165.57 0 0)
(-173.686 0 0)
(-173.401 0 0)
(-171.121 0 0)
(-164.985 0 0)
(-146.055 0 0)
(-125.867 0 0)
(-115.353 0 0)
(-110.503 0 0)
(-106.997 0 0)
(-103.757 0 0)
(-100.577 0 0)
(-97.4931 0 0)
(-95.8621 0 0)
(-94.7114 0 0)
(-94.4511 0 0)
(-93.4107 0 0)
(-92.713 0 0)
(-90.2563 0 0)
(-85.4354 0 0)
(-79.608 0 0)
(-72.2872 0 0)
(-68.1795 0 0)
(-63.4891 0 0)
(-61.3488 0 0)
(-59.5002 0 0)
(-58.4994 0 0)
(-57.3753 0 0)
(-53.6053 0 0)
(-49.9837 0 0)
(-44.9053 0 0)
(-41.0118 0 0)
(-36.949 0 0)
(-33.3996 0 0)
(-29.7561 0 0)
(-26.6929 0 0)
(-22.9964 0 0)
(-19.472 0 0)
(-15.7321 0 0)
(-11.7583 0 0)
(-8.51625 0 0)
(-4.72223 0 0)
(-1.80035 0 0)
)
;

boundaryField
{
    sides
    {
        type            fixedValue;
        value           uniform (0 0 0);
    }
    empty
    {
        type            empty;
    }
}


// ************************************************************************* //
