/*--------------------------------*- C++ -*----------------------------------*\
| =========                 |                                                 |
| \\      /  F ield         | OpenFOAM: The Open Source CFD Toolbox           |
|  \\    /   O peration     | Version:  2412                                  |
|   \\  /    A nd           | Website:  www.openfoam.com                      |
|    \\/     M anipulation  |                                                 |
\*---------------------------------------------------------------------------*/
FoamFile
{
    version     2.0;
    format      ascii;
    arch        "LSB;label=32;scalar=64";
    class       volVectorField;
    location    "0.0027475";
    object      U;
}
// * * * * * * * * * * * * * * * * * * * * * * * * * * * * * * * * * * * * * //

dimensions      [0 1 -1 0 0 0 0];

internalField   nonuniform List<vector> 
100
(
(-6.59713e-15 0 0)
(6.45329e-15 0 0)
(5.98974e-14 0 0)
(5.23587e-14 0 0)
(-1.54749e-14 0 0)
(-3.85348e-14 0 0)
(-9.76379e-15 0 0)
(5.28197e-14 0 0)
(2.81237e-14 0 0)
(-6.6711e-15 0 0)
(-2.39113e-14 0 0)
(-4.96457e-14 0 0)
(-2.43988e-14 0 0)
(1.49134e-14 0 0)
(4.80916e-14 0 0)
(2.68193e-14 0 0)
(-2.60783e-14 0 0)
(-7.6684e-15 0 0)
(-5.2641e-16 0 0)
(9.62065e-15 0 0)
(-1.5819e-14 0 0)
(-5.65558e-14 0 0)
(-1.58724e-14 0 0)
(2.29995e-14 0 0)
(1.32062e-13 0 0)
(1.16589e-13 0 0)
(1.6697e-13 0 0)
(1.18836e-13 0 0)
(6.35831e-14 0 0)
(6.9371e-14 0 0)
(1.34129e-13 0 0)
(7.23978e-14 0 0)
(-1.64703e-14 0 0)
(3.35605e-14 0 0)
(5.33195e-12 0 0)
(3.58117e-09 0 0)
(1.62923e-06 0 0)
(0.000417844 0 0)
(0.0444874 0 0)
(1.38211 0 0)
(11.22 0 0)
(34.7797 0 0)
(63.8704 0 0)
(93.8051 0 0)
(118.926 0 0)
(150.249 0 0)
(173.967 0 0)
(197.878 0 0)
(234.8 0 0)
(255.582 0 0)
(270.017 0 0)
(285.684 0 0)
(290.406 0 0)
(287.274 0 0)
(278.257 0 0)
(277.813 0 0)
(278.709 0 0)
(273.232 0 0)
(276.064 0 0)
(280.138 0 0)
(293.026 0 0)
(301.913 0 0)
(271.563 0 0)
(94.6387 0 0)
(1.3823 0 0)
(0.00103356 0 0)
(1.37574e-07 0 0)
(1.38883e-11 0 0)
(1.12102e-13 0 0)
(2.37083e-13 0 0)
(6.17769e-14 0 0)
(-1.0636e-13 0 0)
(-1.19023e-13 0 0)
(2.28202e-14 0 0)
(9.10151e-14 0 0)
(4.87499e-14 0 0)
(-6.96509e-14 0 0)
(-2.78604e-14 0 0)
(-4.79834e-14 0 0)
(3.34559e-14 0 0)
(3.54189e-14 0 0)
(-1.64418e-13 0 0)
(-1.06711e-13 0 0)
(5.55197e-14 0 0)
(1.17201e-13 0 0)
(3.52733e-14 0 0)
(-1.50048e-13 0 0)
(-2.25926e-13 0 0)
(-1.25446e-13 0 0)
(-7.30983e-14 0 0)
(-2.11447e-13 0 0)
(-1.95222e-13 0 0)
(5.73434e-14 0 0)
(4.20242e-14 0 0)
(1.90327e-14 0 0)
(-6.9467e-14 0 0)
(-1.04039e-13 0 0)
(3.55034e-14 0 0)
(-7.16757e-15 0 0)
(-9.24489e-14 0 0)
)
;

boundaryField
{
    sides
    {
        type            fixedValue;
        value           uniform (0 0 0);
    }
    empty
    {
        type            empty;
    }
}


// ************************************************************************* //
