/*--------------------------------*- C++ -*----------------------------------*\
| =========                 |                                                 |
| \\      /  F ield         | OpenFOAM: The Open Source CFD Toolbox           |
|  \\    /   O peration     | Version:  2412                                  |
|   \\  /    A nd           | Website:  www.openfoam.com                      |
|    \\/     M anipulation  |                                                 |
\*---------------------------------------------------------------------------*/
FoamFile
{
    version     2.0;
    format      ascii;
    arch        "LSB;label=32;scalar=64";
    class       volVectorField;
    location    "0.0191319";
    object      U;
}
// * * * * * * * * * * * * * * * * * * * * * * * * * * * * * * * * * * * * * //

dimensions      [0 1 -1 0 0 0 0];

internalField   nonuniform List<vector> 
100
(
(3.97384 0 0)
(12.0587 0 0)
(20.1425 0 0)
(28.0957 0 0)
(36.0522 0 0)
(43.8186 0 0)
(51.5228 0 0)
(59.364 0 0)
(67.6247 0 0)
(76.3145 0 0)
(85.9116 0 0)
(96.7796 0 0)
(108.569 0 0)
(120.364 0 0)
(131.134 0 0)
(140.307 0 0)
(147.209 0 0)
(151.241 0 0)
(153.79 0 0)
(157.129 0 0)
(160.43 0 0)
(165.215 0 0)
(169.797 0 0)
(174.591 0 0)
(179.097 0 0)
(183.245 0 0)
(187.792 0 0)
(191.853 0 0)
(196.536 0 0)
(200.596 0 0)
(205.253 0 0)
(209.428 0 0)
(214.042 0 0)
(218.288 0 0)
(222.826 0 0)
(227.194 0 0)
(231.709 0 0)
(236.098 0 0)
(240.525 0 0)
(244.922 0 0)
(249.356 0 0)
(253.787 0 0)
(258.148 0 0)
(262.242 0 0)
(266.497 0 0)
(270.866 0 0)
(274.658 0 0)
(278.016 0 0)
(281.628 0 0)
(283.615 0 0)
(284.375 0 0)
(284.123 0 0)
(283.144 0 0)
(282.35 0 0)
(283.871 0 0)
(285.126 0 0)
(282.528 0 0)
(279.887 0 0)
(281.442 0 0)
(287.421 0 0)
(288.709 0 0)
(278.674 0 0)
(275.957 0 0)
(282.707 0 0)
(291.472 0 0)
(290.377 0 0)
(274.602 0 0)
(272.738 0 0)
(282.226 0 0)
(292.502 0 0)
(290.442 0 0)
(274.46 0 0)
(273.641 0 0)
(279.467 0 0)
(291.702 0 0)
(291.082 0 0)
(278.993 0 0)
(272.984 0 0)
(274.805 0 0)
(259.942 0 0)
(82.2643 0 0)
(14.5522 0 0)
(11.9024 0 0)
(27.2348 0 0)
(10.0929 0 0)
(13.3915 0 0)
(21.9873 0 0)
(11.2769 0 0)
(3.63894 0 0)
(14.4004 0 0)
(20.5133 0 0)
(24.2912 0 0)
(16.4468 0 0)
(3.69617 0 0)
(-4.65672 0 0)
(-11.8881 0 0)
(-13.135 0 0)
(-10.0073 0 0)
(-4.81919 0 0)
(-5.51156 0 0)
)
;

boundaryField
{
    sides
    {
        type            fixedValue;
        value           uniform (0 0 0);
    }
    empty
    {
        type            empty;
    }
}


// ************************************************************************* //
