/*--------------------------------*- C++ -*----------------------------------*\
| =========                 |                                                 |
| \\      /  F ield         | OpenFOAM: The Open Source CFD Toolbox           |
|  \\    /   O peration     | Version:  2412                                  |
|   \\  /    A nd           | Website:  www.openfoam.com                      |
|    \\/     M anipulation  |                                                 |
\*---------------------------------------------------------------------------*/
FoamFile
{
    version     2.0;
    format      ascii;
    arch        "LSB;label=32;scalar=64";
    class       volVectorField;
    location    "0.0250435";
    object      U;
}
// * * * * * * * * * * * * * * * * * * * * * * * * * * * * * * * * * * * * * //

dimensions      [0 1 -1 0 0 0 0];

internalField   nonuniform List<vector> 
100
(
(2.87919 0 0)
(8.68804 0 0)
(14.4449 0 0)
(20.2047 0 0)
(25.9498 0 0)
(31.6755 0 0)
(37.4136 0 0)
(43.2095 0 0)
(48.9137 0 0)
(54.7949 0 0)
(60.3766 0 0)
(66.3811 0 0)
(71.8191 0 0)
(77.8839 0 0)
(83.2547 0 0)
(89.2628 0 0)
(94.8792 0 0)
(100.683 0 0)
(106.532 0 0)
(112.088 0 0)
(118.066 0 0)
(123.491 0 0)
(129.469 0 0)
(134.955 0 0)
(140.934 0 0)
(146.557 0 0)
(152.612 0 0)
(158.387 0 0)
(164.36 0 0)
(170.024 0 0)
(175.646 0 0)
(181.049 0 0)
(186.43 0 0)
(191.742 0 0)
(197.154 0 0)
(202.822 0 0)
(209.167 0 0)
(216.088 0 0)
(222.629 0 0)
(227.84 0 0)
(232.569 0 0)
(239.252 0 0)
(253.775 0 0)
(271.572 0 0)
(279.39 0 0)
(281.867 0 0)
(284.501 0 0)
(287.505 0 0)
(288.563 0 0)
(286.398 0 0)
(282.972 0 0)
(281.857 0 0)
(281.388 0 0)
(281.272 0 0)
(282.19 0 0)
(283.694 0 0)
(282.907 0 0)
(282.531 0 0)
(284.455 0 0)
(285.112 0 0)
(281.752 0 0)
(279.974 0 0)
(284.764 0 0)
(288.074 0 0)
(284.632 0 0)
(278.11 0 0)
(274.386 0 0)
(244.953 0 0)
(68.0479 0 0)
(1.79841 0 0)
(23.4468 0 0)
(20.2436 0 0)
(8.47294 0 0)
(5.33456 0 0)
(-6.58206 0 0)
(1.40118 0 0)
(-4.90978 0 0)
(-5.13842 0 0)
(-4.34062 0 0)
(-8.81444 0 0)
(-2.39683 0 0)
(0.652432 0 0)
(6.14467 0 0)
(12.3231 0 0)
(8.05239 0 0)
(1.33961 0 0)
(-7.63138 0 0)
(-6.53168 0 0)
(-6.07041 0 0)
(3.50589 0 0)
(8.0673 0 0)
(7.36216 0 0)
(0.52501 0 0)
(-4.11837 0 0)
(-7.47172 0 0)
(-4.40498 0 0)
(0.166127 0 0)
(3.06545 0 0)
(4.33292 0 0)
(-0.749703 0 0)
)
;

boundaryField
{
    sides
    {
        type            fixedValue;
        value           uniform (0 0 0);
    }
    empty
    {
        type            empty;
    }
}


// ************************************************************************* //
