/*--------------------------------*- C++ -*----------------------------------*\
| =========                 |                                                 |
| \\      /  F ield         | OpenFOAM: The Open Source CFD Toolbox           |
|  \\    /   O peration     | Version:  2412                                  |
|   \\  /    A nd           | Website:  www.openfoam.com                      |
|    \\/     M anipulation  |                                                 |
\*---------------------------------------------------------------------------*/
FoamFile
{
    version     2.0;
    format      ascii;
    arch        "LSB;label=32;scalar=64";
    class       volVectorField;
    location    "0.0410747";
    object      U;
}
// * * * * * * * * * * * * * * * * * * * * * * * * * * * * * * * * * * * * * //

dimensions      [0 1 -1 0 0 0 0];

internalField   nonuniform List<vector> 
100
(
(1.56795 0 0)
(4.87911 0 0)
(8.13473 0 0)
(11.376 0 0)
(14.6022 0 0)
(17.8147 0 0)
(21.0087 0 0)
(24.1791 0 0)
(27.3352 0 0)
(30.4705 0 0)
(33.5982 0 0)
(36.7119 0 0)
(39.8234 0 0)
(42.917 0 0)
(45.9913 0 0)
(49.0694 0 0)
(52.1984 0 0)
(55.5492 0 0)
(59.301 0 0)
(57.4983 0 0)
(-83.3808 0 0)
(-205.862 0 0)
(-215.402 0 0)
(-200.48 0 0)
(-187.529 0 0)
(-182.297 0 0)
(-179.843 0 0)
(-178.553 0 0)
(-181.282 0 0)
(-189.323 0 0)
(-191.101 0 0)
(-189.62 0 0)
(-187.427 0 0)
(-181.175 0 0)
(-166.102 0 0)
(-156.635 0 0)
(-153.354 0 0)
(-152.645 0 0)
(-155.306 0 0)
(-160.974 0 0)
(-162.363 0 0)
(-161.149 0 0)
(-159.294 0 0)
(-154.719 0 0)
(-148.426 0 0)
(-144.768 0 0)
(-144.005 0 0)
(-144.897 0 0)
(-144.714 0 0)
(-142.36 0 0)
(-136.347 0 0)
(-129.476 0 0)
(-126.463 0 0)
(-126.515 0 0)
(-128.328 0 0)
(-128.533 0 0)
(-126.081 0 0)
(-120.019 0 0)
(-112.72 0 0)
(-109.4 0 0)
(-109.396 0 0)
(-114.046 0 0)
(-117.601 0 0)
(-116.724 0 0)
(-113.24 0 0)
(-103.23 0 0)
(-93.6403 0 0)
(-87.976 0 0)
(-87.9878 0 0)
(-88.3234 0 0)
(-90.4677 0 0)
(-91.782 0 0)
(-89.1306 0 0)
(-89.2934 0 0)
(-84.0862 0 0)
(-81.7493 0 0)
(-79.0069 0 0)
(-77.0604 0 0)
(-73.8955 0 0)
(-69.0505 0 0)
(-68.039 0 0)
(-66.2487 0 0)
(-66.1604 0 0)
(-64.4152 0 0)
(-60.193 0 0)
(-55.7513 0 0)
(-52.7478 0 0)
(-53.2718 0 0)
(-59.8752 0 0)
(-66.4813 0 0)
(-69.2173 0 0)
(-67.1031 0 0)
(-57.7737 0 0)
(-42.3003 0 0)
(-26.7872 0 0)
(-15.0633 0 0)
(-7.00514 0 0)
(-3.78511 0 0)
(-0.239408 0 0)
(-0.0413889 0 0)
)
;

boundaryField
{
    sides
    {
        type            fixedValue;
        value           uniform (0 0 0);
    }
    empty
    {
        type            empty;
    }
}


// ************************************************************************* //
