/*--------------------------------*- C++ -*----------------------------------*\
| =========                 |                                                 |
| \\      /  F ield         | OpenFOAM: The Open Source CFD Toolbox           |
|  \\    /   O peration     | Version:  2412                                  |
|   \\  /    A nd           | Website:  www.openfoam.com                      |
|    \\/     M anipulation  |                                                 |
\*---------------------------------------------------------------------------*/
FoamFile
{
    version     2.0;
    format      ascii;
    arch        "LSB;label=32;scalar=64";
    class       volVectorField;
    location    "0.0119372";
    object      U;
}
// * * * * * * * * * * * * * * * * * * * * * * * * * * * * * * * * * * * * * //

dimensions      [0 1 -1 0 0 0 0];

internalField   nonuniform List<vector> 
100
(
(2.05812e-14 0 0)
(-1.02023e-14 0 0)
(7.8442e-14 0 0)
(9.63901e-14 0 0)
(4.83106e-14 0 0)
(1.84721e-11 0 0)
(8.79103e-09 0 0)
(3.02096e-06 0 0)
(0.000593904 0 0)
(0.0478549 0 0)
(1.10357 0 0)
(7.06618 0 0)
(18.6116 0 0)
(30.5591 0 0)
(40.3572 0 0)
(48.4659 0 0)
(55.7639 0 0)
(62.7698 0 0)
(69.7039 0 0)
(76.6374 0 0)
(83.5836 0 0)
(90.5447 0 0)
(97.515 0 0)
(104.511 0 0)
(111.496 0 0)
(118.557 0 0)
(125.492 0 0)
(132.686 0 0)
(139.381 0 0)
(146.829 0 0)
(153.147 0 0)
(160.774 0 0)
(167.16 0 0)
(174.219 0 0)
(181.381 0 0)
(187.658 0 0)
(195.031 0 0)
(201.46 0 0)
(208.87 0 0)
(215.239 0 0)
(222.575 0 0)
(229.399 0 0)
(236.583 0 0)
(243.356 0 0)
(250.567 0 0)
(256.921 0 0)
(263.252 0 0)
(270.4 0 0)
(276.665 0 0)
(281.406 0 0)
(282.373 0 0)
(282.187 0 0)
(284.482 0 0)
(286.985 0 0)
(285.711 0 0)
(278.236 0 0)
(276.596 0 0)
(285.978 0 0)
(290.108 0 0)
(286.263 0 0)
(276.524 0 0)
(275.792 0 0)
(285.621 0 0)
(289.774 0 0)
(286.746 0 0)
(276.848 0 0)
(277.05 0 0)
(281.914 0 0)
(288.508 0 0)
(288.115 0 0)
(281.406 0 0)
(277.37 0 0)
(278.658 0 0)
(283.383 0 0)
(288.462 0 0)
(285.047 0 0)
(283.771 0 0)
(279.162 0 0)
(277.714 0 0)
(278.936 0 0)
(281.122 0 0)
(283.217 0 0)
(281.855 0 0)
(279.535 0 0)
(281.734 0 0)
(283.707 0 0)
(284.563 0 0)
(282.552 0 0)
(278.471 0 0)
(277.884 0 0)
(277.946 0 0)
(279.32 0 0)
(282.176 0 0)
(284.371 0 0)
(282.379 0 0)
(259.012 0 0)
(61.6583 0 0)
(-17.4233 0 0)
(-36.5137 0 0)
(-52.133 0 0)
)
;

boundaryField
{
    sides
    {
        type            fixedValue;
        value           uniform (0 0 0);
    }
    empty
    {
        type            empty;
    }
}


// ************************************************************************* //
