/*--------------------------------*- C++ -*----------------------------------*\
| =========                 |                                                 |
| \\      /  F ield         | OpenFOAM: The Open Source CFD Toolbox           |
|  \\    /   O peration     | Version:  2412                                  |
|   \\  /    A nd           | Website:  www.openfoam.com                      |
|    \\/     M anipulation  |                                                 |
\*---------------------------------------------------------------------------*/
FoamFile
{
    version     2.0;
    format      ascii;
    arch        "LSB;label=32;scalar=64";
    class       volVectorField;
    location    "0.0260919";
    object      U;
}
// * * * * * * * * * * * * * * * * * * * * * * * * * * * * * * * * * * * * * //

dimensions      [0 1 -1 0 0 0 0];

internalField   nonuniform List<vector> 
100
(
(2.71853 0 0)
(8.17972 0 0)
(13.6182 0 0)
(19.0884 0 0)
(24.5636 0 0)
(30.049 0 0)
(35.5151 0 0)
(41.0567 0 0)
(46.441 0 0)
(52.0897 0 0)
(57.3307 0 0)
(63.0921 0 0)
(68.188 0 0)
(73.9774 0 0)
(79.1502 0 0)
(84.8248 0 0)
(90.2572 0 0)
(95.6678 0 0)
(101.294 0 0)
(106.506 0 0)
(112.225 0 0)
(117.408 0 0)
(123.172 0 0)
(128.437 0 0)
(134.146 0 0)
(139.472 0 0)
(145.08 0 0)
(150.451 0 0)
(155.989 0 0)
(161.441 0 0)
(167.049 0 0)
(172.65 0 0)
(178.343 0 0)
(183.942 0 0)
(189.445 0 0)
(194.765 0 0)
(199.919 0 0)
(204.955 0 0)
(209.932 0 0)
(214.811 0 0)
(219.733 0 0)
(225.526 0 0)
(232.622 0 0)
(239.516 0 0)
(244.088 0 0)
(247.827 0 0)
(251.234 0 0)
(257.468 0 0)
(274.751 0 0)
(287.839 0 0)
(290.476 0 0)
(289.682 0 0)
(289.361 0 0)
(289.372 0 0)
(288.706 0 0)
(285.582 0 0)
(282.534 0 0)
(282.236 0 0)
(280.455 0 0)
(280.032 0 0)
(283.712 0 0)
(286.202 0 0)
(282.272 0 0)
(280.719 0 0)
(282.086 0 0)
(219.215 0 0)
(50.0579 0 0)
(3.61312 0 0)
(18.7809 0 0)
(10.2505 0 0)
(8.74393 0 0)
(-7.59662 0 0)
(-9.7129 0 0)
(-0.584847 0 0)
(-8.34592 0 0)
(-2.6373 0 0)
(-8.96413 0 0)
(-3.6957 0 0)
(5.27738 0 0)
(8.20516 0 0)
(14.228 0 0)
(7.29701 0 0)
(-1.57933 0 0)
(-6.44586 0 0)
(-8.30222 0 0)
(-1.25396 0 0)
(6.5846 0 0)
(8.44733 0 0)
(3.4389 0 0)
(-6.73569 0 0)
(-11.3029 0 0)
(-8.40744 0 0)
(-2.62777 0 0)
(3.38495 0 0)
(6.81142 0 0)
(6.05884 0 0)
(5.07342 0 0)
(0.754443 0 0)
(-1.44192 0 0)
(-0.377316 0 0)
)
;

boundaryField
{
    sides
    {
        type            fixedValue;
        value           uniform (0 0 0);
    }
    empty
    {
        type            empty;
    }
}


// ************************************************************************* //
