/*--------------------------------*- C++ -*----------------------------------*\
| =========                 |                                                 |
| \\      /  F ield         | OpenFOAM: The Open Source CFD Toolbox           |
|  \\    /   O peration     | Version:  2412                                  |
|   \\  /    A nd           | Website:  www.openfoam.com                      |
|    \\/     M anipulation  |                                                 |
\*---------------------------------------------------------------------------*/
FoamFile
{
    version     2.0;
    format      ascii;
    arch        "LSB;label=32;scalar=64";
    class       volVectorField;
    location    "0.0348981";
    object      U;
}
// * * * * * * * * * * * * * * * * * * * * * * * * * * * * * * * * * * * * * //

dimensions      [0 1 -1 0 0 0 0];

internalField   nonuniform List<vector> 
100
(
(1.88416 0 0)
(5.79919 0 0)
(9.56534 0 0)
(13.5283 0 0)
(17.2161 0 0)
(21.2986 0 0)
(24.8563 0 0)
(29.0571 0 0)
(32.5225 0 0)
(36.7225 0 0)
(40.3158 0 0)
(44.3233 0 0)
(48.1888 0 0)
(51.9585 0 0)
(56.0415 0 0)
(59.6201 0 0)
(63.7739 0 0)
(67.3359 0 0)
(71.4759 0 0)
(75.1133 0 0)
(79.1964 0 0)
(82.9185 0 0)
(86.9184 0 0)
(90.6992 0 0)
(94.6321 0 0)
(98.4464 0 0)
(102.331 0 0)
(106.148 0 0)
(109.981 0 0)
(113.779 0 0)
(117.592 0 0)
(121.398 0 0)
(125.236 0 0)
(129.033 0 0)
(132.827 0 0)
(136.548 0 0)
(140.234 0 0)
(143.946 0 0)
(147.494 0 0)
(151 0 0)
(154.688 0 0)
(156.344 0 0)
(46.0973 0 0)
(-113.177 0 0)
(-131.916 0 0)
(-115.9 0 0)
(-107.095 0 0)
(-105.602 0 0)
(-105.77 0 0)
(-106.311 0 0)
(-106.962 0 0)
(-106.093 0 0)
(-101.978 0 0)
(-95.2395 0 0)
(-90.1618 0 0)
(-89.3889 0 0)
(-88.2968 0 0)
(-88.1375 0 0)
(-87.9232 0 0)
(-87.1636 0 0)
(-84.3085 0 0)
(-78.0746 0 0)
(-70.4821 0 0)
(-62.9593 0 0)
(-62.7417 0 0)
(-61.2734 0 0)
(-61.3348 0 0)
(-61.5126 0 0)
(-57.2847 0 0)
(-57.3008 0 0)
(-50.5673 0 0)
(-50.1672 0 0)
(-47.1275 0 0)
(-46.263 0 0)
(-45.354 0 0)
(-39.3869 0 0)
(-35.3963 0 0)
(-29.5688 0 0)
(-28.902 0 0)
(-29.5449 0 0)
(-29.9001 0 0)
(-26.9817 0 0)
(-18.4048 0 0)
(-4.48632 0 0)
(8.88177 0 0)
(10.9909 0 0)
(6.79977 0 0)
(0.999947 0 0)
(-0.404408 0 0)
(-0.732089 0 0)
(1.0997 0 0)
(2.87313 0 0)
(3.38919 0 0)
(1.73564 0 0)
(-1.27904 0 0)
(-3.60056 0 0)
(-3.87032 0 0)
(-2.70594 0 0)
(-0.301203 0 0)
(-0.49187 0 0)
)
;

boundaryField
{
    sides
    {
        type            fixedValue;
        value           uniform (0 0 0);
    }
    empty
    {
        type            empty;
    }
}


// ************************************************************************* //
