/*--------------------------------*- C++ -*----------------------------------*\
| =========                 |                                                 |
| \\      /  F ield         | OpenFOAM: The Open Source CFD Toolbox           |
|  \\    /   O peration     | Version:  2412                                  |
|   \\  /    A nd           | Website:  www.openfoam.com                      |
|    \\/     M anipulation  |                                                 |
\*---------------------------------------------------------------------------*/
FoamFile
{
    version     2.0;
    format      ascii;
    arch        "LSB;label=32;scalar=64";
    class       volVectorField;
    location    "0.0115611";
    object      U;
}
// * * * * * * * * * * * * * * * * * * * * * * * * * * * * * * * * * * * * * //

dimensions      [0 1 -1 0 0 0 0];

internalField   nonuniform List<vector> 
100
(
(5.2876e-14 0 0)
(2.241e-14 0 0)
(6.24276e-14 0 0)
(3.93587e-14 0 0)
(-3.98865e-14 0 0)
(-1.37438e-14 0 0)
(5.9089e-12 0 0)
(2.83977e-09 0 0)
(1.04637e-06 0 0)
(0.000233224 0 0)
(0.0228362 0 0)
(0.681121 0 0)
(5.44177 0 0)
(16.3964 0 0)
(28.7891 0 0)
(39.22 0 0)
(47.7951 0 0)
(55.4178 0 0)
(62.6783 0 0)
(69.8403 0 0)
(76.9927 0 0)
(84.1575 0 0)
(91.3341 0 0)
(98.5312 0 0)
(105.73 0 0)
(112.982 0 0)
(120.163 0 0)
(127.528 0 0)
(134.535 0 0)
(142.131 0 0)
(148.748 0 0)
(156.618 0 0)
(163.088 0 0)
(170.614 0 0)
(177.783 0 0)
(184.355 0 0)
(192.001 0 0)
(198.568 0 0)
(206.146 0 0)
(212.709 0 0)
(220.379 0 0)
(227.324 0 0)
(234.686 0 0)
(241.744 0 0)
(249.038 0 0)
(255.578 0 0)
(262.846 0 0)
(269.892 0 0)
(276.02 0 0)
(279.215 0 0)
(281.925 0 0)
(284.732 0 0)
(287.283 0 0)
(286.653 0 0)
(278.897 0 0)
(277.403 0 0)
(283.767 0 0)
(289.886 0 0)
(287.998 0 0)
(276.69 0 0)
(275.841 0 0)
(283.276 0 0)
(289.646 0 0)
(288.106 0 0)
(277.471 0 0)
(277.137 0 0)
(281.086 0 0)
(288.448 0 0)
(288.586 0 0)
(282.38 0 0)
(277.368 0 0)
(278.543 0 0)
(282.601 0 0)
(288.114 0 0)
(285.171 0 0)
(283.925 0 0)
(279.441 0 0)
(277.817 0 0)
(279.24 0 0)
(281.67 0 0)
(282.534 0 0)
(280.732 0 0)
(281.653 0 0)
(283.898 0 0)
(284.491 0 0)
(281.07 0 0)
(277.971 0 0)
(277.9 0 0)
(278.047 0 0)
(279.97 0 0)
(283.041 0 0)
(283.449 0 0)
(283.022 0 0)
(281.499 0 0)
(279.396 0 0)
(282.852 0 0)
(241.822 0 0)
(65.2224 0 0)
(-37.7009 0 0)
(-26.4906 0 0)
)
;

boundaryField
{
    sides
    {
        type            fixedValue;
        value           uniform (0 0 0);
    }
    empty
    {
        type            empty;
    }
}


// ************************************************************************* //
