/*--------------------------------*- C++ -*----------------------------------*\
| =========                 |                                                 |
| \\      /  F ield         | OpenFOAM: The Open Source CFD Toolbox           |
|  \\    /   O peration     | Version:  2412                                  |
|   \\  /    A nd           | Website:  www.openfoam.com                      |
|    \\/     M anipulation  |                                                 |
\*---------------------------------------------------------------------------*/
FoamFile
{
    version     2.0;
    format      ascii;
    arch        "LSB;label=32;scalar=64";
    class       volVectorField;
    location    "0.0530191";
    object      U;
}
// * * * * * * * * * * * * * * * * * * * * * * * * * * * * * * * * * * * * * //

dimensions      [0 1 -1 0 0 0 0];

internalField   nonuniform List<vector> 
100
(
(-6.3793 0 0)
(-12.7169 0 0)
(-2.91907 0 0)
(8.42043 0 0)
(11.8105 0 0)
(1.11764 0 0)
(-17.6151 0 0)
(-24.9678 0 0)
(-16.683 0 0)
(7.62781 0 0)
(26.5158 0 0)
(30.2287 0 0)
(19.0542 0 0)
(-7.68979 0 0)
(-30.5658 0 0)
(-25.312 0 0)
(-45.9854 0 0)
(-170.94 0 0)
(-229.993 0 0)
(-227.696 0 0)
(-225.376 0 0)
(-219.633 0 0)
(-216.319 0 0)
(-214.675 0 0)
(-213.838 0 0)
(-216.356 0 0)
(-219.563 0 0)
(-218.985 0 0)
(-217.002 0 0)
(-211.447 0 0)
(-203.389 0 0)
(-200.406 0 0)
(-200.096 0 0)
(-215.76 0 0)
(-232.946 0 0)
(-234.191 0 0)
(-232.431 0 0)
(-230.088 0 0)
(-220.683 0 0)
(-192.984 0 0)
(-170.99 0 0)
(-164.106 0 0)
(-162.089 0 0)
(-161.376 0 0)
(-160.276 0 0)
(-157.832 0 0)
(-153.262 0 0)
(-149.319 0 0)
(-147.5 0 0)
(-146.601 0 0)
(-145.756 0 0)
(-145.735 0 0)
(-146.48 0 0)
(-146.604 0 0)
(-145.839 0 0)
(-144.504 0 0)
(-140.813 0 0)
(-131.747 0 0)
(-122.384 0 0)
(-116.876 0 0)
(-113.592 0 0)
(-111.967 0 0)
(-111.176 0 0)
(-110.673 0 0)
(-110.424 0 0)
(-109.943 0 0)
(-108.253 0 0)
(-104.557 0 0)
(-98.6704 0 0)
(-93.7551 0 0)
(-90.0587 0 0)
(-87.024 0 0)
(-84.6094 0 0)
(-81.6188 0 0)
(-78.699 0 0)
(-75.1318 0 0)
(-72.365 0 0)
(-68.9376 0 0)
(-65.8679 0 0)
(-62.8983 0 0)
(-59.1766 0 0)
(-57.0949 0 0)
(-53.615 0 0)
(-51.28 0 0)
(-48.2623 0 0)
(-44.955 0 0)
(-41.5703 0 0)
(-37.5916 0 0)
(-35.0724 0 0)
(-31.7039 0 0)
(-29.1013 0 0)
(-25.8791 0 0)
(-23.1109 0 0)
(-19.8447 0 0)
(-16.7342 0 0)
(-13.7846 0 0)
(-10.7412 0 0)
(-8.19988 0 0)
(-4.90189 0 0)
(-2.07144 0 0)
)
;

boundaryField
{
    sides
    {
        type            fixedValue;
        value           uniform (0 0 0);
    }
    empty
    {
        type            empty;
    }
}


// ************************************************************************* //
