/*--------------------------------*- C++ -*----------------------------------*\
| =========                 |                                                 |
| \\      /  F ield         | OpenFOAM: The Open Source CFD Toolbox           |
|  \\    /   O peration     | Version:  2412                                  |
|   \\  /    A nd           | Website:  www.openfoam.com                      |
|    \\/     M anipulation  |                                                 |
\*---------------------------------------------------------------------------*/
FoamFile
{
    version     2.0;
    format      ascii;
    arch        "LSB;label=32;scalar=64";
    class       volVectorField;
    location    "0.039275";
    object      U;
}
// * * * * * * * * * * * * * * * * * * * * * * * * * * * * * * * * * * * * * //

dimensions      [0 1 -1 0 0 0 0];

internalField   nonuniform List<vector> 
100
(
(1.61342 0 0)
(4.77002 0 0)
(7.99921 0 0)
(11.2959 0 0)
(14.6475 0 0)
(18.1209 0 0)
(21.6281 0 0)
(25.1277 0 0)
(28.5925 0 0)
(31.9763 0 0)
(35.3394 0 0)
(38.7001 0 0)
(42.0647 0 0)
(45.4241 0 0)
(48.8064 0 0)
(52.1804 0 0)
(55.5673 0 0)
(58.9651 0 0)
(62.3407 0 0)
(65.7143 0 0)
(69.087 0 0)
(72.4402 0 0)
(75.7422 0 0)
(78.991 0 0)
(82.4302 0 0)
(86.1001 0 0)
(81.3682 0 0)
(-70.5658 0 0)
(-179.108 0 0)
(-185.515 0 0)
(-178.616 0 0)
(-175.733 0 0)
(-173.678 0 0)
(-166.018 0 0)
(-158.087 0 0)
(-155.303 0 0)
(-154.894 0 0)
(-158.303 0 0)
(-163.039 0 0)
(-163.352 0 0)
(-161.888 0 0)
(-158.925 0 0)
(-149.957 0 0)
(-136.827 0 0)
(-130.883 0 0)
(-128.963 0 0)
(-129.7 0 0)
(-132.962 0 0)
(-134.6 0 0)
(-134.038 0 0)
(-132.713 0 0)
(-129.807 0 0)
(-124.118 0 0)
(-119.333 0 0)
(-117.777 0 0)
(-117.816 0 0)
(-117.387 0 0)
(-115.288 0 0)
(-109.584 0 0)
(-103.294 0 0)
(-100.253 0 0)
(-100.276 0 0)
(-101.017 0 0)
(-100.122 0 0)
(-97.9029 0 0)
(-90.9833 0 0)
(-85.9838 0 0)
(-82.1307 0 0)
(-84.4367 0 0)
(-88.1186 0 0)
(-88.2675 0 0)
(-88.5745 0 0)
(-80.0736 0 0)
(-71.8985 0 0)
(-63.8201 0 0)
(-61.4663 0 0)
(-61.9444 0 0)
(-62.5632 0 0)
(-63.8359 0 0)
(-61.3587 0 0)
(-60.2963 0 0)
(-56.8662 0 0)
(-53.9872 0 0)
(-51.5997 0 0)
(-49.5242 0 0)
(-46.9921 0 0)
(-44.4294 0 0)
(-41.5412 0 0)
(-39.912 0 0)
(-38.1152 0 0)
(-35.9776 0 0)
(-32.9653 0 0)
(-29.5624 0 0)
(-28.3885 0 0)
(-28.8917 0 0)
(-35.0079 0 0)
(-39.3842 0 0)
(-37.4959 0 0)
(-28.4916 0 0)
(-9.62836 0 0)
)
;

boundaryField
{
    sides
    {
        type            fixedValue;
        value           uniform (0 0 0);
    }
    empty
    {
        type            empty;
    }
}


// ************************************************************************* //
