/*--------------------------------*- C++ -*----------------------------------*\
| =========                 |                                                 |
| \\      /  F ield         | OpenFOAM: The Open Source CFD Toolbox           |
|  \\    /   O peration     | Version:  2412                                  |
|   \\  /    A nd           | Website:  www.openfoam.com                      |
|    \\/     M anipulation  |                                                 |
\*---------------------------------------------------------------------------*/
FoamFile
{
    version     2.0;
    format      ascii;
    arch        "LSB;label=32;scalar=64";
    class       volVectorField;
    location    "0.0107474";
    object      U;
}
// * * * * * * * * * * * * * * * * * * * * * * * * * * * * * * * * * * * * * //

dimensions      [0 1 -1 0 0 0 0];

internalField   nonuniform List<vector> 
100
(
(-7.67226e-14 0 0)
(-1.64829e-14 0 0)
(6.26198e-15 0 0)
(5.86978e-15 0 0)
(8.93329e-14 0 0)
(1.31426e-13 0 0)
(7.29149e-14 0 0)
(2.2279e-14 0 0)
(3.01206e-13 0 0)
(8.73261e-11 0 0)
(3.83967e-08 0 0)
(1.17162e-05 0 0)
(0.00190314 0 0)
(0.116845 0 0)
(1.95292 0 0)
(9.75287 0 0)
(22.3815 0 0)
(34.5703 0 0)
(44.6205 0 0)
(53.2182 0 0)
(61.1668 0 0)
(68.8974 0 0)
(76.5796 0 0)
(84.2656 0 0)
(91.9613 0 0)
(99.685 0 0)
(107.401 0 0)
(115.202 0 0)
(122.868 0 0)
(130.837 0 0)
(138.226 0 0)
(146.512 0 0)
(153.469 0 0)
(161.912 0 0)
(169.035 0 0)
(176.642 0 0)
(184.732 0 0)
(191.547 0 0)
(199.694 0 0)
(206.843 0 0)
(215.065 0 0)
(222.211 0 0)
(230.271 0 0)
(237.688 0 0)
(245.484 0 0)
(253.353 0 0)
(261.361 0 0)
(266.771 0 0)
(272.612 0 0)
(279.552 0 0)
(286.102 0 0)
(288.601 0 0)
(281.831 0 0)
(278.548 0 0)
(281.261 0 0)
(288.362 0 0)
(289.011 0 0)
(277.799 0 0)
(275.95 0 0)
(281.333 0 0)
(289.213 0 0)
(289.13 0 0)
(278.859 0 0)
(277.396 0 0)
(280.951 0 0)
(288.645 0 0)
(288.472 0 0)
(282.475 0 0)
(277.036 0 0)
(277.694 0 0)
(282.78 0 0)
(288.031 0 0)
(285.17 0 0)
(284.873 0 0)
(279.402 0 0)
(278.315 0 0)
(280.15 0 0)
(281.373 0 0)
(282.092 0 0)
(284.001 0 0)
(283.395 0 0)
(278.7 0 0)
(277.519 0 0)
(278.194 0 0)
(279.524 0 0)
(282.454 0 0)
(283.393 0 0)
(283.113 0 0)
(281.241 0 0)
(279.761 0 0)
(279.695 0 0)
(280.877 0 0)
(283.408 0 0)
(283.766 0 0)
(283.637 0 0)
(281.132 0 0)
(276.172 0 0)
(278.413 0 0)
(216.673 0 0)
(167.034 0 0)
)
;

boundaryField
{
    sides
    {
        type            fixedValue;
        value           uniform (0 0 0);
    }
    empty
    {
        type            empty;
    }
}


// ************************************************************************* //
