/*--------------------------------*- C++ -*----------------------------------*\
| =========                 |                                                 |
| \\      /  F ield         | OpenFOAM: The Open Source CFD Toolbox           |
|  \\    /   O peration     | Version:  2412                                  |
|   \\  /    A nd           | Website:  www.openfoam.com                      |
|    \\/     M anipulation  |                                                 |
\*---------------------------------------------------------------------------*/
FoamFile
{
    version     2.0;
    format      ascii;
    arch        "LSB;label=32;scalar=64";
    class       volVectorField;
    location    "0.0197759";
    object      U;
}
// * * * * * * * * * * * * * * * * * * * * * * * * * * * * * * * * * * * * * //

dimensions      [0 1 -1 0 0 0 0];

internalField   nonuniform List<vector> 
100
(
(3.80641 0 0)
(11.6101 0 0)
(19.2822 0 0)
(26.9284 0 0)
(34.7179 0 0)
(42.4404 0 0)
(50.117 0 0)
(57.6313 0 0)
(65.022 0 0)
(72.4484 0 0)
(80.0946 0 0)
(88.1765 0 0)
(96.6584 0 0)
(106.091 0 0)
(116.602 0 0)
(128.159 0 0)
(139.128 0 0)
(150.214 0 0)
(159.158 0 0)
(165.819 0 0)
(168.559 0 0)
(171.502 0 0)
(174.23 0 0)
(177.404 0 0)
(181.613 0 0)
(186.261 0 0)
(191.271 0 0)
(195.289 0 0)
(199.741 0 0)
(203.62 0 0)
(208.064 0 0)
(212.137 0 0)
(216.606 0 0)
(220.783 0 0)
(225.152 0 0)
(229.37 0 0)
(233.723 0 0)
(238.01 0 0)
(242.308 0 0)
(246.557 0 0)
(250.789 0 0)
(255.029 0 0)
(259.323 0 0)
(263.533 0 0)
(267.292 0 0)
(271.317 0 0)
(275.504 0 0)
(278.729 0 0)
(281.437 0 0)
(283.717 0 0)
(284.329 0 0)
(284.032 0 0)
(283.706 0 0)
(282.846 0 0)
(282.062 0 0)
(283.3 0 0)
(285.338 0 0)
(284.636 0 0)
(279.98 0 0)
(278.561 0 0)
(286.728 0 0)
(289.328 0 0)
(283.634 0 0)
(275.633 0 0)
(276.221 0 0)
(290.975 0 0)
(292.087 0 0)
(281.061 0 0)
(271.872 0 0)
(274.1 0 0)
(292.052 0 0)
(291.538 0 0)
(282.7 0 0)
(272.173 0 0)
(272.634 0 0)
(288.757 0 0)
(292.19 0 0)
(288.949 0 0)
(202.779 0 0)
(43.2911 0 0)
(11.9433 0 0)
(0.215359 0 0)
(6.36738 0 0)
(23.7002 0 0)
(13.7983 0 0)
(16.6812 0 0)
(20.9836 0 0)
(18.5287 0 0)
(12.0943 0 0)
(8.22719 0 0)
(3.45401 0 0)
(6.59157 0 0)
(8.27886 0 0)
(5.1475 0 0)
(-3.74728 0 0)
(-13.4609 0 0)
(-18.3858 0 0)
(-17.1019 0 0)
(-9.85915 0 0)
(-6.02725 0 0)
)
;

boundaryField
{
    sides
    {
        type            fixedValue;
        value           uniform (0 0 0);
    }
    empty
    {
        type            empty;
    }
}


// ************************************************************************* //
