/*--------------------------------*- C++ -*----------------------------------*\
| =========                 |                                                 |
| \\      /  F ield         | OpenFOAM: The Open Source CFD Toolbox           |
|  \\    /   O peration     | Version:  2412                                  |
|   \\  /    A nd           | Website:  www.openfoam.com                      |
|    \\/     M anipulation  |                                                 |
\*---------------------------------------------------------------------------*/
FoamFile
{
    version     2.0;
    format      ascii;
    arch        "LSB;label=32;scalar=64";
    class       volVectorField;
    location    "0.0263561";
    object      U;
}
// * * * * * * * * * * * * * * * * * * * * * * * * * * * * * * * * * * * * * //

dimensions      [0 1 -1 0 0 0 0];

internalField   nonuniform List<vector> 
100
(
(2.67182 0 0)
(8.0515 0 0)
(13.4257 0 0)
(18.8381 0 0)
(24.2493 0 0)
(29.674 0 0)
(35.0633 0 0)
(40.541 0 0)
(45.8482 0 0)
(51.4415 0 0)
(56.5973 0 0)
(62.299 0 0)
(67.3249 0 0)
(73.0495 0 0)
(78.1792 0 0)
(83.7649 0 0)
(89.1521 0 0)
(94.4754 0 0)
(100.05 0 0)
(105.184 0 0)
(110.846 0 0)
(115.969 0 0)
(121.658 0 0)
(126.86 0 0)
(132.503 0 0)
(137.786 0 0)
(143.348 0 0)
(148.67 0 0)
(154.136 0 0)
(159.487 0 0)
(164.95 0 0)
(170.402 0 0)
(175.98 0 0)
(181.562 0 0)
(187.15 0 0)
(192.623 0 0)
(197.92 0 0)
(203.03 0 0)
(208.048 0 0)
(212.969 0 0)
(217.651 0 0)
(222.335 0 0)
(227.772 0 0)
(234.316 0 0)
(241.408 0 0)
(246.948 0 0)
(250.756 0 0)
(252.707 0 0)
(255.466 0 0)
(266.049 0 0)
(284.153 0 0)
(289.7 0 0)
(289.341 0 0)
(289.49 0 0)
(289.369 0 0)
(288.946 0 0)
(287.848 0 0)
(284.46 0 0)
(282.153 0 0)
(279.84 0 0)
(280.665 0 0)
(284.651 0 0)
(284.735 0 0)
(281.639 0 0)
(269.469 0 0)
(110.981 0 0)
(13.8611 0 0)
(2.27809 0 0)
(15.9362 0 0)
(5.76486 0 0)
(5.02703 0 0)
(-8.72765 0 0)
(-11.3865 0 0)
(-4.3133 0 0)
(-8.67309 0 0)
(2.36145 0 0)
(-1.2728 0 0)
(0.640399 0 0)
(5.84286 0 0)
(5.20735 0 0)
(8.38746 0 0)
(2.36271 0 0)
(-2.78389 0 0)
(-3.23736 0 0)
(-2.84455 0 0)
(1.48362 0 0)
(5.91969 0 0)
(5.76826 0 0)
(-1.26974 0 0)
(-8.69204 0 0)
(-9.70136 0 0)
(-5.61033 0 0)
(-0.355864 0 0)
(4.24276 0 0)
(7.59604 0 0)
(7.12562 0 0)
(3.11255 0 0)
(-1.78942 0 0)
(-3.12375 0 0)
(-2.18665 0 0)
)
;

boundaryField
{
    sides
    {
        type            fixedValue;
        value           uniform (0 0 0);
    }
    empty
    {
        type            empty;
    }
}


// ************************************************************************* //
