/*--------------------------------*- C++ -*----------------------------------*\
| =========                 |                                                 |
| \\      /  F ield         | OpenFOAM: The Open Source CFD Toolbox           |
|  \\    /   O peration     | Version:  2412                                  |
|   \\  /    A nd           | Website:  www.openfoam.com                      |
|    \\/     M anipulation  |                                                 |
\*---------------------------------------------------------------------------*/
FoamFile
{
    version     2.0;
    format      ascii;
    arch        "LSB;label=32;scalar=64";
    class       volVectorField;
    location    "0.0292273";
    object      U;
}
// * * * * * * * * * * * * * * * * * * * * * * * * * * * * * * * * * * * * * //

dimensions      [0 1 -1 0 0 0 0];

internalField   nonuniform List<vector> 
100
(
(2.37397 0 0)
(7.15994 0 0)
(11.8945 0 0)
(16.6701 0 0)
(21.3771 0 0)
(26.1946 0 0)
(30.8279 0 0)
(35.7242 0 0)
(40.228 0 0)
(45.2568 0 0)
(49.6313 0 0)
(54.7051 0 0)
(59.1607 0 0)
(64.1287 0 0)
(68.8505 0 0)
(73.5945 0 0)
(78.5494 0 0)
(83.0993 0 0)
(88.1648 0 0)
(92.666 0 0)
(97.7366 0 0)
(102.292 0 0)
(107.309 0 0)
(111.951 0 0)
(116.896 0 0)
(121.597 0 0)
(126.481 0 0)
(131.23 0 0)
(136.072 0 0)
(140.842 0 0)
(145.659 0 0)
(150.442 0 0)
(155.24 0 0)
(160.016 0 0)
(164.788 0 0)
(169.558 0 0)
(174.316 0 0)
(179.065 0 0)
(183.841 0 0)
(188.622 0 0)
(193.261 0 0)
(197.805 0 0)
(202.415 0 0)
(206.883 0 0)
(211.095 0 0)
(215.209 0 0)
(219.227 0 0)
(222.673 0 0)
(225.274 0 0)
(227.129 0 0)
(229.098 0 0)
(231.111 0 0)
(232.913 0 0)
(235.174 0 0)
(236.616 0 0)
(237.534 0 0)
(237.861 0 0)
(239.48 0 0)
(227.046 0 0)
(51.5478 0 0)
(-33.805 0 0)
(-40.7289 0 0)
(-36.5047 0 0)
(-24.7216 0 0)
(-12.7638 0 0)
(1.81789 0 0)
(10.974 0 0)
(10.9276 0 0)
(12.2446 0 0)
(1.55164 0 0)
(4.44096 0 0)
(-1.53965 0 0)
(-3.06001 0 0)
(-0.109096 0 0)
(-3.63828 0 0)
(2.6073 0 0)
(1.1987 0 0)
(3.8416 0 0)
(-0.281699 0 0)
(-4.11687 0 0)
(-3.61151 0 0)
(-4.11366 0 0)
(0.607351 0 0)
(5.35289 0 0)
(6.27629 0 0)
(5.00194 0 0)
(-1.07532 0 0)
(-4.40995 0 0)
(-5.65239 0 0)
(-2.17006 0 0)
(1.11383 0 0)
(3.29187 0 0)
(3.17639 0 0)
(0.278424 0 0)
(-3.73423 0 0)
(-3.83067 0 0)
(-1.18877 0 0)
(1.53697 0 0)
(3.98268 0 0)
(1.80786 0 0)
)
;

boundaryField
{
    sides
    {
        type            fixedValue;
        value           uniform (0 0 0);
    }
    empty
    {
        type            empty;
    }
}


// ************************************************************************* //
