/*--------------------------------*- C++ -*----------------------------------*\
| =========                 |                                                 |
| \\      /  F ield         | OpenFOAM: The Open Source CFD Toolbox           |
|  \\    /   O peration     | Version:  2412                                  |
|   \\  /    A nd           | Website:  www.openfoam.com                      |
|    \\/     M anipulation  |                                                 |
\*---------------------------------------------------------------------------*/
FoamFile
{
    version     2.0;
    format      ascii;
    arch        "LSB;label=32;scalar=64";
    class       volVectorField;
    location    "0.0548863";
    object      U;
}
// * * * * * * * * * * * * * * * * * * * * * * * * * * * * * * * * * * * * * //

dimensions      [0 1 -1 0 0 0 0];

internalField   nonuniform List<vector> 
100
(
(-12.1257 0 0)
(-19.0895 0 0)
(-10.6487 0 0)
(8.15552 0 0)
(22.5134 0 0)
(26.1457 0 0)
(14.3309 0 0)
(-7.86275 0 0)
(-20.7036 0 0)
(-14.0519 0 0)
(-4.15813 0 0)
(2.83042 0 0)
(2.86987 0 0)
(-2.08266 0 0)
(-4.64238 0 0)
(2.48238 0 0)
(9.08285 0 0)
(7.04521 0 0)
(-3.63081 0 0)
(-11.5128 0 0)
(-22.3268 0 0)
(-134.069 0 0)
(-218.594 0 0)
(-235.788 0 0)
(-255.151 0 0)
(-256.51 0 0)
(-254.915 0 0)
(-252.575 0 0)
(-246.341 0 0)
(-219.567 0 0)
(-191.799 0 0)
(-183.283 0 0)
(-181.233 0 0)
(-180.852 0 0)
(-180.429 0 0)
(-179.608 0 0)
(-177.443 0 0)
(-172.852 0 0)
(-167.847 0 0)
(-165.727 0 0)
(-164.644 0 0)
(-163.916 0 0)
(-163.821 0 0)
(-165.127 0 0)
(-165.983 0 0)
(-165.608 0 0)
(-164.618 0 0)
(-163.016 0 0)
(-157.866 0 0)
(-145.765 0 0)
(-136.276 0 0)
(-132.163 0 0)
(-130.602 0 0)
(-129.847 0 0)
(-129.136 0 0)
(-128.904 0 0)
(-129.062 0 0)
(-128.71 0 0)
(-127.591 0 0)
(-124.435 0 0)
(-118.173 0 0)
(-112.16 0 0)
(-108.466 0 0)
(-105.777 0 0)
(-103.614 0 0)
(-101.307 0 0)
(-98.51 0 0)
(-95.4102 0 0)
(-92.1891 0 0)
(-89.122 0 0)
(-86.135 0 0)
(-83.0662 0 0)
(-80.1752 0 0)
(-77.1503 0 0)
(-74.6702 0 0)
(-71.9851 0 0)
(-69.5855 0 0)
(-66.5566 0 0)
(-63.2184 0 0)
(-59.7746 0 0)
(-56.5777 0 0)
(-54.0962 0 0)
(-50.6716 0 0)
(-48.48 0 0)
(-45.5394 0 0)
(-42.7605 0 0)
(-39.9838 0 0)
(-36.8685 0 0)
(-34.4365 0 0)
(-31.1106 0 0)
(-28.3731 0 0)
(-24.7303 0 0)
(-21.6059 0 0)
(-18.2105 0 0)
(-15.4668 0 0)
(-12.9552 0 0)
(-10.4021 0 0)
(-8.07483 0 0)
(-4.92281 0 0)
(-1.80739 0 0)
)
;

boundaryField
{
    sides
    {
        type            fixedValue;
        value           uniform (0 0 0);
    }
    empty
    {
        type            empty;
    }
}


// ************************************************************************* //
