/*--------------------------------*- C++ -*----------------------------------*\
| =========                 |                                                 |
| \\      /  F ield         | OpenFOAM: The Open Source CFD Toolbox           |
|  \\    /   O peration     | Version:  2412                                  |
|   \\  /    A nd           | Website:  www.openfoam.com                      |
|    \\/     M anipulation  |                                                 |
\*---------------------------------------------------------------------------*/
FoamFile
{
    version     2.0;
    format      ascii;
    arch        "LSB;label=32;scalar=64";
    class       volVectorField;
    location    "0.00410695";
    object      U;
}
// * * * * * * * * * * * * * * * * * * * * * * * * * * * * * * * * * * * * * //

dimensions      [0 1 -1 0 0 0 0];

internalField   nonuniform List<vector> 
100
(
(-1.46756e-14 0 0)
(-8.99247e-14 0 0)
(-1.32174e-13 0 0)
(-7.55764e-14 0 0)
(1.67108e-14 0 0)
(1.05511e-13 0 0)
(3.01526e-14 0 0)
(-6.75646e-14 0 0)
(-1.72013e-13 0 0)
(-1.11058e-13 0 0)
(-8.76397e-14 0 0)
(-4.14764e-14 0 0)
(-6.46083e-14 0 0)
(-6.51461e-14 0 0)
(-5.58737e-14 0 0)
(-6.92937e-14 0 0)
(5.86134e-15 0 0)
(6.44531e-14 0 0)
(3.94041e-14 0 0)
(1.72759e-15 0 0)
(4.82618e-14 0 0)
(1.35482e-13 0 0)
(1.92256e-13 0 0)
(2.31359e-13 0 0)
(1.16236e-13 0 0)
(1.08996e-13 0 0)
(1.34652e-13 0 0)
(1.10656e-13 0 0)
(1.59378e-13 0 0)
(2.77764e-13 0 0)
(8.60001e-11 0 0)
(4.12288e-08 0 0)
(1.34436e-05 0 0)
(0.00232286 0 0)
(0.152032 0 0)
(2.71614 0 0)
(14.4076 0 0)
(35.0428 0 0)
(57.2954 0 0)
(78.278 0 0)
(97.3849 0 0)
(117.574 0 0)
(135.035 0 0)
(156.768 0 0)
(173.874 0 0)
(189.837 0 0)
(212.729 0 0)
(230.778 0 0)
(244.568 0 0)
(262.285 0 0)
(285.47 0 0)
(293.104 0 0)
(281.444 0 0)
(277.372 0 0)
(282.088 0 0)
(287.572 0 0)
(286.676 0 0)
(278.511 0 0)
(276.504 0 0)
(278.049 0 0)
(280.728 0 0)
(285.51 0 0)
(286.641 0 0)
(280.098 0 0)
(274.443 0 0)
(274.267 0 0)
(276.329 0 0)
(292.051 0 0)
(294.787 0 0)
(234.397 0 0)
(39.0403 0 0)
(0.213529 0 0)
(8.18364e-05 0 0)
(7.67096e-09 0 0)
(7.64114e-13 0 0)
(3.47536e-14 0 0)
(7.13326e-15 0 0)
(-2.06752e-14 0 0)
(-1.04363e-13 0 0)
(-1.41753e-13 0 0)
(-1.32363e-13 0 0)
(1.78507e-14 0 0)
(5.43505e-14 0 0)
(-1.68728e-13 0 0)
(-2.05246e-13 0 0)
(-1.82177e-13 0 0)
(-1.77486e-13 0 0)
(-1.13209e-13 0 0)
(-2.44825e-13 0 0)
(-1.92346e-13 0 0)
(-5.74119e-14 0 0)
(-9.78054e-14 0 0)
(-2.01862e-13 0 0)
(-2.51782e-13 0 0)
(-3.2444e-13 0 0)
(-1.95841e-13 0 0)
(-6.19476e-14 0 0)
(-4.8544e-14 0 0)
(-7.05375e-14 0 0)
(-1.20953e-13 0 0)
)
;

boundaryField
{
    sides
    {
        type            fixedValue;
        value           uniform (0 0 0);
    }
    empty
    {
        type            empty;
    }
}


// ************************************************************************* //
