/*--------------------------------*- C++ -*----------------------------------*\
| =========                 |                                                 |
| \\      /  F ield         | OpenFOAM: The Open Source CFD Toolbox           |
|  \\    /   O peration     | Version:  2412                                  |
|   \\  /    A nd           | Website:  www.openfoam.com                      |
|    \\/     M anipulation  |                                                 |
\*---------------------------------------------------------------------------*/
FoamFile
{
    version     2.0;
    format      ascii;
    arch        "LSB;label=32;scalar=64";
    class       volVectorField;
    location    "0.00856871";
    object      U;
}
// * * * * * * * * * * * * * * * * * * * * * * * * * * * * * * * * * * * * * //

dimensions      [0 1 -1 0 0 0 0];

internalField   nonuniform List<vector> 
100
(
(3.48748e-14 0 0)
(5.56261e-14 0 0)
(1.11305e-13 0 0)
(3.15283e-14 0 0)
(-5.57371e-14 0 0)
(5.10419e-14 0 0)
(-8.19929e-14 0 0)
(-5.08515e-14 0 0)
(7.5235e-15 0 0)
(2.66083e-14 0 0)
(2.58563e-14 0 0)
(7.3263e-15 0 0)
(-4.85433e-14 0 0)
(-8.10458e-14 0 0)
(-4.72711e-14 0 0)
(3.7063e-13 0 0)
(1.6613e-10 0 0)
(7.25329e-08 0 0)
(2.13823e-05 0 0)
(0.00323553 0 0)
(0.177612 0 0)
(2.60984 0 0)
(11.89 0 0)
(26.1054 0 0)
(39.7972 0 0)
(51.4534 0 0)
(61.7951 0 0)
(71.5787 0 0)
(81.1759 0 0)
(90.7524 0 0)
(100.298 0 0)
(109.979 0 0)
(119.443 0 0)
(129.424 0 0)
(138.463 0 0)
(148.955 0 0)
(157.494 0 0)
(167.742 0 0)
(177.092 0 0)
(185.665 0 0)
(196.067 0 0)
(204.66 0 0)
(214.786 0 0)
(223.399 0 0)
(233.259 0 0)
(243.164 0 0)
(253.732 0 0)
(260.873 0 0)
(267.557 0 0)
(276.231 0 0)
(286.375 0 0)
(290.366 0 0)
(282.275 0 0)
(277.666 0 0)
(280.365 0 0)
(288.555 0 0)
(288.935 0 0)
(278.805 0 0)
(276.363 0 0)
(280.367 0 0)
(287.956 0 0)
(288.059 0 0)
(281.267 0 0)
(278.252 0 0)
(279.726 0 0)
(287.481 0 0)
(287.941 0 0)
(286.142 0 0)
(281.175 0 0)
(277.316 0 0)
(278.307 0 0)
(279.958 0 0)
(280.579 0 0)
(283.224 0 0)
(284.412 0 0)
(281.188 0 0)
(279.407 0 0)
(279.867 0 0)
(280.967 0 0)
(283.266 0 0)
(283.748 0 0)
(283.106 0 0)
(279.247 0 0)
(276.658 0 0)
(276.606 0 0)
(277.266 0 0)
(279.658 0 0)
(282.203 0 0)
(287.578 0 0)
(295.339 0 0)
(283.772 0 0)
(159.753 0 0)
(7.29477 0 0)
(0.0133569 0 0)
(3.13354e-06 0 0)
(2.63184e-10 0 0)
(-6.69757e-14 0 0)
(-5.94535e-14 0 0)
(-2.67761e-14 0 0)
(7.9166e-14 0 0)
)
;

boundaryField
{
    sides
    {
        type            fixedValue;
        value           uniform (0 0 0);
    }
    empty
    {
        type            empty;
    }
}


// ************************************************************************* //
