/*--------------------------------*- C++ -*----------------------------------*\
| =========                 |                                                 |
| \\      /  F ield         | OpenFOAM: The Open Source CFD Toolbox           |
|  \\    /   O peration     | Version:  2412                                  |
|   \\  /    A nd           | Website:  www.openfoam.com                      |
|    \\/     M anipulation  |                                                 |
\*---------------------------------------------------------------------------*/
FoamFile
{
    version     2.0;
    format      ascii;
    arch        "LSB;label=32;scalar=64";
    class       volVectorField;
    location    "0.0264868";
    object      U;
}
// * * * * * * * * * * * * * * * * * * * * * * * * * * * * * * * * * * * * * //

dimensions      [0 1 -1 0 0 0 0];

internalField   nonuniform List<vector> 
100
(
(2.64973 0 0)
(7.99441 0 0)
(13.3367 0 0)
(18.7186 0 0)
(24.0968 0 0)
(29.492 0 0)
(34.8438 0 0)
(40.2908 0 0)
(45.5587 0 0)
(51.1242 0 0)
(56.2394 0 0)
(61.9135 0 0)
(66.9075 0 0)
(72.5977 0 0)
(77.7055 0 0)
(83.2491 0 0)
(88.6148 0 0)
(93.8949 0 0)
(99.4428 0 0)
(104.541 0 0)
(110.177 0 0)
(115.272 0 0)
(120.924 0 0)
(126.095 0 0)
(131.7 0 0)
(136.96 0 0)
(142.496 0 0)
(147.798 0 0)
(153.239 0 0)
(158.557 0 0)
(163.966 0 0)
(169.346 0 0)
(174.845 0 0)
(180.372 0 0)
(185.951 0 0)
(191.472 0 0)
(196.853 0 0)
(202.028 0 0)
(207.073 0 0)
(212.044 0 0)
(216.775 0 0)
(221.344 0 0)
(226.235 0 0)
(231.765 0 0)
(238.6 0 0)
(245.525 0 0)
(250.534 0 0)
(252.783 0 0)
(253.92 0 0)
(257.384 0 0)
(270.823 0 0)
(287.002 0 0)
(289.224 0 0)
(289.479 0 0)
(289.541 0 0)
(289.037 0 0)
(289.153 0 0)
(287.455 0 0)
(283.97 0 0)
(280.503 0 0)
(279.403 0 0)
(283.926 0 0)
(284.776 0 0)
(282.99 0 0)
(243.544 0 0)
(68.3704 0 0)
(8.70679 0 0)
(2.91461 0 0)
(12.652 0 0)
(1.61432 0 0)
(3.14957 0 0)
(-7.64479 0 0)
(-10.6963 0 0)
(-5.26892 0 0)
(-8.7307 0 0)
(4.17325 0 0)
(2.23417 0 0)
(3.36529 0 0)
(6.06471 0 0)
(2.86455 0 0)
(3.58353 0 0)
(0.0366823 0 0)
(-2.58912 0 0)
(-0.49097 0 0)
(0.707738 0 0)
(3.19507 0 0)
(4.51526 0 0)
(1.99835 0 0)
(-3.73813 0 0)
(-8.02526 0 0)
(-7.36595 0 0)
(-3.06023 0 0)
(0.500272 0 0)
(3.64284 0 0)
(6.78841 0 0)
(6.32571 0 0)
(2.02294 0 0)
(-2.02839 0 0)
(-2.71682 0 0)
(-2.63907 0 0)
)
;

boundaryField
{
    sides
    {
        type            fixedValue;
        value           uniform (0 0 0);
    }
    empty
    {
        type            empty;
    }
}


// ************************************************************************* //
