/*--------------------------------*- C++ -*----------------------------------*\
| =========                 |                                                 |
| \\      /  F ield         | OpenFOAM: The Open Source CFD Toolbox           |
|  \\    /   O peration     | Version:  2412                                  |
|   \\  /    A nd           | Website:  www.openfoam.com                      |
|    \\/     M anipulation  |                                                 |
\*---------------------------------------------------------------------------*/
FoamFile
{
    version     2.0;
    format      ascii;
    arch        "LSB;label=32;scalar=64";
    class       volVectorField;
    location    "0.0523916";
    object      U;
}
// * * * * * * * * * * * * * * * * * * * * * * * * * * * * * * * * * * * * * //

dimensions      [0 1 -1 0 0 0 0];

internalField   nonuniform List<vector> 
100
(
(8.27363 0 0)
(-2.62126 0 0)
(-3.14131 0 0)
(-4.58465 0 0)
(0.661814 0 0)
(4.34787 0 0)
(7.85891 0 0)
(2.06013 0 0)
(-6.30198 0 0)
(-12.1289 0 0)
(-14.7635 0 0)
(-11.2846 0 0)
(-3.874 0 0)
(11.0311 0 0)
(8.11527 0 0)
(-77.2516 0 0)
(-223.406 0 0)
(-240.077 0 0)
(-237.655 0 0)
(-232.702 0 0)
(-226.994 0 0)
(-223.694 0 0)
(-222.045 0 0)
(-219.788 0 0)
(-215.125 0 0)
(-210.771 0 0)
(-208.8 0 0)
(-207.77 0 0)
(-208.703 0 0)
(-212.381 0 0)
(-212.386 0 0)
(-210.846 0 0)
(-206.232 0 0)
(-198.245 0 0)
(-193.92 0 0)
(-192.847 0 0)
(-202.175 0 0)
(-222.604 0 0)
(-226.561 0 0)
(-225.198 0 0)
(-222.928 0 0)
(-216.577 0 0)
(-193.02 0 0)
(-168.333 0 0)
(-159.068 0 0)
(-156.077 0 0)
(-154.942 0 0)
(-153.581 0 0)
(-150.793 0 0)
(-146.508 0 0)
(-142.795 0 0)
(-141.048 0 0)
(-140.143 0 0)
(-139.431 0 0)
(-139.499 0 0)
(-140 0 0)
(-139.872 0 0)
(-139.071 0 0)
(-137.218 0 0)
(-132.2 0 0)
(-122.703 0 0)
(-114.888 0 0)
(-110.101 0 0)
(-106.992 0 0)
(-105.419 0 0)
(-104.703 0 0)
(-104.176 0 0)
(-103.785 0 0)
(-102.943 0 0)
(-100.212 0 0)
(-95.5477 0 0)
(-90.0239 0 0)
(-85.8049 0 0)
(-82.0612 0 0)
(-79.5948 0 0)
(-76.5726 0 0)
(-73.7514 0 0)
(-70.4708 0 0)
(-67.246 0 0)
(-64.3451 0 0)
(-60.1561 0 0)
(-57.5964 0 0)
(-54.0685 0 0)
(-51.6933 0 0)
(-48.5917 0 0)
(-45.512 0 0)
(-42.7497 0 0)
(-38.9763 0 0)
(-36.4001 0 0)
(-32.6384 0 0)
(-29.4678 0 0)
(-25.6561 0 0)
(-22.6074 0 0)
(-19.4977 0 0)
(-16.8004 0 0)
(-14.2631 0 0)
(-11.4379 0 0)
(-8.72647 0 0)
(-5.12185 0 0)
(-1.87124 0 0)
)
;

boundaryField
{
    sides
    {
        type            fixedValue;
        value           uniform (0 0 0);
    }
    empty
    {
        type            empty;
    }
}


// ************************************************************************* //
