/*--------------------------------*- C++ -*----------------------------------*\
| =========                 |                                                 |
| \\      /  F ield         | OpenFOAM: The Open Source CFD Toolbox           |
|  \\    /   O peration     | Version:  2412                                  |
|   \\  /    A nd           | Website:  www.openfoam.com                      |
|    \\/     M anipulation  |                                                 |
\*---------------------------------------------------------------------------*/
FoamFile
{
    version     2.0;
    format      ascii;
    arch        "LSB;label=32;scalar=64";
    class       volVectorField;
    location    "0.0393517";
    object      U;
}
// * * * * * * * * * * * * * * * * * * * * * * * * * * * * * * * * * * * * * //

dimensions      [0 1 -1 0 0 0 0];

internalField   nonuniform List<vector> 
100
(
(1.60146 0 0)
(4.74259 0 0)
(7.96794 0 0)
(11.2644 0 0)
(14.6255 0 0)
(18.103 0 0)
(21.6084 0 0)
(25.1043 0 0)
(28.5629 0 0)
(31.9365 0 0)
(35.2692 0 0)
(38.6015 0 0)
(41.9466 0 0)
(45.2906 0 0)
(48.6626 0 0)
(52.0339 0 0)
(55.4145 0 0)
(58.8063 0 0)
(62.1801 0 0)
(65.5497 0 0)
(68.9179 0 0)
(72.2689 0 0)
(75.5686 0 0)
(78.8382 0 0)
(82.4645 0 0)
(85.8414 0 0)
(59.6726 0 0)
(-120.608 0 0)
(-185.784 0 0)
(-185.004 0 0)
(-178.599 0 0)
(-176.136 0 0)
(-172.699 0 0)
(-163.535 0 0)
(-157.769 0 0)
(-155.928 0 0)
(-156.528 0 0)
(-161.597 0 0)
(-164.814 0 0)
(-164.089 0 0)
(-162.35 0 0)
(-157.899 0 0)
(-145.957 0 0)
(-135.048 0 0)
(-130.911 0 0)
(-130.01 0 0)
(-131.764 0 0)
(-135.074 0 0)
(-135.756 0 0)
(-134.845 0 0)
(-133.28 0 0)
(-129.198 0 0)
(-123.284 0 0)
(-119.674 0 0)
(-118.869 0 0)
(-118.958 0 0)
(-118.208 0 0)
(-114.965 0 0)
(-108.418 0 0)
(-103.085 0 0)
(-101.091 0 0)
(-101.687 0 0)
(-102.279 0 0)
(-100.692 0 0)
(-97.379 0 0)
(-90.03 0 0)
(-86.0112 0 0)
(-83.1457 0 0)
(-86.6634 0 0)
(-90.3999 0 0)
(-88.9765 0 0)
(-88.4181 0 0)
(-78.6081 0 0)
(-70.2584 0 0)
(-63.4922 0 0)
(-62.5712 0 0)
(-63.4903 0 0)
(-64.1086 0 0)
(-65.1117 0 0)
(-62.1469 0 0)
(-60.5752 0 0)
(-57.1738 0 0)
(-54.5689 0 0)
(-51.987 0 0)
(-49.5516 0 0)
(-46.9127 0 0)
(-44.7273 0 0)
(-42.407 0 0)
(-41.2017 0 0)
(-39.2235 0 0)
(-36.4826 0 0)
(-32.6037 0 0)
(-29.2184 0 0)
(-28.9455 0 0)
(-30.2395 0 0)
(-37.7116 0 0)
(-42.1633 0 0)
(-40.0324 0 0)
(-30.49 0 0)
(-11.1191 0 0)
)
;

boundaryField
{
    sides
    {
        type            fixedValue;
        value           uniform (0 0 0);
    }
    empty
    {
        type            empty;
    }
}


// ************************************************************************* //
