/*--------------------------------*- C++ -*----------------------------------*\
| =========                 |                                                 |
| \\      /  F ield         | OpenFOAM: The Open Source CFD Toolbox           |
|  \\    /   O peration     | Version:  2412                                  |
|   \\  /    A nd           | Website:  www.openfoam.com                      |
|    \\/     M anipulation  |                                                 |
\*---------------------------------------------------------------------------*/
FoamFile
{
    version     2.0;
    format      ascii;
    arch        "LSB;label=32;scalar=64";
    class       volVectorField;
    location    "0.0531598";
    object      U;
}
// * * * * * * * * * * * * * * * * * * * * * * * * * * * * * * * * * * * * * //

dimensions      [0 1 -1 0 0 0 0];

internalField   nonuniform List<vector> 
100
(
(-5.18266 0 0)
(-5.8363 0 0)
(-0.4806 0 0)
(6.83573 0 0)
(4.56809 0 0)
(-6.47842 0 0)
(-17.6422 0 0)
(-20.9348 0 0)
(-9.52155 0 0)
(11.9367 0 0)
(26.5095 0 0)
(28.2015 0 0)
(18.4866 0 0)
(-9.12687 0 0)
(-31.9616 0 0)
(-24.812 0 0)
(-25.387 0 0)
(-123.265 0 0)
(-224.814 0 0)
(-227.3 0 0)
(-222.938 0 0)
(-218.145 0 0)
(-216.499 0 0)
(-215.245 0 0)
(-216.681 0 0)
(-220.664 0 0)
(-220.789 0 0)
(-219.256 0 0)
(-214.898 0 0)
(-206.668 0 0)
(-202.318 0 0)
(-201.219 0 0)
(-210.971 0 0)
(-232.367 0 0)
(-236.188 0 0)
(-234.794 0 0)
(-232.536 0 0)
(-226.824 0 0)
(-203.044 0 0)
(-176.361 0 0)
(-166.511 0 0)
(-163.821 0 0)
(-163.02 0 0)
(-162.109 0 0)
(-160.376 0 0)
(-156.425 0 0)
(-151.756 0 0)
(-149.322 0 0)
(-148.34 0 0)
(-147.442 0 0)
(-147.018 0 0)
(-147.668 0 0)
(-148.161 0 0)
(-147.664 0 0)
(-146.606 0 0)
(-144.145 0 0)
(-137.292 0 0)
(-126.794 0 0)
(-119.86 0 0)
(-115.974 0 0)
(-113.754 0 0)
(-112.883 0 0)
(-112.211 0 0)
(-111.949 0 0)
(-111.624 0 0)
(-110.716 0 0)
(-107.834 0 0)
(-102.654 0 0)
(-97.0164 0 0)
(-92.8787 0 0)
(-89.6403 0 0)
(-87.0459 0 0)
(-84.5174 0 0)
(-81.3099 0 0)
(-78.3273 0 0)
(-74.7768 0 0)
(-72.0197 0 0)
(-68.6561 0 0)
(-65.579 0 0)
(-62.6171 0 0)
(-59.0407 0 0)
(-57.0455 0 0)
(-53.5869 0 0)
(-51.1658 0 0)
(-48.0077 0 0)
(-44.6793 0 0)
(-41.331 0 0)
(-37.3705 0 0)
(-34.8299 0 0)
(-31.5248 0 0)
(-29.0451 0 0)
(-25.9237 0 0)
(-23.2128 0 0)
(-19.9671 0 0)
(-16.8295 0 0)
(-13.7528 0 0)
(-10.5509 0 0)
(-7.88482 0 0)
(-4.58646 0 0)
(-2.00104 0 0)
)
;

boundaryField
{
    sides
    {
        type            fixedValue;
        value           uniform (0 0 0);
    }
    empty
    {
        type            empty;
    }
}


// ************************************************************************* //
