/*--------------------------------*- C++ -*----------------------------------*\
| =========                 |                                                 |
| \\      /  F ield         | OpenFOAM: The Open Source CFD Toolbox           |
|  \\    /   O peration     | Version:  2412                                  |
|   \\  /    A nd           | Website:  www.openfoam.com                      |
|    \\/     M anipulation  |                                                 |
\*---------------------------------------------------------------------------*/
FoamFile
{
    version     2.0;
    format      ascii;
    arch        "LSB;label=32;scalar=64";
    class       volVectorField;
    location    "0.0436597";
    object      U;
}
// * * * * * * * * * * * * * * * * * * * * * * * * * * * * * * * * * * * * * //

dimensions      [0 1 -1 0 0 0 0];

internalField   nonuniform List<vector> 
100
(
(1.56006 0 0)
(4.57606 0 0)
(7.63827 0 0)
(10.7085 0 0)
(13.7598 0 0)
(16.7757 0 0)
(19.8564 0 0)
(23.2931 0 0)
(25.3933 0 0)
(-51.9373 0 0)
(-208.442 0 0)
(-234.296 0 0)
(-222.401 0 0)
(-211.81 0 0)
(-209.853 0 0)
(-218.48 0 0)
(-228.028 0 0)
(-228.131 0 0)
(-226.205 0 0)
(-224.252 0 0)
(-217.845 0 0)
(-200.272 0 0)
(-189.113 0 0)
(-185.869 0 0)
(-184.688 0 0)
(-186.137 0 0)
(-194.845 0 0)
(-199.178 0 0)
(-198.236 0 0)
(-196.37 0 0)
(-192.098 0 0)
(-184.555 0 0)
(-180.028 0 0)
(-178.358 0 0)
(-179.01 0 0)
(-180.751 0 0)
(-179.937 0 0)
(-177.045 0 0)
(-169.769 0 0)
(-163.127 0 0)
(-160.617 0 0)
(-161.069 0 0)
(-164.512 0 0)
(-165.236 0 0)
(-163.241 0 0)
(-157.33 0 0)
(-148.76 0 0)
(-144.487 0 0)
(-143.501 0 0)
(-148.06 0 0)
(-155.08 0 0)
(-155.897 0 0)
(-153.762 0 0)
(-146.675 0 0)
(-133.042 0 0)
(-125.106 0 0)
(-122.09 0 0)
(-121.843 0 0)
(-124.591 0 0)
(-128.459 0 0)
(-128.946 0 0)
(-127.93 0 0)
(-125.461 0 0)
(-121.754 0 0)
(-118.561 0 0)
(-116.545 0 0)
(-114.186 0 0)
(-109.655 0 0)
(-106.331 0 0)
(-103.944 0 0)
(-104.241 0 0)
(-103.947 0 0)
(-102.954 0 0)
(-100.484 0 0)
(-94.2663 0 0)
(-90.9941 0 0)
(-88.183 0 0)
(-94.0978 0 0)
(-103.59 0 0)
(-107.061 0 0)
(-106.832 0 0)
(-101.06 0 0)
(-91.3497 0 0)
(-71.33 0 0)
(-58.119 0 0)
(-50.263 0 0)
(-46.5699 0 0)
(-42.7432 0 0)
(-39.6639 0 0)
(-37.2301 0 0)
(-35.3484 0 0)
(-33.5132 0 0)
(-30.663 0 0)
(-27.2069 0 0)
(-22.7456 0 0)
(-17.2744 0 0)
(-11.0929 0 0)
(-5.92575 0 0)
(-2.07949 0 0)
(-1.41279 0 0)
)
;

boundaryField
{
    sides
    {
        type            fixedValue;
        value           uniform (0 0 0);
    }
    empty
    {
        type            empty;
    }
}


// ************************************************************************* //
