/*--------------------------------*- C++ -*----------------------------------*\
| =========                 |                                                 |
| \\      /  F ield         | OpenFOAM: The Open Source CFD Toolbox           |
|  \\    /   O peration     | Version:  2412                                  |
|   \\  /    A nd           | Website:  www.openfoam.com                      |
|    \\/     M anipulation  |                                                 |
\*---------------------------------------------------------------------------*/
FoamFile
{
    version     2.0;
    format      ascii;
    arch        "LSB;label=32;scalar=64";
    class       volVectorField;
    location    "0.0370504";
    object      U;
}
// * * * * * * * * * * * * * * * * * * * * * * * * * * * * * * * * * * * * * //

dimensions      [0 1 -1 0 0 0 0];

internalField   nonuniform List<vector> 
100
(
(1.75127 0 0)
(5.47057 0 0)
(8.9521 0 0)
(12.7219 0 0)
(16.1009 0 0)
(19.9858 0 0)
(23.2241 0 0)
(26.9913 0 0)
(30.3488 0 0)
(34.0797 0 0)
(37.6545 0 0)
(41.3798 0 0)
(45.1474 0 0)
(48.7036 0 0)
(52.4575 0 0)
(55.8884 0 0)
(59.5971 0 0)
(62.8976 0 0)
(66.7121 0 0)
(70.1011 0 0)
(73.8689 0 0)
(77.3195 0 0)
(80.9975 0 0)
(84.4971 0 0)
(88.1157 0 0)
(91.6543 0 0)
(95.2601 0 0)
(98.8321 0 0)
(102.432 0 0)
(105.984 0 0)
(109.515 0 0)
(112.973 0 0)
(116.591 0 0)
(120.436 0 0)
(114.834 0 0)
(-41.9429 0 0)
(-148.622 0 0)
(-152.638 0 0)
(-141.625 0 0)
(-139.047 0 0)
(-144.368 0 0)
(-144.878 0 0)
(-142.025 0 0)
(-134.851 0 0)
(-127.303 0 0)
(-124.179 0 0)
(-123.429 0 0)
(-123.99 0 0)
(-125.689 0 0)
(-126.366 0 0)
(-125.419 0 0)
(-122.654 0 0)
(-115.249 0 0)
(-104.116 0 0)
(-98.1679 0 0)
(-96.3645 0 0)
(-96.9063 0 0)
(-98.3194 0 0)
(-98.0017 0 0)
(-97.0001 0 0)
(-95.3607 0 0)
(-91.9937 0 0)
(-88.0485 0 0)
(-83.8185 0 0)
(-83.2185 0 0)
(-80.4797 0 0)
(-80.0051 0 0)
(-76.2873 0 0)
(-70.3766 0 0)
(-66.7914 0 0)
(-63.2345 0 0)
(-66.2939 0 0)
(-63.5168 0 0)
(-60.686 0 0)
(-55.3198 0 0)
(-49.2234 0 0)
(-48.0143 0 0)
(-47.5658 0 0)
(-52.2781 0 0)
(-53.6152 0 0)
(-50.4882 0 0)
(-42.5657 0 0)
(-33.2896 0 0)
(-27.5152 0 0)
(-25.7145 0 0)
(-27.4554 0 0)
(-29.9499 0 0)
(-30.0519 0 0)
(-28.1258 0 0)
(-22.4631 0 0)
(-12.6078 0 0)
(-0.899986 0 0)
(8.89141 0 0)
(13.8564 0 0)
(15.0707 0 0)
(11.5093 0 0)
(3.51503 0 0)
(-0.749676 0 0)
(-2.15783 0 0)
(-0.715749 0 0)
)
;

boundaryField
{
    sides
    {
        type            fixedValue;
        value           uniform (0 0 0);
    }
    empty
    {
        type            empty;
    }
}


// ************************************************************************* //
