/*--------------------------------*- C++ -*----------------------------------*\
| =========                 |                                                 |
| \\      /  F ield         | OpenFOAM: The Open Source CFD Toolbox           |
|  \\    /   O peration     | Version:  2412                                  |
|   \\  /    A nd           | Website:  www.openfoam.com                      |
|    \\/     M anipulation  |                                                 |
\*---------------------------------------------------------------------------*/
FoamFile
{
    version     2.0;
    format      ascii;
    arch        "LSB;label=32;scalar=64";
    class       volVectorField;
    location    "0.0384163";
    object      U;
}
// * * * * * * * * * * * * * * * * * * * * * * * * * * * * * * * * * * * * * //

dimensions      [0 1 -1 0 0 0 0];

internalField   nonuniform List<vector> 
100
(
(1.70853 0 0)
(5.11256 0 0)
(8.44093 0 0)
(11.7749 0 0)
(15.1003 0 0)
(18.4553 0 0)
(21.8061 0 0)
(25.435 0 0)
(28.9072 0 0)
(32.6158 0 0)
(36.1926 0 0)
(39.743 0 0)
(43.4382 0 0)
(46.8546 0 0)
(50.4662 0 0)
(53.8609 0 0)
(57.3098 0 0)
(60.7224 0 0)
(64.1638 0 0)
(67.5368 0 0)
(70.9004 0 0)
(74.2266 0 0)
(77.5698 0 0)
(80.9599 0 0)
(84.3834 0 0)
(87.8009 0 0)
(91.1951 0 0)
(94.6985 0 0)
(98.5255 0 0)
(98.2012 0 0)
(-28.418 0 0)
(-160.022 0 0)
(-172.255 0 0)
(-165.644 0 0)
(-163.582 0 0)
(-164.879 0 0)
(-162.176 0 0)
(-153.304 0 0)
(-146.092 0 0)
(-143.587 0 0)
(-143.24 0 0)
(-145.548 0 0)
(-149.126 0 0)
(-149.549 0 0)
(-148.191 0 0)
(-145.057 0 0)
(-136.234 0 0)
(-124.063 0 0)
(-118.429 0 0)
(-116.798 0 0)
(-117.743 0 0)
(-120.122 0 0)
(-120.653 0 0)
(-119.851 0 0)
(-118.529 0 0)
(-115.256 0 0)
(-109.899 0 0)
(-105.845 0 0)
(-104.538 0 0)
(-104.325 0 0)
(-103.368 0 0)
(-99.9448 0 0)
(-94.4328 0 0)
(-88.8056 0 0)
(-87.5273 0 0)
(-86.2221 0 0)
(-87.7049 0 0)
(-85.7718 0 0)
(-81.023 0 0)
(-75.2568 0 0)
(-69.87 0 0)
(-71.4223 0 0)
(-71.6365 0 0)
(-75.3403 0 0)
(-74.8247 0 0)
(-70.0046 0 0)
(-61.8607 0 0)
(-52.1529 0 0)
(-49.1429 0 0)
(-46.5782 0 0)
(-48.3388 0 0)
(-49.7737 0 0)
(-49.9775 0 0)
(-48.6062 0 0)
(-45.8115 0 0)
(-42.8512 0 0)
(-38.6897 0 0)
(-35.4794 0 0)
(-33.1146 0 0)
(-30.8948 0 0)
(-29.587 0 0)
(-29.5097 0 0)
(-30.3127 0 0)
(-26.3514 0 0)
(-20.1402 0 0)
(-9.79412 0 0)
(3.98631 0 0)
(13.4696 0 0)
(12.3274 0 0)
(6.83418 0 0)
)
;

boundaryField
{
    sides
    {
        type            fixedValue;
        value           uniform (0 0 0);
    }
    empty
    {
        type            empty;
    }
}


// ************************************************************************* //
