/*--------------------------------*- C++ -*----------------------------------*\
| =========                 |                                                 |
| \\      /  F ield         | OpenFOAM: The Open Source CFD Toolbox           |
|  \\    /   O peration     | Version:  2412                                  |
|   \\  /    A nd           | Website:  www.openfoam.com                      |
|    \\/     M anipulation  |                                                 |
\*---------------------------------------------------------------------------*/
FoamFile
{
    version     2.0;
    format      ascii;
    arch        "LSB;label=32;scalar=64";
    class       volVectorField;
    location    "0.00850581";
    object      U;
}
// * * * * * * * * * * * * * * * * * * * * * * * * * * * * * * * * * * * * * //

dimensions      [0 1 -1 0 0 0 0];

internalField   nonuniform List<vector> 
100
(
(4.30256e-14 0 0)
(7.19278e-14 0 0)
(1.35758e-13 0 0)
(4.783e-14 0 0)
(-7.20388e-14 0 0)
(1.84386e-14 0 0)
(-9.01437e-14 0 0)
(-5.90023e-14 0 0)
(1.56743e-14 0 0)
(1.03067e-14 0 0)
(2.58563e-14 0 0)
(1.54771e-14 0 0)
(-5.66941e-14 0 0)
(-8.10458e-14 0 0)
(-4.72716e-14 0 0)
(1.01429e-13 0 0)
(4.83162e-11 0 0)
(2.22499e-08 0 0)
(7.22056e-06 0 0)
(0.001281 0 0)
(0.0887047 0 0)
(1.70355 0 0)
(9.48288 0 0)
(23.2654 0 0)
(37.3739 0 0)
(49.4663 0 0)
(60.0638 0 0)
(69.9851 0 0)
(79.6698 0 0)
(89.3149 0 0)
(98.9278 0 0)
(108.665 0 0)
(118.206 0 0)
(128.235 0 0)
(137.369 0 0)
(147.914 0 0)
(156.52 0 0)
(166.895 0 0)
(176.234 0 0)
(184.93 0 0)
(195.411 0 0)
(204.021 0 0)
(214.209 0 0)
(222.863 0 0)
(232.866 0 0)
(242.867 0 0)
(253.506 0 0)
(260.185 0 0)
(267.395 0 0)
(276.869 0 0)
(286.573 0 0)
(290.182 0 0)
(281.099 0 0)
(277.718 0 0)
(281.674 0 0)
(288.616 0 0)
(288.267 0 0)
(277.528 0 0)
(276.674 0 0)
(281.791 0 0)
(288.17 0 0)
(287.91 0 0)
(279.925 0 0)
(278.641 0 0)
(280.515 0 0)
(287.984 0 0)
(287.344 0 0)
(286.112 0 0)
(279.891 0 0)
(277.205 0 0)
(278.696 0 0)
(279.99 0 0)
(281.259 0 0)
(283.961 0 0)
(283.845 0 0)
(280.073 0 0)
(279.549 0 0)
(280.131 0 0)
(281.817 0 0)
(283.724 0 0)
(283.674 0 0)
(282.062 0 0)
(277.758 0 0)
(276.55 0 0)
(276.681 0 0)
(278.143 0 0)
(280.847 0 0)
(283.385 0 0)
(290.529 0 0)
(294.558 0 0)
(264.89 0 0)
(93.3792 0 0)
(1.46981 0 0)
(0.00122662 0 0)
(1.82933e-07 0 0)
(1.84928e-11 0 0)
(-1.00575e-13 0 0)
(-5.2319e-14 0 0)
(-2.67761e-14 0 0)
(7.91663e-14 0 0)
)
;

boundaryField
{
    sides
    {
        type            fixedValue;
        value           uniform (0 0 0);
    }
    empty
    {
        type            empty;
    }
}


// ************************************************************************* //
