/*--------------------------------*- C++ -*----------------------------------*\
| =========                 |                                                 |
| \\      /  F ield         | OpenFOAM: The Open Source CFD Toolbox           |
|  \\    /   O peration     | Version:  2412                                  |
|   \\  /    A nd           | Website:  www.openfoam.com                      |
|    \\/     M anipulation  |                                                 |
\*---------------------------------------------------------------------------*/
FoamFile
{
    version     2.0;
    format      ascii;
    arch        "LSB;label=32;scalar=64";
    class       volVectorField;
    location    "0.0423019";
    object      U;
}
// * * * * * * * * * * * * * * * * * * * * * * * * * * * * * * * * * * * * * //

dimensions      [0 1 -1 0 0 0 0];

internalField   nonuniform List<vector> 
100
(
(1.69199 0 0)
(5.0789 0 0)
(8.35575 0 0)
(11.5284 0 0)
(14.5865 0 0)
(17.5567 0 0)
(20.4795 0 0)
(23.3899 0 0)
(26.3219 0 0)
(29.2983 0 0)
(32.304 0 0)
(35.3172 0 0)
(38.5412 0 0)
(42.0863 0 0)
(39.8651 0 0)
(-101.284 0 0)
(-218.856 0 0)
(-226.014 0 0)
(-206.058 0 0)
(-197.398 0 0)
(-195.221 0 0)
(-194.887 0 0)
(-199.774 0 0)
(-207.788 0 0)
(-208.651 0 0)
(-206.978 0 0)
(-204.717 0 0)
(-197.546 0 0)
(-180.941 0 0)
(-171.767 0 0)
(-168.905 0 0)
(-168.093 0 0)
(-170.686 0 0)
(-178.021 0 0)
(-180.129 0 0)
(-178.865 0 0)
(-176.87 0 0)
(-172.227 0 0)
(-165.471 0 0)
(-161.728 0 0)
(-160.655 0 0)
(-161.773 0 0)
(-162.34 0 0)
(-160.757 0 0)
(-155.844 0 0)
(-148.146 0 0)
(-143.915 0 0)
(-142.884 0 0)
(-144.981 0 0)
(-146.615 0 0)
(-145.427 0 0)
(-141.095 0 0)
(-133.157 0 0)
(-127.681 0 0)
(-125.801 0 0)
(-128.295 0 0)
(-134.601 0 0)
(-136.357 0 0)
(-134.45 0 0)
(-128.638 0 0)
(-116.503 0 0)
(-108.134 0 0)
(-104.5 0 0)
(-104.201 0 0)
(-106.286 0 0)
(-108.909 0 0)
(-109.546 0 0)
(-107.424 0 0)
(-106.406 0 0)
(-102.255 0 0)
(-99.3312 0 0)
(-97.1613 0 0)
(-94.0558 0 0)
(-91.2323 0 0)
(-85.9945 0 0)
(-85.8216 0 0)
(-84.237 0 0)
(-84.6726 0 0)
(-83.7057 0 0)
(-78.6675 0 0)
(-74.2278 0 0)
(-70.4578 0 0)
(-72.4871 0 0)
(-77.7894 0 0)
(-84.1114 0 0)
(-86.002 0 0)
(-86.3593 0 0)
(-76.0732 0 0)
(-57.9632 0 0)
(-44.0029 0 0)
(-34.5437 0 0)
(-27.1658 0 0)
(-21.8982 0 0)
(-19.007 0 0)
(-17.3338 0 0)
(-16.8804 0 0)
(-15.3679 0 0)
(-12.9847 0 0)
(-8.55509 0 0)
(-2.58165 0 0)
)
;

boundaryField
{
    sides
    {
        type            fixedValue;
        value           uniform (0 0 0);
    }
    empty
    {
        type            empty;
    }
}


// ************************************************************************* //
