/*--------------------------------*- C++ -*----------------------------------*\
| =========                 |                                                 |
| \\      /  F ield         | OpenFOAM: The Open Source CFD Toolbox           |
|  \\    /   O peration     | Version:  2412                                  |
|   \\  /    A nd           | Website:  www.openfoam.com                      |
|    \\/     M anipulation  |                                                 |
\*---------------------------------------------------------------------------*/
FoamFile
{
    version     2.0;
    format      ascii;
    arch        "LSB;label=32;scalar=64";
    class       volVectorField;
    location    "0.00819303";
    object      U;
}
// * * * * * * * * * * * * * * * * * * * * * * * * * * * * * * * * * * * * * //

dimensions      [0 1 -1 0 0 0 0];

internalField   nonuniform List<vector> 
100
(
(7.54731e-14 0 0)
(1.28681e-13 0 0)
(1.27575e-13 0 0)
(1.20818e-13 0 0)
(-1.53033e-14 0 0)
(-1.11292e-13 0 0)
(-1.22482e-13 0 0)
(-1.0767e-13 0 0)
(-1.68248e-14 0 0)
(-7.87418e-14 0 0)
(-6.61739e-15 0 0)
(2.35572e-14 0 0)
(-8.0994e-14 0 0)
(-8.91812e-14 0 0)
(-3.10481e-14 0 0)
(-2.00263e-14 0 0)
(2.50959e-13 0 0)
(5.13713e-11 0 0)
(2.37189e-08 0 0)
(7.68299e-06 0 0)
(0.00135635 0 0)
(0.0930969 0 0)
(1.76719 0 0)
(9.74748 0 0)
(23.808 0 0)
(38.2099 0 0)
(50.614 0 0)
(61.5448 0 0)
(71.8067 0 0)
(81.851 0 0)
(91.821 0 0)
(101.863 0 0)
(111.784 0 0)
(122.071 0 0)
(131.685 0 0)
(142.485 0 0)
(151.484 0 0)
(162.46 0 0)
(171.771 0 0)
(181.161 0 0)
(191.987 0 0)
(200.674 0 0)
(211.176 0 0)
(220.244 0 0)
(230.875 0 0)
(241.159 0 0)
(251.226 0 0)
(258.232 0 0)
(267.341 0 0)
(279.436 0 0)
(287.264 0 0)
(285.274 0 0)
(279.12 0 0)
(278.696 0 0)
(287.776 0 0)
(288.483 0 0)
(280.868 0 0)
(276.348 0 0)
(279.095 0 0)
(288.198 0 0)
(288.305 0 0)
(282.659 0 0)
(278.382 0 0)
(279.355 0 0)
(286.618 0 0)
(287.844 0 0)
(285.628 0 0)
(281.331 0 0)
(277.326 0 0)
(278.074 0 0)
(280.1 0 0)
(282.556 0 0)
(284.562 0 0)
(281.841 0 0)
(279.28 0 0)
(280.145 0 0)
(281.503 0 0)
(283.566 0 0)
(283.915 0 0)
(282.55 0 0)
(278.066 0 0)
(276.708 0 0)
(276.639 0 0)
(278.039 0 0)
(281.558 0 0)
(283.14 0 0)
(285.664 0 0)
(292.949 0 0)
(287.903 0 0)
(195.548 0 0)
(17.1634 0 0)
(0.0526112 0 0)
(1.65682e-05 0 0)
(1.4384e-09 0 0)
(3.20836e-13 0 0)
(4.47683e-15 0 0)
(-8.71578e-14 0 0)
(-6.65563e-14 0 0)
(-3.37452e-14 0 0)
(7.21553e-14 0 0)
)
;

boundaryField
{
    sides
    {
        type            fixedValue;
        value           uniform (0 0 0);
    }
    empty
    {
        type            empty;
    }
}


// ************************************************************************* //
