/*--------------------------------*- C++ -*----------------------------------*\
| =========                 |                                                 |
| \\      /  F ield         | OpenFOAM: The Open Source CFD Toolbox           |
|  \\    /   O peration     | Version:  2412                                  |
|   \\  /    A nd           | Website:  www.openfoam.com                      |
|    \\/     M anipulation  |                                                 |
\*---------------------------------------------------------------------------*/
FoamFile
{
    version     2.0;
    format      ascii;
    arch        "LSB;label=32;scalar=64";
    class       volVectorField;
    location    "0.0223355";
    object      U;
}
// * * * * * * * * * * * * * * * * * * * * * * * * * * * * * * * * * * * * * //

dimensions      [0 1 -1 0 0 0 0];

internalField   nonuniform List<vector> 
100
(
(3.31 0 0)
(10.0014 0 0)
(16.641 0 0)
(23.2802 0 0)
(29.9327 0 0)
(36.5708 0 0)
(43.2319 0 0)
(49.8855 0 0)
(56.525 0 0)
(63.1835 0 0)
(69.7285 0 0)
(76.3865 0 0)
(82.8118 0 0)
(89.6603 0 0)
(96.0805 0 0)
(103.08 0 0)
(109.286 0 0)
(116.128 0 0)
(122.281 0 0)
(128.551 0 0)
(134.874 0 0)
(141.164 0 0)
(148.065 0 0)
(154.742 0 0)
(162.515 0 0)
(170.01 0 0)
(178.386 0 0)
(186.949 0 0)
(198.671 0 0)
(213.359 0 0)
(223.166 0 0)
(227.218 0 0)
(230.549 0 0)
(233.16 0 0)
(234.79 0 0)
(236.647 0 0)
(239.671 0 0)
(242.984 0 0)
(246.527 0 0)
(251.41 0 0)
(256.397 0 0)
(259.886 0 0)
(263.395 0 0)
(266.94 0 0)
(270.204 0 0)
(273.452 0 0)
(277.363 0 0)
(280.569 0 0)
(282.491 0 0)
(283.808 0 0)
(284.289 0 0)
(283.721 0 0)
(283.204 0 0)
(283.394 0 0)
(283.13 0 0)
(282.346 0 0)
(283.03 0 0)
(284.823 0 0)
(284.415 0 0)
(280.707 0 0)
(279.754 0 0)
(286.885 0 0)
(288.998 0 0)
(282.077 0 0)
(275.81 0 0)
(278.587 0 0)
(290.615 0 0)
(291.768 0 0)
(276.036 0 0)
(270.142 0 0)
(277.519 0 0)
(292.869 0 0)
(294.549 0 0)
(157.876 0 0)
(26.6371 0 0)
(17.6589 0 0)
(0.0422413 0 0)
(6.2799 0 0)
(19.2911 0 0)
(13.0158 0 0)
(23.6125 0 0)
(16.4768 0 0)
(8.70928 0 0)
(5.61614 0 0)
(-6.79153 0 0)
(-9.69429 0 0)
(-6.51868 0 0)
(-4.41661 0 0)
(-6.75968 0 0)
(-6.84758 0 0)
(-5.13165 0 0)
(1.69548 0 0)
(6.98764 0 0)
(13.022 0 0)
(13.1753 0 0)
(5.70239 0 0)
(-2.24039 0 0)
(-9.08932 0 0)
(-9.16041 0 0)
(-7.86645 0 0)
)
;

boundaryField
{
    sides
    {
        type            fixedValue;
        value           uniform (0 0 0);
    }
    empty
    {
        type            empty;
    }
}


// ************************************************************************* //
