/*--------------------------------*- C++ -*----------------------------------*\
| =========                 |                                                 |
| \\      /  F ield         | OpenFOAM: The Open Source CFD Toolbox           |
|  \\    /   O peration     | Version:  2412                                  |
|   \\  /    A nd           | Website:  www.openfoam.com                      |
|    \\/     M anipulation  |                                                 |
\*---------------------------------------------------------------------------*/
FoamFile
{
    version     2.0;
    format      ascii;
    arch        "LSB;label=32;scalar=64";
    class       volVectorField;
    location    "0.0535098";
    object      U;
}
// * * * * * * * * * * * * * * * * * * * * * * * * * * * * * * * * * * * * * //

dimensions      [0 1 -1 0 0 0 0];

internalField   nonuniform List<vector> 
100
(
(3.47347 0 0)
(11.8933 0 0)
(5.50562 0 0)
(-4.98429 0 0)
(-19.8688 0 0)
(-18.7878 0 0)
(-12.7921 0 0)
(3.20657 0 0)
(13.5696 0 0)
(16.2742 0 0)
(16.0854 0 0)
(11.2032 0 0)
(1.97546 0 0)
(-7.09051 0 0)
(-15.1394 0 0)
(-16.3271 0 0)
(-10.9714 0 0)
(-37.7366 0 0)
(-150.511 0 0)
(-220.269 0 0)
(-220.799 0 0)
(-218.794 0 0)
(-219.749 0 0)
(-223.871 0 0)
(-224.691 0 0)
(-223.225 0 0)
(-219.709 0 0)
(-211.463 0 0)
(-206.356 0 0)
(-204.814 0 0)
(-211.625 0 0)
(-234.438 0 0)
(-240.647 0 0)
(-239.498 0 0)
(-237.302 0 0)
(-233.172 0 0)
(-212.873 0 0)
(-183.28 0 0)
(-170.819 0 0)
(-167.646 0 0)
(-166.652 0 0)
(-165.95 0 0)
(-164.713 0 0)
(-161.671 0 0)
(-156.63 0 0)
(-153.353 0 0)
(-152.06 0 0)
(-151.249 0 0)
(-150.587 0 0)
(-150.911 0 0)
(-151.78 0 0)
(-151.682 0 0)
(-150.76 0 0)
(-149.196 0 0)
(-144.927 0 0)
(-134.846 0 0)
(-125.545 0 0)
(-120.598 0 0)
(-117.857 0 0)
(-116.718 0 0)
(-115.947 0 0)
(-115.529 0 0)
(-115.398 0 0)
(-114.906 0 0)
(-113.267 0 0)
(-109.518 0 0)
(-103.352 0 0)
(-98.387 0 0)
(-94.7808 0 0)
(-91.9143 0 0)
(-89.5473 0 0)
(-86.8071 0 0)
(-83.8288 0 0)
(-80.3368 0 0)
(-77.4013 0 0)
(-73.9753 0 0)
(-71.1988 0 0)
(-67.9068 0 0)
(-64.958 0 0)
(-62.171 0 0)
(-58.8851 0 0)
(-56.8646 0 0)
(-53.3094 0 0)
(-50.6841 0 0)
(-47.2682 0 0)
(-43.9169 0 0)
(-40.7506 0 0)
(-37.0429 0 0)
(-34.5361 0 0)
(-31.2372 0 0)
(-28.8824 0 0)
(-25.8703 0 0)
(-23.3232 0 0)
(-20.1874 0 0)
(-17.0596 0 0)
(-13.748 0 0)
(-10.1135 0 0)
(-7.09281 0 0)
(-3.76796 0 0)
(-1.67354 0 0)
)
;

boundaryField
{
    sides
    {
        type            fixedValue;
        value           uniform (0 0 0);
    }
    empty
    {
        type            empty;
    }
}


// ************************************************************************* //
