/*--------------------------------*- C++ -*----------------------------------*\
| =========                 |                                                 |
| \\      /  F ield         | OpenFOAM: The Open Source CFD Toolbox           |
|  \\    /   O peration     | Version:  2412                                  |
|   \\  /    A nd           | Website:  www.openfoam.com                      |
|    \\/     M anipulation  |                                                 |
\*---------------------------------------------------------------------------*/
FoamFile
{
    version     2.0;
    format      ascii;
    arch        "LSB;label=32;scalar=64";
    class       volVectorField;
    location    "0.0471117";
    object      U;
}
// * * * * * * * * * * * * * * * * * * * * * * * * * * * * * * * * * * * * * //

dimensions      [0 1 -1 0 0 0 0];

internalField   nonuniform List<vector> 
100
(
(-14.5006 0 0)
(-4.43897 0 0)
(-133.039 0 0)
(-225.89 0 0)
(-229.15 0 0)
(-224.298 0 0)
(-223.46 0 0)
(-225.456 0 0)
(-239.322 0 0)
(-244.231 0 0)
(-242.925 0 0)
(-240.618 0 0)
(-235.093 0 0)
(-225.652 0 0)
(-221.788 0 0)
(-220.315 0 0)
(-221.009 0 0)
(-224.677 0 0)
(-224.803 0 0)
(-223.388 0 0)
(-218.4 0 0)
(-209.095 0 0)
(-204.274 0 0)
(-202.802 0 0)
(-204.423 0 0)
(-209.497 0 0)
(-209.752 0 0)
(-207.774 0 0)
(-201.575 0 0)
(-191.222 0 0)
(-186.286 0 0)
(-184.714 0 0)
(-188.367 0 0)
(-199.388 0 0)
(-202.435 0 0)
(-201.01 0 0)
(-196.625 0 0)
(-182.638 0 0)
(-169.065 0 0)
(-164.114 0 0)
(-162.376 0 0)
(-162.369 0 0)
(-168.255 0 0)
(-174.591 0 0)
(-175.127 0 0)
(-173.727 0 0)
(-170.805 0 0)
(-166.641 0 0)
(-163.5 0 0)
(-161.604 0 0)
(-158.745 0 0)
(-154.262 0 0)
(-150.553 0 0)
(-149.019 0 0)
(-148.733 0 0)
(-149.915 0 0)
(-149.924 0 0)
(-148.333 0 0)
(-143.775 0 0)
(-137.534 0 0)
(-134.169 0 0)
(-133.954 0 0)
(-142.861 0 0)
(-155.416 0 0)
(-157.826 0 0)
(-156.492 0 0)
(-152.337 0 0)
(-139.078 0 0)
(-118.491 0 0)
(-104.34 0 0)
(-97.8784 0 0)
(-92.7974 0 0)
(-90.2798 0 0)
(-86.7093 0 0)
(-83.6826 0 0)
(-81.6636 0 0)
(-80.2708 0 0)
(-80.3502 0 0)
(-78.3236 0 0)
(-77.42 0 0)
(-74.2414 0 0)
(-69.8658 0 0)
(-62.7136 0 0)
(-56.4003 0 0)
(-52.7102 0 0)
(-48.8616 0 0)
(-47.1187 0 0)
(-45.0187 0 0)
(-43.5161 0 0)
(-40.7929 0 0)
(-37.3395 0 0)
(-32.7299 0 0)
(-28.3293 0 0)
(-24.0142 0 0)
(-20.092 0 0)
(-16.5127 0 0)
(-12.7183 0 0)
(-9.458 0 0)
(-5.48477 0 0)
(-2.0573 0 0)
)
;

boundaryField
{
    sides
    {
        type            fixedValue;
        value           uniform (0 0 0);
    }
    empty
    {
        type            empty;
    }
}


// ************************************************************************* //
