/*--------------------------------*- C++ -*----------------------------------*\
| =========                 |                                                 |
| \\      /  F ield         | OpenFOAM: The Open Source CFD Toolbox           |
|  \\    /   O peration     | Version:  2412                                  |
|   \\  /    A nd           | Website:  www.openfoam.com                      |
|    \\/     M anipulation  |                                                 |
\*---------------------------------------------------------------------------*/
FoamFile
{
    version     2.0;
    format      ascii;
    arch        "LSB;label=32;scalar=64";
    class       volVectorField;
    location    "0.0231088";
    object      U;
}
// * * * * * * * * * * * * * * * * * * * * * * * * * * * * * * * * * * * * * //

dimensions      [0 1 -1 0 0 0 0];

internalField   nonuniform List<vector> 
100
(
(3.18024 0 0)
(9.60247 0 0)
(15.9736 0 0)
(22.3571 0 0)
(28.7258 0 0)
(35.0942 0 0)
(41.4765 0 0)
(47.85 0 0)
(54.174 0 0)
(60.5453 0 0)
(66.7846 0 0)
(73.2474 0 0)
(79.4062 0 0)
(86.0078 0 0)
(91.9922 0 0)
(98.6452 0 0)
(104.71 0 0)
(111.338 0 0)
(117.621 0 0)
(124.036 0 0)
(130.457 0 0)
(136.328 0 0)
(142.546 0 0)
(148.235 0 0)
(154.451 0 0)
(160.435 0 0)
(167.185 0 0)
(173.907 0 0)
(181.348 0 0)
(188.474 0 0)
(195.818 0 0)
(204.128 0 0)
(217.251 0 0)
(233.105 0 0)
(241.03 0 0)
(244.6 0 0)
(247.889 0 0)
(250.693 0 0)
(252.123 0 0)
(253.265 0 0)
(256.091 0 0)
(259.296 0 0)
(262.41 0 0)
(266.441 0 0)
(271.614 0 0)
(275.245 0 0)
(277.675 0 0)
(280.485 0 0)
(282.881 0 0)
(283.776 0 0)
(284.001 0 0)
(283.86 0 0)
(283.204 0 0)
(282.819 0 0)
(283.477 0 0)
(283.906 0 0)
(282.475 0 0)
(281.646 0 0)
(284.284 0 0)
(285.959 0 0)
(282.999 0 0)
(279.336 0 0)
(281.075 0 0)
(288.688 0 0)
(289.935 0 0)
(277.351 0 0)
(273.951 0 0)
(281.577 0 0)
(291.272 0 0)
(287.951 0 0)
(273.437 0 0)
(230.507 0 0)
(52.9093 0 0)
(10.8729 0 0)
(-1.6015 0 0)
(23.5756 0 0)
(17.8691 0 0)
(19.5738 0 0)
(17.2235 0 0)
(1.35962 0 0)
(5.04731 0 0)
(-3.13598 0 0)
(-7.36087 0 0)
(-3.35626 0 0)
(-8.84883 0 0)
(-8.04858 0 0)
(-2.51567 0 0)
(1.04109 0 0)
(3.79538 0 0)
(8.8027 0 0)
(9.80748 0 0)
(6.07077 0 0)
(-4.03479 0 0)
(-11.3605 0 0)
(-12.0246 0 0)
(-5.08832 0 0)
(5.26892 0 0)
(12.026 0 0)
(14.9811 0 0)
(6.4405 0 0)
)
;

boundaryField
{
    sides
    {
        type            fixedValue;
        value           uniform (0 0 0);
    }
    empty
    {
        type            empty;
    }
}


// ************************************************************************* //
