/*--------------------------------*- C++ -*----------------------------------*\
| =========                 |                                                 |
| \\      /  F ield         | OpenFOAM: The Open Source CFD Toolbox           |
|  \\    /   O peration     | Version:  2412                                  |
|   \\  /    A nd           | Website:  www.openfoam.com                      |
|    \\/     M anipulation  |                                                 |
\*---------------------------------------------------------------------------*/
FoamFile
{
    version     2.0;
    format      ascii;
    arch        "LSB;label=32;scalar=64";
    class       volVectorField;
    location    "0.0150258";
    object      U;
}
// * * * * * * * * * * * * * * * * * * * * * * * * * * * * * * * * * * * * * //

dimensions      [0 1 -1 0 0 0 0];

internalField   nonuniform List<vector> 
100
(
(0.417877 0 0)
(4.8912 0 0)
(14.8877 0 0)
(25.9588 0 0)
(34.8633 0 0)
(41.8236 0 0)
(47.7971 0 0)
(53.3982 0 0)
(58.9064 0 0)
(64.4183 0 0)
(69.9532 0 0)
(75.5069 0 0)
(81.073 0 0)
(86.6472 0 0)
(92.2278 0 0)
(97.8161 0 0)
(103.411 0 0)
(109.019 0 0)
(114.626 0 0)
(120.265 0 0)
(125.855 0 0)
(131.551 0 0)
(137.032 0 0)
(142.848 0 0)
(148.081 0 0)
(154.087 0 0)
(159.116 0 0)
(165.147 0 0)
(170.404 0 0)
(175.982 0 0)
(181.718 0 0)
(186.873 0 0)
(192.736 0 0)
(197.862 0 0)
(203.811 0 0)
(208.946 0 0)
(214.789 0 0)
(220.172 0 0)
(226.007 0 0)
(231.439 0 0)
(237.072 0 0)
(242.639 0 0)
(248.327 0 0)
(253.774 0 0)
(259.058 0 0)
(264.578 0 0)
(269.888 0 0)
(274.14 0 0)
(278.543 0 0)
(282.822 0 0)
(285.029 0 0)
(285.432 0 0)
(282.409 0 0)
(280.431 0 0)
(283.468 0 0)
(286.918 0 0)
(285.856 0 0)
(278.295 0 0)
(276.379 0 0)
(286.177 0 0)
(290.175 0 0)
(286.031 0 0)
(275.891 0 0)
(274.678 0 0)
(287.56 0 0)
(291.214 0 0)
(286.568 0 0)
(275.434 0 0)
(274.959 0 0)
(283.412 0 0)
(290.094 0 0)
(288.608 0 0)
(277.796 0 0)
(276.099 0 0)
(278.104 0 0)
(288.086 0 0)
(287.866 0 0)
(286.134 0 0)
(276.512 0 0)
(276.088 0 0)
(276.376 0 0)
(284.225 0 0)
(287.993 0 0)
(284.008 0 0)
(282.624 0 0)
(280.52 0 0)
(279.112 0 0)
(273.925 0 0)
(127.401 0 0)
(15.9972 0 0)
(1.00232 0 0)
(7.15573 0 0)
(5.51713 0 0)
(3.32454 0 0)
(0.73115 0 0)
(0.669257 0 0)
(-0.180104 0 0)
(1.728 0 0)
(4.22515 0 0)
(-1.89519 0 0)
)
;

boundaryField
{
    sides
    {
        type            fixedValue;
        value           uniform (0 0 0);
    }
    empty
    {
        type            empty;
    }
}


// ************************************************************************* //
