/*--------------------------------*- C++ -*----------------------------------*\
| =========                 |                                                 |
| \\      /  F ield         | OpenFOAM: The Open Source CFD Toolbox           |
|  \\    /   O peration     | Version:  2412                                  |
|   \\  /    A nd           | Website:  www.openfoam.com                      |
|    \\/     M anipulation  |                                                 |
\*---------------------------------------------------------------------------*/
FoamFile
{
    version     2.0;
    format      ascii;
    arch        "LSB;label=32;scalar=64";
    class       volVectorField;
    location    "0.0264211";
    object      U;
}
// * * * * * * * * * * * * * * * * * * * * * * * * * * * * * * * * * * * * * //

dimensions      [0 1 -1 0 0 0 0];

internalField   nonuniform List<vector> 
100
(
(2.66068 0 0)
(8.02249 0 0)
(13.3809 0 0)
(18.7784 0 0)
(24.1733 0 0)
(29.5832 0 0)
(34.9538 0 0)
(40.4162 0 0)
(45.704 0 0)
(51.2835 0 0)
(56.4189 0 0)
(62.1067 0 0)
(67.1166 0 0)
(72.8243 0 0)
(77.9431 0 0)
(83.5078 0 0)
(88.8842 0 0)
(94.186 0 0)
(99.7471 0 0)
(104.863 0 0)
(110.512 0 0)
(115.622 0 0)
(121.292 0 0)
(126.478 0 0)
(132.103 0 0)
(137.375 0 0)
(142.924 0 0)
(148.236 0 0)
(153.689 0 0)
(159.023 0 0)
(164.456 0 0)
(169.872 0 0)
(175.411 0 0)
(180.969 0 0)
(186.557 0 0)
(192.058 0 0)
(197.397 0 0)
(202.537 0 0)
(207.567 0 0)
(212.514 0 0)
(217.215 0 0)
(221.814 0 0)
(226.947 0 0)
(232.967 0 0)
(240.084 0 0)
(246.381 0 0)
(250.704 0 0)
(252.696 0 0)
(254.389 0 0)
(260.765 0 0)
(278.152 0 0)
(289.055 0 0)
(289.299 0 0)
(289.495 0 0)
(289.452 0 0)
(289.011 0 0)
(288.751 0 0)
(285.843 0 0)
(282.942 0 0)
(280.104 0 0)
(279.983 0 0)
(284.282 0 0)
(284.917 0 0)
(282.14 0 0)
(258.896 0 0)
(88.1966 0 0)
(10.808 0 0)
(2.43308 0 0)
(14.4462 0 0)
(3.7858 0 0)
(4.05351 0 0)
(-8.23473 0 0)
(-11.1256 0 0)
(-4.93212 0 0)
(-8.72788 0 0)
(3.30855 0 0)
(0.553818 0 0)
(2.02315 0 0)
(5.97955 0 0)
(4.09704 0 0)
(6.02093 0 0)
(1.14071 0 0)
(-2.728 0 0)
(-1.89011 0 0)
(-1.1295 0 0)
(2.38029 0 0)
(5.25775 0 0)
(3.96221 0 0)
(-2.46793 0 0)
(-8.46224 0 0)
(-8.6198 0 0)
(-4.42461 0 0)
(0.112311 0 0)
(3.96072 0 0)
(7.30405 0 0)
(6.88441 0 0)
(2.53911 0 0)
(-2.0085 0 0)
(-3.00906 0 0)
(-2.44892 0 0)
)
;

boundaryField
{
    sides
    {
        type            fixedValue;
        value           uniform (0 0 0);
    }
    empty
    {
        type            empty;
    }
}


// ************************************************************************* //
