/*--------------------------------*- C++ -*----------------------------------*\
| =========                 |                                                 |
| \\      /  F ield         | OpenFOAM: The Open Source CFD Toolbox           |
|  \\    /   O peration     | Version:  2412                                  |
|   \\  /    A nd           | Website:  www.openfoam.com                      |
|    \\/     M anipulation  |                                                 |
\*---------------------------------------------------------------------------*/
FoamFile
{
    version     2.0;
    format      ascii;
    arch        "LSB;label=32;scalar=64";
    class       volVectorField;
    location    "0.018175";
    object      U;
}
// * * * * * * * * * * * * * * * * * * * * * * * * * * * * * * * * * * * * * //

dimensions      [0 1 -1 0 0 0 0];

internalField   nonuniform List<vector> 
100
(
(4.16199 0 0)
(12.7681 0 0)
(20.923 0 0)
(29.1184 0 0)
(37.8715 0 0)
(47.0099 0 0)
(57.2062 0 0)
(68.7432 0 0)
(81.3101 0 0)
(93.6248 0 0)
(104.287 0 0)
(113.212 0 0)
(119.837 0 0)
(123.967 0 0)
(127.386 0 0)
(131.183 0 0)
(135.526 0 0)
(140.447 0 0)
(145.119 0 0)
(150.079 0 0)
(154.338 0 0)
(159.319 0 0)
(163.524 0 0)
(168.468 0 0)
(172.946 0 0)
(177.549 0 0)
(182.313 0 0)
(186.655 0 0)
(191.524 0 0)
(195.778 0 0)
(200.709 0 0)
(205.009 0 0)
(209.872 0 0)
(214.297 0 0)
(219.138 0 0)
(223.666 0 0)
(228.397 0 0)
(232.988 0 0)
(237.715 0 0)
(242.377 0 0)
(247.017 0 0)
(251.56 0 0)
(256.089 0 0)
(260.778 0 0)
(265.285 0 0)
(269.341 0 0)
(273.606 0 0)
(277.855 0 0)
(280.899 0 0)
(283.039 0 0)
(284.303 0 0)
(284.083 0 0)
(283.911 0 0)
(284.123 0 0)
(282.348 0 0)
(280.948 0 0)
(282.599 0 0)
(286.667 0 0)
(286.93 0 0)
(278.759 0 0)
(276.678 0 0)
(284.544 0 0)
(290.779 0 0)
(287.872 0 0)
(275.264 0 0)
(273.342 0 0)
(286.123 0 0)
(292.32 0 0)
(288.066 0 0)
(274.137 0 0)
(273.574 0 0)
(283.338 0 0)
(292.121 0 0)
(289.906 0 0)
(275.402 0 0)
(274.148 0 0)
(277.528 0 0)
(289.505 0 0)
(289.129 0 0)
(282.778 0 0)
(276.514 0 0)
(247.2 0 0)
(69.5601 0 0)
(16.1544 0 0)
(-9.47157 0 0)
(12.4604 0 0)
(30.8963 0 0)
(26.2432 0 0)
(15.3687 0 0)
(9.66985 0 0)
(3.89874 0 0)
(3.11136 0 0)
(8.71647 0 0)
(14.6735 0 0)
(17.2223 0 0)
(17.6598 0 0)
(17.5208 0 0)
(16.2236 0 0)
(12.699 0 0)
(5.58834 0 0)
)
;

boundaryField
{
    sides
    {
        type            fixedValue;
        value           uniform (0 0 0);
    }
    empty
    {
        type            empty;
    }
}


// ************************************************************************* //
