/*--------------------------------*- C++ -*----------------------------------*\
| =========                 |                                                 |
| \\      /  F ield         | OpenFOAM: The Open Source CFD Toolbox           |
|  \\    /   O peration     | Version:  2412                                  |
|   \\  /    A nd           | Website:  www.openfoam.com                      |
|    \\/     M anipulation  |                                                 |
\*---------------------------------------------------------------------------*/
FoamFile
{
    version     2.0;
    format      ascii;
    arch        "LSB;label=32;scalar=64";
    class       volVectorField;
    location    "0.0499496";
    object      U;
}
// * * * * * * * * * * * * * * * * * * * * * * * * * * * * * * * * * * * * * //

dimensions      [0 1 -1 0 0 0 0];

internalField   nonuniform List<vector> 
100
(
(8.37782 0 0)
(12.8064 0 0)
(5.16993 0 0)
(-15.6288 0 0)
(-31.8058 0 0)
(-29.6837 0 0)
(-10.3989 0 0)
(19.3253 0 0)
(26.0542 0 0)
(-63.4372 0 0)
(-226.911 0 0)
(-243.908 0 0)
(-241.632 0 0)
(-235.804 0 0)
(-224.003 0 0)
(-217.87 0 0)
(-216.309 0 0)
(-217.739 0 0)
(-231.342 0 0)
(-238.398 0 0)
(-237.444 0 0)
(-235.159 0 0)
(-224.958 0 0)
(-205.197 0 0)
(-196.424 0 0)
(-194.233 0 0)
(-192.993 0 0)
(-194.022 0 0)
(-203.585 0 0)
(-210.802 0 0)
(-210.299 0 0)
(-208.398 0 0)
(-204.299 0 0)
(-199.517 0 0)
(-196.459 0 0)
(-194.481 0 0)
(-191.342 0 0)
(-186.594 0 0)
(-183.116 0 0)
(-181.65 0 0)
(-181.193 0 0)
(-183.312 0 0)
(-184.431 0 0)
(-183.352 0 0)
(-180.207 0 0)
(-173.298 0 0)
(-168.087 0 0)
(-166.197 0 0)
(-169.961 0 0)
(-187.512 0 0)
(-195.717 0 0)
(-195.215 0 0)
(-193.223 0 0)
(-187.662 0 0)
(-168.261 0 0)
(-145.642 0 0)
(-134.835 0 0)
(-130.339 0 0)
(-127.551 0 0)
(-124.927 0 0)
(-121.608 0 0)
(-118.058 0 0)
(-115.579 0 0)
(-114.614 0 0)
(-113.809 0 0)
(-113.416 0 0)
(-113.136 0 0)
(-112.534 0 0)
(-110.852 0 0)
(-106.805 0 0)
(-99.7653 0 0)
(-92.6329 0 0)
(-87.7543 0 0)
(-83.0054 0 0)
(-80.4221 0 0)
(-78.8005 0 0)
(-77.7356 0 0)
(-77.0547 0 0)
(-74.5367 0 0)
(-72.6741 0 0)
(-66.825 0 0)
(-62.8417 0 0)
(-58.2507 0 0)
(-55.1326 0 0)
(-52.0014 0 0)
(-48.4092 0 0)
(-45.6168 0 0)
(-41.5347 0 0)
(-38.7284 0 0)
(-35.1693 0 0)
(-31.6524 0 0)
(-27.6536 0 0)
(-24.3874 0 0)
(-21.1212 0 0)
(-18.0934 0 0)
(-15.0142 0 0)
(-11.5645 0 0)
(-8.6335 0 0)
(-5.05938 0 0)
(-2.07399 0 0)
)
;

boundaryField
{
    sides
    {
        type            fixedValue;
        value           uniform (0 0 0);
    }
    empty
    {
        type            empty;
    }
}


// ************************************************************************* //
