/*--------------------------------*- C++ -*----------------------------------*\
| =========                 |                                                 |
| \\      /  F ield         | OpenFOAM: The Open Source CFD Toolbox           |
|  \\    /   O peration     | Version:  2412                                  |
|   \\  /    A nd           | Website:  www.openfoam.com                      |
|    \\/     M anipulation  |                                                 |
\*---------------------------------------------------------------------------*/
FoamFile
{
    version     2.0;
    format      ascii;
    arch        "LSB;label=32;scalar=64";
    class       volVectorField;
    location    "0.0258993";
    object      U;
}
// * * * * * * * * * * * * * * * * * * * * * * * * * * * * * * * * * * * * * //

dimensions      [0 1 -1 0 0 0 0];

internalField   nonuniform List<vector> 
100
(
(2.75192 0 0)
(8.27907 0 0)
(13.7668 0 0)
(19.2792 0 0)
(24.7995 0 0)
(30.3294 0 0)
(35.8508 0 0)
(41.4401 0 0)
(46.88 0 0)
(52.5686 0 0)
(57.8732 0 0)
(63.6804 0 0)
(68.8322 0 0)
(74.6672 0 0)
(79.8707 0 0)
(85.6118 0 0)
(91.0782 0 0)
(96.5528 0 0)
(102.218 0 0)
(107.49 0 0)
(113.256 0 0)
(118.484 0 0)
(124.301 0 0)
(129.606 0 0)
(135.355 0 0)
(140.711 0 0)
(146.357 0 0)
(151.779 0 0)
(157.401 0 0)
(162.953 0 0)
(168.672 0 0)
(174.346 0 0)
(180.046 0 0)
(185.575 0 0)
(190.97 0 0)
(196.191 0 0)
(201.288 0 0)
(206.305 0 0)
(211.31 0 0)
(216.436 0 0)
(222.173 0 0)
(229.094 0 0)
(236.187 0 0)
(241.037 0 0)
(244.575 0 0)
(248.743 0 0)
(256.22 0 0)
(274.786 0 0)
(287.308 0 0)
(290.073 0 0)
(290.385 0 0)
(289.553 0 0)
(289.326 0 0)
(288.717 0 0)
(285.274 0 0)
(281.568 0 0)
(281.916 0 0)
(281.703 0 0)
(280.52 0 0)
(281.567 0 0)
(285.008 0 0)
(285.995 0 0)
(280.828 0 0)
(280.18 0 0)
(285.481 0 0)
(277.013 0 0)
(101.313 0 0)
(10.7624 0 0)
(18.0334 0 0)
(7.77711 0 0)
(11.001 0 0)
(-2.77321 0 0)
(-5.03511 0 0)
(1.82739 0 0)
(-9.44004 0 0)
(-6.89878 0 0)
(-12.6383 0 0)
(-4.75475 0 0)
(4.63579 0 0)
(8.14355 0 0)
(14.1948 0 0)
(9.14948 0 0)
(1.23349 0 0)
(-6.17359 0 0)
(-8.98751 0 0)
(-2.77695 0 0)
(4.73328 0 0)
(6.52856 0 0)
(5.0956 0 0)
(-3.00804 0 0)
(-9.15727 0 0)
(-7.78981 0 0)
(-4.22455 0 0)
(0.709594 0 0)
(4.12587 0 0)
(4.58101 0 0)
(5.28816 0 0)
(3.30186 0 0)
(1.77062 0 0)
(1.3259 0 0)
)
;

boundaryField
{
    sides
    {
        type            fixedValue;
        value           uniform (0 0 0);
    }
    empty
    {
        type            empty;
    }
}


// ************************************************************************* //
