/*--------------------------------*- C++ -*----------------------------------*\
| =========                 |                                                 |
| \\      /  F ield         | OpenFOAM: The Open Source CFD Toolbox           |
|  \\    /   O peration     | Version:  2412                                  |
|   \\  /    A nd           | Website:  www.openfoam.com                      |
|    \\/     M anipulation  |                                                 |
\*---------------------------------------------------------------------------*/
FoamFile
{
    version     2.0;
    format      ascii;
    arch        "LSB;label=32;scalar=64";
    class       volVectorField;
    location    "0.0201597";
    object      U;
}
// * * * * * * * * * * * * * * * * * * * * * * * * * * * * * * * * * * * * * //

dimensions      [0 1 -1 0 0 0 0];

internalField   nonuniform List<vector> 
100
(
(3.73926 0 0)
(11.3548 0 0)
(18.844 0 0)
(26.2953 0 0)
(33.8623 0 0)
(41.4158 0 0)
(49.0126 0 0)
(56.5398 0 0)
(63.9558 0 0)
(71.2271 0 0)
(78.4188 0 0)
(85.7558 0 0)
(93.3061 0 0)
(101.348 0 0)
(109.763 0 0)
(119.405 0 0)
(129.596 0 0)
(140.946 0 0)
(151.8 0 0)
(163.21 0 0)
(171.586 0 0)
(176.605 0 0)
(179.407 0 0)
(181.816 0 0)
(184.781 0 0)
(187.683 0 0)
(191.815 0 0)
(196.418 0 0)
(201.534 0 0)
(205.563 0 0)
(209.836 0 0)
(213.717 0 0)
(218.019 0 0)
(222.151 0 0)
(226.466 0 0)
(230.621 0 0)
(234.868 0 0)
(239.076 0 0)
(243.304 0 0)
(247.484 0 0)
(251.654 0 0)
(255.75 0 0)
(259.898 0 0)
(264.095 0 0)
(268.036 0 0)
(271.512 0 0)
(275.724 0 0)
(279.269 0 0)
(281.663 0 0)
(283.566 0 0)
(284.376 0 0)
(283.935 0 0)
(283.463 0 0)
(283.527 0 0)
(282.529 0 0)
(281.719 0 0)
(283.994 0 0)
(285.907 0 0)
(283.964 0 0)
(279.28 0 0)
(278.843 0 0)
(288.104 0 0)
(290.145 0 0)
(281.417 0 0)
(274.611 0 0)
(277.726 0 0)
(291.33 0 0)
(292.082 0 0)
(278.054 0 0)
(271.754 0 0)
(276.123 0 0)
(292.426 0 0)
(291.947 0 0)
(280.057 0 0)
(271.819 0 0)
(273.394 0 0)
(292.37 0 0)
(254.438 0 0)
(72.2198 0 0)
(6.93297 0 0)
(26.2146 0 0)
(17.5065 0 0)
(4.54356 0 0)
(13.6963 0 0)
(8.31881 0 0)
(13.1307 0 0)
(21.1699 0 0)
(22.8222 0 0)
(14.7577 0 0)
(11.3431 0 0)
(-0.827661 0 0)
(-9.8478 0 0)
(-10.8788 0 0)
(-7.48397 0 0)
(-1.37601 0 0)
(1.01882 0 0)
(-4.58923 0 0)
(-12.0756 0 0)
(-9.65627 0 0)
(-5.93594 0 0)
)
;

boundaryField
{
    sides
    {
        type            fixedValue;
        value           uniform (0 0 0);
    }
    empty
    {
        type            empty;
    }
}


// ************************************************************************* //
