/*--------------------------------*- C++ -*----------------------------------*\
| =========                 |                                                 |
| \\      /  F ield         | OpenFOAM: The Open Source CFD Toolbox           |
|  \\    /   O peration     | Version:  2412                                  |
|   \\  /    A nd           | Website:  www.openfoam.com                      |
|    \\/     M anipulation  |                                                 |
\*---------------------------------------------------------------------------*/
FoamFile
{
    version     2.0;
    format      ascii;
    arch        "LSB;label=32;scalar=64";
    class       volVectorField;
    location    "0.0240086";
    object      U;
}
// * * * * * * * * * * * * * * * * * * * * * * * * * * * * * * * * * * * * * //

dimensions      [0 1 -1 0 0 0 0];

internalField   nonuniform List<vector> 
100
(
(3.03754 0 0)
(9.16374 0 0)
(15.2411 0 0)
(21.336 0 0)
(27.4166 0 0)
(33.4862 0 0)
(39.5366 0 0)
(45.5903 0 0)
(51.5873 0 0)
(57.7053 0 0)
(63.648 0 0)
(69.8994 0 0)
(75.7007 0 0)
(82.069 0 0)
(87.7737 0 0)
(94.1344 0 0)
(99.897 0 0)
(106.078 0 0)
(112.14 0 0)
(118.064 0 0)
(124.307 0 0)
(130.164 0 0)
(136.595 0 0)
(142.395 0 0)
(148.686 0 0)
(154.323 0 0)
(160.238 0 0)
(165.762 0 0)
(171.546 0 0)
(177.3 0 0)
(183.472 0 0)
(190.024 0 0)
(197.013 0 0)
(203.789 0 0)
(209.956 0 0)
(216.387 0 0)
(225.997 0 0)
(243.041 0 0)
(256.42 0 0)
(260.972 0 0)
(264.317 0 0)
(267.57 0 0)
(270.408 0 0)
(271.358 0 0)
(271.261 0 0)
(273.965 0 0)
(277.024 0 0)
(279.133 0 0)
(281.609 0 0)
(283.974 0 0)
(284.544 0 0)
(283.83 0 0)
(283.371 0 0)
(283.197 0 0)
(282.668 0 0)
(282.666 0 0)
(283.907 0 0)
(284.257 0 0)
(281.959 0 0)
(281.064 0 0)
(285.259 0 0)
(287.216 0 0)
(282.535 0 0)
(277.934 0 0)
(280.809 0 0)
(289.346 0 0)
(290.593 0 0)
(274.913 0 0)
(269.965 0 0)
(258.472 0 0)
(78.1704 0 0)
(12.0506 0 0)
(15.1593 0 0)
(22.514 0 0)
(10.0899 0 0)
(19.2433 0 0)
(6.54087 0 0)
(4.44053 0 0)
(-0.573309 0 0)
(-8.41336 0 0)
(-4.2182 0 0)
(-8.71623 0 0)
(-11.8539 0 0)
(-5.03154 0 0)
(-2.04248 0 0)
(6.70526 0 0)
(12.5049 0 0)
(12.267 0 0)
(5.30934 0 0)
(-5.44728 0 0)
(-10.2179 0 0)
(-5.91345 0 0)
(0.692593 0 0)
(6.44576 0 0)
(7.62882 0 0)
(3.44921 0 0)
(-3.85785 0 0)
(-9.3562 0 0)
(-9.05493 0 0)
(-4.01266 0 0)
)
;

boundaryField
{
    sides
    {
        type            fixedValue;
        value           uniform (0 0 0);
    }
    empty
    {
        type            empty;
    }
}


// ************************************************************************* //
