/*--------------------------------*- C++ -*----------------------------------*\
| =========                 |                                                 |
| \\      /  F ield         | OpenFOAM: The Open Source CFD Toolbox           |
|  \\    /   O peration     | Version:  2412                                  |
|   \\  /    A nd           | Website:  www.openfoam.com                      |
|    \\/     M anipulation  |                                                 |
\*---------------------------------------------------------------------------*/
FoamFile
{
    version     2.0;
    format      ascii;
    arch        "LSB;label=32;scalar=64";
    class       volVectorField;
    location    "0.0130629";
    object      U;
}
// * * * * * * * * * * * * * * * * * * * * * * * * * * * * * * * * * * * * * //

dimensions      [0 1 -1 0 0 0 0];

internalField   nonuniform List<vector> 
100
(
(-2.02711e-14 0 0)
(1.26064e-12 0 0)
(5.98624e-10 0 0)
(2.43524e-07 0 0)
(6.36472e-05 0 0)
(0.00791268 0 0)
(0.326271 0 0)
(3.52701 0 0)
(12.8627 0 0)
(24.7602 0 0)
(34.9838 0 0)
(43.1226 0 0)
(50.0927 0 0)
(56.5891 0 0)
(62.9457 0 0)
(69.285 0 0)
(75.6378 0 0)
(82.0062 0 0)
(88.386 0 0)
(94.7776 0 0)
(101.177 0 0)
(107.597 0 0)
(114.009 0 0)
(120.481 0 0)
(126.85 0 0)
(133.426 0 0)
(139.595 0 0)
(146.376 0 0)
(152.209 0 0)
(159.187 0 0)
(164.99 0 0)
(171.628 0 0)
(178.034 0 0)
(183.942 0 0)
(190.687 0 0)
(196.55 0 0)
(203.312 0 0)
(209.134 0 0)
(215.922 0 0)
(222.086 0 0)
(228.685 0 0)
(234.853 0 0)
(241.44 0 0)
(247.747 0 0)
(253.939 0 0)
(260.253 0 0)
(266.685 0 0)
(271.611 0 0)
(276.186 0 0)
(281.032 0 0)
(285.395 0 0)
(286.985 0 0)
(283.604 0 0)
(279.825 0 0)
(279.92 0 0)
(287.26 0 0)
(288.807 0 0)
(280.908 0 0)
(275.86 0 0)
(278.84 0 0)
(289.556 0 0)
(290.39 0 0)
(280.385 0 0)
(275.46 0 0)
(278.545 0 0)
(289.795 0 0)
(289.382 0 0)
(283.003 0 0)
(276.238 0 0)
(276.77 0 0)
(285.766 0 0)
(288.392 0 0)
(286.759 0 0)
(278.084 0 0)
(276.75 0 0)
(277.473 0 0)
(284.965 0 0)
(288.744 0 0)
(285.038 0 0)
(284.38 0 0)
(279.187 0 0)
(278.043 0 0)
(279.066 0 0)
(280.71 0 0)
(280.738 0 0)
(282.195 0 0)
(283.919 0 0)
(282.273 0 0)
(279.464 0 0)
(280.21 0 0)
(280.553 0 0)
(284.235 0 0)
(261.394 0 0)
(72.1651 0 0)
(-22.0796 0 0)
(-17.5056 0 0)
(0.642422 0 0)
(4.09263 0 0)
(4.87421 0 0)
(-2.34151 0 0)
)
;

boundaryField
{
    sides
    {
        type            fixedValue;
        value           uniform (0 0 0);
    }
    empty
    {
        type            empty;
    }
}


// ************************************************************************* //
