/*--------------------------------*- C++ -*----------------------------------*\
| =========                 |                                                 |
| \\      /  F ield         | OpenFOAM: The Open Source CFD Toolbox           |
|  \\    /   O peration     | Version:  2412                                  |
|   \\  /    A nd           | Website:  www.openfoam.com                      |
|    \\/     M anipulation  |                                                 |
\*---------------------------------------------------------------------------*/
FoamFile
{
    version     2.0;
    format      ascii;
    arch        "LSB;label=32;scalar=64";
    class       volVectorField;
    location    "0.0465734";
    object      U;
}
// * * * * * * * * * * * * * * * * * * * * * * * * * * * * * * * * * * * * * //

dimensions      [0 1 -1 0 0 0 0];

internalField   nonuniform List<vector> 
100
(
(-118.27 0 0)
(-164.882 0 0)
(-260.648 0 0)
(-262.007 0 0)
(-259.94 0 0)
(-243.594 0 0)
(-225.733 0 0)
(-219.743 0 0)
(-218.074 0 0)
(-216.545 0 0)
(-220.748 0 0)
(-233.797 0 0)
(-237.68 0 0)
(-236.423 0 0)
(-234.252 0 0)
(-228.064 0 0)
(-219.107 0 0)
(-215.6 0 0)
(-214.084 0 0)
(-215.482 0 0)
(-218.487 0 0)
(-218.383 0 0)
(-216.315 0 0)
(-210.385 0 0)
(-201.291 0 0)
(-197.458 0 0)
(-196.112 0 0)
(-199.009 0 0)
(-202.889 0 0)
(-202.381 0 0)
(-199.777 0 0)
(-192.013 0 0)
(-182.84 0 0)
(-179.308 0 0)
(-178.591 0 0)
(-185.309 0 0)
(-194.461 0 0)
(-195.315 0 0)
(-193.219 0 0)
(-186.347 0 0)
(-170.599 0 0)
(-160.642 0 0)
(-157.08 0 0)
(-156.066 0 0)
(-157.85 0 0)
(-164.923 0 0)
(-168.497 0 0)
(-167.91 0 0)
(-166.12 0 0)
(-162.397 0 0)
(-158.432 0 0)
(-155.989 0 0)
(-154.008 0 0)
(-150.391 0 0)
(-145.938 0 0)
(-143.162 0 0)
(-142.188 0 0)
(-142.611 0 0)
(-143.34 0 0)
(-142.588 0 0)
(-139.486 0 0)
(-133.643 0 0)
(-128.7 0 0)
(-126.963 0 0)
(-130.314 0 0)
(-143.329 0 0)
(-150.127 0 0)
(-149.677 0 0)
(-147.27 0 0)
(-138.813 0 0)
(-120.185 0 0)
(-102.431 0 0)
(-93.4574 0 0)
(-87.6948 0 0)
(-83.8714 0 0)
(-81.0903 0 0)
(-77.6017 0 0)
(-75.682 0 0)
(-73.4855 0 0)
(-74.029 0 0)
(-72.6802 0 0)
(-70.6404 0 0)
(-68.3554 0 0)
(-62.0945 0 0)
(-56.9305 0 0)
(-50.836 0 0)
(-46.6687 0 0)
(-43.0977 0 0)
(-40.9485 0 0)
(-38.1576 0 0)
(-36.0034 0 0)
(-33.2158 0 0)
(-30.059 0 0)
(-25.8089 0 0)
(-21.479 0 0)
(-17.4205 0 0)
(-13.3103 0 0)
(-9.77842 0 0)
(-5.61886 0 0)
(-2.04118 0 0)
)
;

boundaryField
{
    sides
    {
        type            fixedValue;
        value           uniform (0 0 0);
    }
    empty
    {
        type            empty;
    }
}


// ************************************************************************* //
