/*--------------------------------*- C++ -*----------------------------------*\
| =========                 |                                                 |
| \\      /  F ield         | OpenFOAM: The Open Source CFD Toolbox           |
|  \\    /   O peration     | Version:  2412                                  |
|   \\  /    A nd           | Website:  www.openfoam.com                      |
|    \\/     M anipulation  |                                                 |
\*---------------------------------------------------------------------------*/
FoamFile
{
    version     2.0;
    format      ascii;
    arch        "LSB;label=32;scalar=64";
    class       volVectorField;
    location    "0.0174705";
    object      U;
}
// * * * * * * * * * * * * * * * * * * * * * * * * * * * * * * * * * * * * * //

dimensions      [0 1 -1 0 0 0 0];

internalField   nonuniform List<vector> 
100
(
(4.05935 0 0)
(12.6391 0 0)
(22.3646 0 0)
(32.5861 0 0)
(44.3566 0 0)
(57.3857 0 0)
(70.4235 0 0)
(81.5767 0 0)
(90.7547 0 0)
(97.6371 0 0)
(102.139 0 0)
(105.984 0 0)
(110.17 0 0)
(114.88 0 0)
(119.834 0 0)
(124.81 0 0)
(129.671 0 0)
(134.579 0 0)
(139.308 0 0)
(144.305 0 0)
(148.853 0 0)
(153.999 0 0)
(158.369 0 0)
(163.585 0 0)
(168.061 0 0)
(173.036 0 0)
(177.869 0 0)
(182.46 0 0)
(187.486 0 0)
(191.939 0 0)
(197.046 0 0)
(201.455 0 0)
(206.553 0 0)
(211.12 0 0)
(216.156 0 0)
(220.786 0 0)
(225.753 0 0)
(230.545 0 0)
(235.469 0 0)
(240.248 0 0)
(245.033 0 0)
(249.846 0 0)
(254.719 0 0)
(259.448 0 0)
(263.844 0 0)
(268.483 0 0)
(273.15 0 0)
(276.888 0 0)
(280.215 0 0)
(283.306 0 0)
(284.607 0 0)
(284.729 0 0)
(283.653 0 0)
(281.969 0 0)
(281.289 0 0)
(285.057 0 0)
(286.67 0 0)
(282.537 0 0)
(278.065 0 0)
(279.532 0 0)
(288.783 0 0)
(290.628 0 0)
(279.501 0 0)
(274.575 0 0)
(279.223 0 0)
(291.392 0 0)
(292.284 0 0)
(277.992 0 0)
(273.059 0 0)
(277.446 0 0)
(291.149 0 0)
(291.158 0 0)
(281.845 0 0)
(273.582 0 0)
(274.829 0 0)
(287.606 0 0)
(289.589 0 0)
(287.118 0 0)
(275.357 0 0)
(275.416 0 0)
(277.061 0 0)
(288.434 0 0)
(293.236 0 0)
(155.417 0 0)
(28.3067 0 0)
(8.54058 0 0)
(27.2451 0 0)
(13.5497 0 0)
(1.34923 0 0)
(5.62424 0 0)
(11.9832 0 0)
(17.9215 0 0)
(17.6861 0 0)
(19.3827 0 0)
(22.0384 0 0)
(24.6897 0 0)
(24.0367 0 0)
(20.7138 0 0)
(14.3749 0 0)
(2.21872 0 0)
)
;

boundaryField
{
    sides
    {
        type            fixedValue;
        value           uniform (0 0 0);
    }
    empty
    {
        type            empty;
    }
}


// ************************************************************************* //
