/*--------------------------------*- C++ -*----------------------------------*\
| =========                 |                                                 |
| \\      /  F ield         | OpenFOAM: The Open Source CFD Toolbox           |
|  \\    /   O peration     | Version:  2412                                  |
|   \\  /    A nd           | Website:  www.openfoam.com                      |
|    \\/     M anipulation  |                                                 |
\*---------------------------------------------------------------------------*/
FoamFile
{
    version     2.0;
    format      ascii;
    arch        "LSB;label=32;scalar=64";
    class       volVectorField;
    location    "0.0166285";
    object      U;
}
// * * * * * * * * * * * * * * * * * * * * * * * * * * * * * * * * * * * * * //

dimensions      [0 1 -1 0 0 0 0];

internalField   nonuniform List<vector> 
100
(
(7.75002 0 0)
(19.0947 0 0)
(32.903 0 0)
(46.585 0 0)
(57.3768 0 0)
(66.0809 0 0)
(72.0366 0 0)
(76.5361 0 0)
(81.021 0 0)
(85.8581 0 0)
(90.918 0 0)
(96.0289 0 0)
(101.122 0 0)
(106.201 0 0)
(111.279 0 0)
(116.373 0 0)
(121.458 0 0)
(126.582 0 0)
(131.63 0 0)
(136.811 0 0)
(141.728 0 0)
(147.028 0 0)
(151.715 0 0)
(157.172 0 0)
(161.745 0 0)
(167.167 0 0)
(172.003 0 0)
(177.025 0 0)
(182.227 0 0)
(186.935 0 0)
(192.246 0 0)
(196.883 0 0)
(202.27 0 0)
(206.947 0 0)
(212.243 0 0)
(217.089 0 0)
(222.373 0 0)
(227.315 0 0)
(232.452 0 0)
(237.46 0 0)
(242.621 0 0)
(247.704 0 0)
(252.646 0 0)
(257.498 0 0)
(262.532 0 0)
(267.474 0 0)
(271.668 0 0)
(276.178 0 0)
(280.381 0 0)
(283.099 0 0)
(284.187 0 0)
(283.823 0 0)
(282.498 0 0)
(284.004 0 0)
(285.31 0 0)
(283.554 0 0)
(279.512 0 0)
(279.292 0 0)
(287.591 0 0)
(289.383 0 0)
(281.578 0 0)
(275.524 0 0)
(278.133 0 0)
(290.649 0 0)
(291.682 0 0)
(280.041 0 0)
(273.463 0 0)
(276.703 0 0)
(290.891 0 0)
(290.616 0 0)
(282.8 0 0)
(274.369 0 0)
(275.46 0 0)
(287.684 0 0)
(289.802 0 0)
(286.642 0 0)
(275.49 0 0)
(275.554 0 0)
(277.672 0 0)
(288.067 0 0)
(287.459 0 0)
(285.5 0 0)
(275.428 0 0)
(277.486 0 0)
(267.648 0 0)
(91.5665 0 0)
(5.43707 0 0)
(12.5023 0 0)
(15.0735 0 0)
(19.7286 0 0)
(18.5216 0 0)
(23.6614 0 0)
(26.703 0 0)
(25.0908 0 0)
(19.1182 0 0)
(13.3685 0 0)
(7.54218 0 0)
(3.5239 0 0)
(3.86961 0 0)
(-0.842777 0 0)
)
;

boundaryField
{
    sides
    {
        type            fixedValue;
        value           uniform (0 0 0);
    }
    empty
    {
        type            empty;
    }
}


// ************************************************************************* //
