/*--------------------------------*- C++ -*----------------------------------*\
| =========                 |                                                 |
| \\      /  F ield         | OpenFOAM: The Open Source CFD Toolbox           |
|  \\    /   O peration     | Version:  2412                                  |
|   \\  /    A nd           | Website:  www.openfoam.com                      |
|    \\/     M anipulation  |                                                 |
\*---------------------------------------------------------------------------*/
FoamFile
{
    version     2.0;
    format      ascii;
    arch        "LSB;label=32;scalar=64";
    class       volVectorField;
    location    "0.00535669";
    object      U;
}
// * * * * * * * * * * * * * * * * * * * * * * * * * * * * * * * * * * * * * //

dimensions      [0 1 -1 0 0 0 0];

internalField   nonuniform List<vector> 
100
(
(3.44025e-14 0 0)
(8.02129e-14 0 0)
(-3.50275e-14 0 0)
(-1.73307e-13 0 0)
(-1.53889e-13 0 0)
(-1.77345e-13 0 0)
(-1.87836e-13 0 0)
(-1.72829e-13 0 0)
(-2.12841e-13 0 0)
(-1.2705e-13 0 0)
(-1.03529e-13 0 0)
(-8.18001e-14 0 0)
(-7.28918e-14 0 0)
(-5.68387e-14 0 0)
(-4.00286e-14 0 0)
(-5.35846e-14 0 0)
(-1.00807e-14 0 0)
(-2.77861e-16 0 0)
(7.21624e-14 0 0)
(1.63563e-13 0 0)
(1.69708e-13 0 0)
(2.49089e-13 0 0)
(2.32361e-13 0 0)
(2.07032e-13 0 0)
(2.45161e-13 0 0)
(4.48992e-13 0 0)
(7.23675e-11 0 0)
(3.31482e-08 0 0)
(1.06021e-05 0 0)
(0.00183206 0 0)
(0.121959 0 0)
(2.23893 0 0)
(12.1218 0 0)
(29.6602 0 0)
(48.3344 0 0)
(65.3604 0 0)
(80.967 0 0)
(96.2407 0 0)
(110.792 0 0)
(126.641 0 0)
(140.323 0 0)
(157.063 0 0)
(170.552 0 0)
(184.173 0 0)
(200.922 0 0)
(214.102 0 0)
(227.181 0 0)
(242.033 0 0)
(260.866 0 0)
(274.8 0 0)
(277.515 0 0)
(280.152 0 0)
(283.715 0 0)
(288.141 0 0)
(286.685 0 0)
(278.002 0 0)
(278.477 0 0)
(284.925 0 0)
(288.828 0 0)
(287.205 0 0)
(280.099 0 0)
(277.34 0 0)
(279.279 0 0)
(282.48 0 0)
(280.279 0 0)
(276.598 0 0)
(278.748 0 0)
(281.626 0 0)
(285.699 0 0)
(286.183 0 0)
(283.318 0 0)
(276.003 0 0)
(275.591 0 0)
(285.36 0 0)
(289.851 0 0)
(244.328 0 0)
(55.8254 0 0)
(0.45159 0 0)
(0.000232577 0 0)
(2.50919e-08 0 0)
(2.64918e-12 0 0)
(-3.01926e-13 0 0)
(-1.59207e-13 0 0)
(-1.03963e-13 0 0)
(-1.48014e-13 0 0)
(-2.10773e-13 0 0)
(-9.9583e-14 0 0)
(-4.89809e-14 0 0)
(-2.09453e-13 0 0)
(-2.98975e-13 0 0)
(-3.06005e-13 0 0)
(-2.39113e-13 0 0)
(-1.66488e-13 0 0)
(-2.08851e-13 0 0)
(-2.82145e-13 0 0)
(-3.66414e-13 0 0)
(-3.73631e-13 0 0)
(-2.3246e-13 0 0)
(-1.56107e-13 0 0)
(-1.0653e-13 0 0)
)
;

boundaryField
{
    sides
    {
        type            fixedValue;
        value           uniform (0 0 0);
    }
    empty
    {
        type            empty;
    }
}


// ************************************************************************* //
