/*--------------------------------*- C++ -*----------------------------------*\
| =========                 |                                                 |
| \\      /  F ield         | OpenFOAM: The Open Source CFD Toolbox           |
|  \\    /   O peration     | Version:  2412                                  |
|   \\  /    A nd           | Website:  www.openfoam.com                      |
|    \\/     M anipulation  |                                                 |
\*---------------------------------------------------------------------------*/
FoamFile
{
    version     2.0;
    format      ascii;
    arch        "LSB;label=32;scalar=64";
    class       volVectorField;
    location    "0.0191955";
    object      U;
}
// * * * * * * * * * * * * * * * * * * * * * * * * * * * * * * * * * * * * * //

dimensions      [0 1 -1 0 0 0 0];

internalField   nonuniform List<vector> 
100
(
(3.94914 0 0)
(12.0021 0 0)
(20.0607 0 0)
(27.9868 0 0)
(35.9442 0 0)
(43.7133 0 0)
(51.3829 0 0)
(59.1334 0 0)
(67.2457 0 0)
(75.7665 0 0)
(85.0237 0 0)
(95.4986 0 0)
(107.059 0 0)
(118.952 0 0)
(130.008 0 0)
(139.707 0 0)
(147.413 0 0)
(152.131 0 0)
(154.709 0 0)
(157.944 0 0)
(160.977 0 0)
(165.505 0 0)
(170.064 0 0)
(174.915 0 0)
(179.484 0 0)
(183.625 0 0)
(188.15 0 0)
(192.182 0 0)
(196.847 0 0)
(200.899 0 0)
(205.54 0 0)
(209.705 0 0)
(214.304 0 0)
(218.541 0 0)
(223.06 0 0)
(227.414 0 0)
(231.915 0 0)
(236.294 0 0)
(240.707 0 0)
(245.085 0 0)
(249.499 0 0)
(253.917 0 0)
(258.272 0 0)
(262.38 0 0)
(266.552 0 0)
(270.934 0 0)
(274.765 0 0)
(278.033 0 0)
(281.623 0 0)
(283.635 0 0)
(284.386 0 0)
(284.139 0 0)
(283.18 0 0)
(282.288 0 0)
(283.704 0 0)
(285.006 0 0)
(283.224 0 0)
(280.036 0 0)
(280.489 0 0)
(287.183 0 0)
(289.051 0 0)
(280.073 0 0)
(275.957 0 0)
(280.652 0 0)
(291.077 0 0)
(291.946 0 0)
(275.94 0 0)
(272.686 0 0)
(279.538 0 0)
(291.985 0 0)
(291.694 0 0)
(276.446 0 0)
(273.035 0 0)
(277.382 0 0)
(291.544 0 0)
(290.882 0 0)
(281.869 0 0)
(273.184 0 0)
(273.601 0 0)
(240.69 0 0)
(62.6589 0 0)
(10.8022 0 0)
(13.3046 0 0)
(27.4815 0 0)
(9.8392 0 0)
(14.1444 0 0)
(23.0416 0 0)
(11.8475 0 0)
(2.55727 0 0)
(12.5881 0 0)
(19.4924 0 0)
(24.6756 0 0)
(18.4697 0 0)
(4.48651 0 0)
(-6.08686 0 0)
(-14.3812 0 0)
(-15.2636 0 0)
(-11.0496 0 0)
(-4.79599 0 0)
(-5.64737 0 0)
)
;

boundaryField
{
    sides
    {
        type            fixedValue;
        value           uniform (0 0 0);
    }
    empty
    {
        type            empty;
    }
}


// ************************************************************************* //
