/*--------------------------------*- C++ -*----------------------------------*\
| =========                 |                                                 |
| \\      /  F ield         | OpenFOAM: The Open Source CFD Toolbox           |
|  \\    /   O peration     | Version:  2412                                  |
|   \\  /    A nd           | Website:  www.openfoam.com                      |
|    \\/     M anipulation  |                                                 |
\*---------------------------------------------------------------------------*/
FoamFile
{
    version     2.0;
    format      ascii;
    arch        "LSB;label=32;scalar=64";
    class       volVectorField;
    location    "0.00145416";
    object      U;
}
// * * * * * * * * * * * * * * * * * * * * * * * * * * * * * * * * * * * * * //

dimensions      [0 1 -1 0 0 0 0];

internalField   nonuniform List<vector> 
100
(
(4.95002e-14 0 0)
(-1.52629e-15 0 0)
(-1.19556e-14 0 0)
(2.83065e-14 0 0)
(1.62656e-14 0 0)
(8.13178e-14 0 0)
(-4.1809e-14 0 0)
(-5.88174e-14 0 0)
(2.0194e-14 0 0)
(1.3419e-15 0 0)
(4.78356e-14 0 0)
(-1.92561e-15 0 0)
(-1.6522e-14 0 0)
(-4.06895e-14 0 0)
(6.91781e-17 0 0)
(2.68276e-14 0 0)
(4.57105e-14 0 0)
(2.5819e-16 0 0)
(-3.24508e-14 0 0)
(-4.60885e-14 0 0)
(2.41075e-14 0 0)
(7.10396e-14 0 0)
(1.59949e-14 0 0)
(-4.07442e-14 0 0)
(4.44155e-15 0 0)
(6.07875e-14 0 0)
(-8.4727e-15 0 0)
(-4.08292e-14 0 0)
(-3.89614e-16 0 0)
(7.7646e-14 0 0)
(9.41713e-14 0 0)
(7.23703e-14 0 0)
(3.13651e-14 0 0)
(5.72151e-14 0 0)
(3.53394e-14 0 0)
(-3.02324e-14 0 0)
(-3.74445e-14 0 0)
(-7.35949e-14 0 0)
(-3.18506e-14 0 0)
(1.5843e-10 0 0)
(1.68292e-07 0 0)
(8.64016e-05 0 0)
(0.0168254 0 0)
(0.928809 0 0)
(11.3616 0 0)
(43.9243 0 0)
(85.9094 0 0)
(139.429 0 0)
(178.295 0 0)
(222.573 0 0)
(279.297 0 0)
(281.734 0 0)
(278.701 0 0)
(285.871 0 0)
(297.923 0 0)
(299.042 0 0)
(224.428 0 0)
(30.1516 0 0)
(0.147126 0 0)
(6.84188e-05 0 0)
(8.74681e-09 0 0)
(1.20996e-12 0 0)
(6.96337e-15 0 0)
(7.02586e-15 0 0)
(7.33065e-14 0 0)
(1.01678e-13 0 0)
(-5.82314e-15 0 0)
(-1.41487e-14 0 0)
(-4.23689e-14 0 0)
(-4.1948e-14 0 0)
(-8.44612e-16 0 0)
(-3.65622e-14 0 0)
(3.43966e-14 0 0)
(1.57444e-14 0 0)
(-2.03528e-14 0 0)
(2.07285e-14 0 0)
(-7.03258e-15 0 0)
(6.98178e-15 0 0)
(-1.27735e-14 0 0)
(-2.93079e-14 0 0)
(5.62642e-14 0 0)
(1.01045e-13 0 0)
(4.90216e-15 0 0)
(-1.33093e-13 0 0)
(-3.61408e-14 0 0)
(5.61915e-14 0 0)
(9.39365e-14 0 0)
(4.80096e-15 0 0)
(-1.11443e-13 0 0)
(-1.57069e-13 0 0)
(-9.28767e-14 0 0)
(-6.44116e-15 0 0)
(8.53322e-14 0 0)
(6.85999e-15 0 0)
(-5.76084e-14 0 0)
(-6.40662e-15 0 0)
(7.30189e-15 0 0)
(5.67591e-14 0 0)
(6.81603e-15 0 0)
(-7.85796e-14 0 0)
)
;

boundaryField
{
    sides
    {
        type            fixedValue;
        value           uniform (0 0 0);
    }
    empty
    {
        type            empty;
    }
}


// ************************************************************************* //
