/*--------------------------------*- C++ -*----------------------------------*\
| =========                 |                                                 |
| \\      /  F ield         | OpenFOAM: The Open Source CFD Toolbox           |
|  \\    /   O peration     | Version:  2412                                  |
|   \\  /    A nd           | Website:  www.openfoam.com                      |
|    \\/     M anipulation  |                                                 |
\*---------------------------------------------------------------------------*/
FoamFile
{
    version     2.0;
    format      ascii;
    arch        "LSB;label=32;scalar=64";
    class       volVectorField;
    location    "0.03276";
    object      U;
}
// * * * * * * * * * * * * * * * * * * * * * * * * * * * * * * * * * * * * * //

dimensions      [0 1 -1 0 0 0 0];

internalField   nonuniform List<vector> 
100
(
(2.04391 0 0)
(6.22183 0 0)
(10.3138 0 0)
(14.5328 0 0)
(18.5612 0 0)
(22.8553 0 0)
(26.7497 0 0)
(31.1787 0 0)
(34.9705 0 0)
(39.473 0 0)
(43.2926 0 0)
(47.7031 0 0)
(51.7682 0 0)
(55.9357 0 0)
(60.266 0 0)
(64.2218 0 0)
(68.6668 0 0)
(72.5345 0 0)
(76.9992 0 0)
(80.8968 0 0)
(85.2874 0 0)
(89.256 0 0)
(93.5538 0 0)
(97.6052 0 0)
(101.871 0 0)
(106.001 0 0)
(110.237 0 0)
(114.393 0 0)
(118.588 0 0)
(122.741 0 0)
(126.908 0 0)
(131.061 0 0)
(135.219 0 0)
(139.365 0 0)
(143.519 0 0)
(147.645 0 0)
(151.778 0 0)
(155.791 0 0)
(159.791 0 0)
(163.845 0 0)
(167.691 0 0)
(171.479 0 0)
(175.202 0 0)
(178.502 0 0)
(181.288 0 0)
(183.44 0 0)
(185.147 0 0)
(187.535 0 0)
(182.045 0 0)
(23.48 0 0)
(-95.7678 0 0)
(-101.996 0 0)
(-88.0484 0 0)
(-81.0162 0 0)
(-76.2239 0 0)
(-71.7435 0 0)
(-68.2498 0 0)
(-67.5964 0 0)
(-67.6858 0 0)
(-67.3779 0 0)
(-65.4183 0 0)
(-59.4231 0 0)
(-56.1867 0 0)
(-49.9548 0 0)
(-50.2432 0 0)
(-48.8248 0 0)
(-48.6183 0 0)
(-50.5973 0 0)
(-44.7749 0 0)
(-42.5047 0 0)
(-31.5006 0 0)
(-27.6621 0 0)
(-23.965 0 0)
(-23.9113 0 0)
(-27.0836 0 0)
(-18.0267 0 0)
(-7.14596 0 0)
(5.9873 0 0)
(8.75184 0 0)
(8.92427 0 0)
(5.57927 0 0)
(-0.3992 0 0)
(-1.72776 0 0)
(-0.70099 0 0)
(1.47067 0 0)
(2.33499 0 0)
(0.633932 0 0)
(-1.33322 0 0)
(-3.63113 0 0)
(-1.57003 0 0)
(1.27772 0 0)
(3.50162 0 0)
(2.17729 0 0)
(-0.81795 0 0)
(-3.51192 0 0)
(-3.60295 0 0)
(-1.77779 0 0)
(1.20884 0 0)
(2.63723 0 0)
(-0.849044 0 0)
)
;

boundaryField
{
    sides
    {
        type            fixedValue;
        value           uniform (0 0 0);
    }
    empty
    {
        type            empty;
    }
}


// ************************************************************************* //
