/*--------------------------------*- C++ -*----------------------------------*\
| =========                 |                                                 |
| \\      /  F ield         | OpenFOAM: The Open Source CFD Toolbox           |
|  \\    /   O peration     | Version:  2412                                  |
|   \\  /    A nd           | Website:  www.openfoam.com                      |
|    \\/     M anipulation  |                                                 |
\*---------------------------------------------------------------------------*/
FoamFile
{
    version     2.0;
    format      ascii;
    arch        "LSB;label=32;scalar=64";
    class       volVectorField;
    location    "0.00968798";
    object      U;
}
// * * * * * * * * * * * * * * * * * * * * * * * * * * * * * * * * * * * * * //

dimensions      [0 1 -1 0 0 0 0];

internalField   nonuniform List<vector> 
100
(
(2.73585e-15 0 0)
(-8.94073e-15 0 0)
(3.85245e-14 0 0)
(1.48955e-14 0 0)
(-2.33283e-14 0 0)
(2.77831e-15 0 0)
(7.95228e-14 0 0)
(1.74788e-13 0 0)
(1.36428e-13 0 0)
(8.29395e-14 0 0)
(8.22817e-14 0 0)
(6.3593e-14 0 0)
(9.87839e-12 0 0)
(4.76309e-09 0 0)
(1.70031e-06 0 0)
(0.000358325 0 0)
(0.0323316 0 0)
(0.870691 0 0)
(6.40106 0 0)
(18.4505 0 0)
(31.9142 0 0)
(43.4695 0 0)
(53.2664 0 0)
(62.1839 0 0)
(70.7762 0 0)
(79.2828 0 0)
(87.7757 0 0)
(96.2967 0 0)
(104.804 0 0)
(113.424 0 0)
(121.864 0 0)
(130.71 0 0)
(138.8 0 0)
(148.048 0 0)
(155.674 0 0)
(164.923 0 0)
(172.996 0 0)
(181.001 0 0)
(190.15 0 0)
(197.674 0 0)
(206.621 0 0)
(214.487 0 0)
(223.576 0 0)
(231.749 0 0)
(240.833 0 0)
(248.342 0 0)
(256.271 0 0)
(265.515 0 0)
(273.837 0 0)
(279.986 0 0)
(280.783 0 0)
(281.033 0 0)
(285.706 0 0)
(287.993 0 0)
(285.143 0 0)
(277.328 0 0)
(276.457 0 0)
(287.112 0 0)
(289.904 0 0)
(285.638 0 0)
(277.383 0 0)
(276.986 0 0)
(285.054 0 0)
(288.28 0 0)
(286.163 0 0)
(277.886 0 0)
(278.065 0 0)
(279.93 0 0)
(287.506 0 0)
(287.425 0 0)
(286.659 0 0)
(281.235 0 0)
(278.191 0 0)
(279.083 0 0)
(281.147 0 0)
(282.589 0 0)
(279.143 0 0)
(277.923 0 0)
(280.362 0 0)
(282.772 0 0)
(283.705 0 0)
(282.756 0 0)
(280.018 0 0)
(279.538 0 0)
(279.725 0 0)
(281.701 0 0)
(283.568 0 0)
(283.649 0 0)
(282.482 0 0)
(278.395 0 0)
(276.702 0 0)
(276.479 0 0)
(276.539 0 0)
(278.779 0 0)
(293.448 0 0)
(296.11 0 0)
(241.498 0 0)
(46.5185 0 0)
(0.30525 0 0)
(0.000135382 0 0)
)
;

boundaryField
{
    sides
    {
        type            fixedValue;
        value           uniform (0 0 0);
    }
    empty
    {
        type            empty;
    }
}


// ************************************************************************* //
