/*--------------------------------*- C++ -*----------------------------------*\
| =========                 |                                                 |
| \\      /  F ield         | OpenFOAM: The Open Source CFD Toolbox           |
|  \\    /   O peration     | Version:  2412                                  |
|   \\  /    A nd           | Website:  www.openfoam.com                      |
|    \\/     M anipulation  |                                                 |
\*---------------------------------------------------------------------------*/
FoamFile
{
    version     2.0;
    format      ascii;
    arch        "LSB;label=32;scalar=64";
    class       volVectorField;
    location    "0.00200908";
    object      U;
}
// * * * * * * * * * * * * * * * * * * * * * * * * * * * * * * * * * * * * * //

dimensions      [0 1 -1 0 0 0 0];

internalField   nonuniform List<vector> 
100
(
(-2.24017e-14 0 0)
(-6.54536e-14 0 0)
(1.21016e-14 0 0)
(9.2183e-14 0 0)
(8.02081e-14 0 0)
(2.52926e-14 0 0)
(-1.78677e-14 0 0)
(-5.0763e-14 0 0)
(2.81766e-14 0 0)
(1.73206e-14 0 0)
(7.87316e-17 0 0)
(2.18791e-14 0 0)
(-4.58983e-16 0 0)
(-6.47217e-14 0 0)
(-7.79874e-15 0 0)
(5.8689e-14 0 0)
(5.36809e-14 0 0)
(1.62414e-14 0 0)
(-5.64053e-14 0 0)
(-3.01332e-14 0 0)
(-1.58014e-14 0 0)
(-2.47821e-14 0 0)
(1.59954e-14 0 0)
(2.3151e-14 0 0)
(4.42602e-14 0 0)
(6.88151e-14 0 0)
(5.5399e-14 0 0)
(5.51141e-14 0 0)
(3.1628e-14 0 0)
(5.59534e-15 0 0)
(4.63566e-14 0 0)
(9.63248e-14 0 0)
(1.51021e-13 0 0)
(1.13206e-13 0 0)
(-4.50465e-15 0 0)
(-8.63804e-14 0 0)
(-3.66745e-14 0 0)
(1.44364e-10 0 0)
(1.04481e-07 0 0)
(4.31251e-05 0 0)
(0.00792729 0 0)
(0.47018 0 0)
(6.75764 0 0)
(29.6417 0 0)
(63.9917 0 0)
(103.143 0 0)
(133.997 0 0)
(172.853 0 0)
(211.047 0 0)
(237.013 0 0)
(283.178 0 0)
(293.704 0 0)
(278.081 0 0)
(272.624 0 0)
(273.589 0 0)
(280.714 0 0)
(290.047 0 0)
(301.867 0 0)
(293.354 0 0)
(174.631 0 0)
(9.19355 0 0)
(0.0178175 0 0)
(4.12257e-06 0 0)
(3.3452e-10 0 0)
(1.74063e-13 0 0)
(8.05317e-14 0 0)
(-5.72662e-15 0 0)
(-3.51287e-14 0 0)
(-2.13269e-14 0 0)
(-2.80463e-14 0 0)
(6.16605e-15 0 0)
(4.73235e-14 0 0)
(-1.47138e-14 0 0)
(-9.59302e-14 0 0)
(4.87609e-16 0 0)
(6.9786e-14 0 0)
(1.39563e-14 0 0)
(-2.10049e-14 0 0)
(-8.98612e-14 0 0)
(5.60541e-15 0 0)
(1.05437e-13 0 0)
(3.82018e-14 0 0)
(1.18209e-14 0 0)
(-7.01558e-14 0 0)
(-2.92703e-14 0 0)
(4.23083e-14 0 0)
(1.01721e-14 0 0)
(-3.0416e-14 0 0)
(-7.64646e-14 0 0)
(-1.84949e-13 0 0)
(-1.41819e-13 0 0)
(-9.03952e-14 0 0)
(5.03143e-14 0 0)
(9.79123e-14 0 0)
(-2.25506e-14 0 0)
(-1.36031e-14 0 0)
(-1.37096e-14 0 0)
(2.16941e-14 0 0)
(1.40102e-14 0 0)
(-5.75935e-14 0 0)
)
;

boundaryField
{
    sides
    {
        type            fixedValue;
        value           uniform (0 0 0);
    }
    empty
    {
        type            empty;
    }
}


// ************************************************************************* //
