/*--------------------------------*- C++ -*----------------------------------*\
| =========                 |                                                 |
| \\      /  F ield         | OpenFOAM: The Open Source CFD Toolbox           |
|  \\    /   O peration     | Version:  2412                                  |
|   \\  /    A nd           | Website:  www.openfoam.com                      |
|    \\/     M anipulation  |                                                 |
\*---------------------------------------------------------------------------*/
FoamFile
{
    version     2.0;
    format      ascii;
    arch        "LSB;label=32;scalar=64";
    class       volVectorField;
    location    "0.0195826";
    object      U;
}
// * * * * * * * * * * * * * * * * * * * * * * * * * * * * * * * * * * * * * //

dimensions      [0 1 -1 0 0 0 0];

internalField   nonuniform List<vector> 
100
(
(3.83726 0 0)
(11.732 0 0)
(19.531 0 0)
(27.2774 0 0)
(35.1558 0 0)
(42.9247 0 0)
(50.5875 0 0)
(58.0901 0 0)
(65.582 0 0)
(73.2622 0 0)
(81.3474 0 0)
(89.8596 0 0)
(99.2282 0 0)
(109.842 0 0)
(121.174 0 0)
(132.818 0 0)
(143.527 0 0)
(153.048 0 0)
(159.593 0 0)
(163.448 0 0)
(165.792 0 0)
(168.95 0 0)
(172.077 0 0)
(176.247 0 0)
(181.201 0 0)
(185.713 0 0)
(190.357 0 0)
(194.248 0 0)
(198.741 0 0)
(202.703 0 0)
(207.239 0 0)
(211.351 0 0)
(215.861 0 0)
(220.053 0 0)
(224.465 0 0)
(228.727 0 0)
(233.134 0 0)
(237.454 0 0)
(241.787 0 0)
(246.073 0 0)
(250.356 0 0)
(254.67 0 0)
(258.992 0 0)
(263.204 0 0)
(266.961 0 0)
(271.252 0 0)
(275.309 0 0)
(278.427 0 0)
(281.447 0 0)
(283.739 0 0)
(284.318 0 0)
(284.17 0 0)
(283.548 0 0)
(282.606 0 0)
(282.123 0 0)
(284.356 0 0)
(285.629 0 0)
(282.283 0 0)
(279.325 0 0)
(281.279 0 0)
(287.99 0 0)
(289.302 0 0)
(278.208 0 0)
(275.372 0 0)
(282.539 0 0)
(291.869 0 0)
(290.533 0 0)
(274.061 0 0)
(272.558 0 0)
(281.641 0 0)
(292.717 0 0)
(290.813 0 0)
(274.343 0 0)
(273.264 0 0)
(278.454 0 0)
(291.345 0 0)
(291.395 0 0)
(280.69 0 0)
(251.953 0 0)
(91.8997 0 0)
(8.34999 0 0)
(-0.454032 0 0)
(9.7854 0 0)
(27.7324 0 0)
(13.006 0 0)
(16.6161 0 0)
(22.6303 0 0)
(16.0762 0 0)
(7.38855 0 0)
(6.48824 0 0)
(8.95784 0 0)
(16.4365 0 0)
(16.6243 0 0)
(7.70076 0 0)
(-7.01679 0 0)
(-18.4434 0 0)
(-20.8105 0 0)
(-16.3593 0 0)
(-7.30094 0 0)
(-5.99469 0 0)
)
;

boundaryField
{
    sides
    {
        type            fixedValue;
        value           uniform (0 0 0);
    }
    empty
    {
        type            empty;
    }
}


// ************************************************************************* //
