/*--------------------------------*- C++ -*----------------------------------*\
| =========                 |                                                 |
| \\      /  F ield         | OpenFOAM: The Open Source CFD Toolbox           |
|  \\    /   O peration     | Version:  2412                                  |
|   \\  /    A nd           | Website:  www.openfoam.com                      |
|    \\/     M anipulation  |                                                 |
\*---------------------------------------------------------------------------*/
FoamFile
{
    version     2.0;
    format      ascii;
    arch        "LSB;label=32;scalar=64";
    class       volVectorField;
    location    "0.0167585";
    object      U;
}
// * * * * * * * * * * * * * * * * * * * * * * * * * * * * * * * * * * * * * //

dimensions      [0 1 -1 0 0 0 0];

internalField   nonuniform List<vector> 
100
(
(6.8894 0 0)
(17.2159 0 0)
(30.52 0 0)
(44.4102 0 0)
(56.6225 0 0)
(66.3023 0 0)
(73.6621 0 0)
(78.6245 0 0)
(82.9235 0 0)
(87.4983 0 0)
(92.4253 0 0)
(97.4994 0 0)
(102.578 0 0)
(107.633 0 0)
(112.675 0 0)
(117.731 0 0)
(122.775 0 0)
(127.865 0 0)
(132.867 0 0)
(138.018 0 0)
(142.877 0 0)
(148.152 0 0)
(152.782 0 0)
(158.207 0 0)
(162.754 0 0)
(168.111 0 0)
(172.95 0 0)
(177.896 0 0)
(183.075 0 0)
(187.74 0 0)
(193.017 0 0)
(197.614 0 0)
(202.959 0 0)
(207.62 0 0)
(212.869 0 0)
(217.677 0 0)
(222.917 0 0)
(227.841 0 0)
(232.939 0 0)
(237.897 0 0)
(243.001 0 0)
(248.065 0 0)
(252.997 0 0)
(257.782 0 0)
(262.724 0 0)
(267.663 0 0)
(271.929 0 0)
(276.18 0 0)
(280.456 0 0)
(283.164 0 0)
(284.421 0 0)
(283.867 0 0)
(282.451 0 0)
(283.204 0 0)
(285.178 0 0)
(285.007 0 0)
(280.007 0 0)
(278.2 0 0)
(285.716 0 0)
(289.114 0 0)
(285.204 0 0)
(276.342 0 0)
(274.992 0 0)
(289.13 0 0)
(291.309 0 0)
(284.822 0 0)
(274.286 0 0)
(273.553 0 0)
(288.247 0 0)
(291.205 0 0)
(286.706 0 0)
(275.174 0 0)
(275.006 0 0)
(282.717 0 0)
(290.451 0 0)
(288.933 0 0)
(277.966 0 0)
(274.416 0 0)
(275.792 0 0)
(286.71 0 0)
(288.121 0 0)
(286.996 0 0)
(277.304 0 0)
(276.565 0 0)
(237.938 0 0)
(50.4271 0 0)
(0.152765 0 0)
(10.7167 0 0)
(13.0112 0 0)
(20.1026 0 0)
(18.7826 0 0)
(21.6615 0 0)
(25.4647 0 0)
(25.5516 0 0)
(21.7828 0 0)
(16.7293 0 0)
(10.2005 0 0)
(4.6666 0 0)
(4.37864 0 0)
(-0.374207 0 0)
)
;

boundaryField
{
    sides
    {
        type            fixedValue;
        value           uniform (0 0 0);
    }
    empty
    {
        type            empty;
    }
}


// ************************************************************************* //
