/*--------------------------------*- C++ -*----------------------------------*\
| =========                 |                                                 |
| \\      /  F ield         | OpenFOAM: The Open Source CFD Toolbox           |
|  \\    /   O peration     | Version:  2412                                  |
|   \\  /    A nd           | Website:  www.openfoam.com                      |
|    \\/     M anipulation  |                                                 |
\*---------------------------------------------------------------------------*/
FoamFile
{
    version     2.0;
    format      ascii;
    arch        "LSB;label=32;scalar=64";
    class       volVectorField;
    location    "0.0269468";
    object      U;
}
// * * * * * * * * * * * * * * * * * * * * * * * * * * * * * * * * * * * * * //

dimensions      [0 1 -1 0 0 0 0];

internalField   nonuniform List<vector> 
100
(
(2.58623 0 0)
(7.8347 0 0)
(13.0585 0 0)
(18.3203 0 0)
(23.5747 0 0)
(28.8663 0 0)
(34.0907 0 0)
(39.4334 0 0)
(44.5599 0 0)
(50.0269 0 0)
(55.0087 0 0)
(60.5937 0 0)
(65.4834 0 0)
(71.0433 0 0)
(76.0732 0 0)
(81.4748 0 0)
(86.7682 0 0)
(91.9016 0 0)
(97.3586 0 0)
(102.34 0 0)
(107.886 0 0)
(112.886 0 0)
(118.421 0 0)
(123.482 0 0)
(128.955 0 0)
(134.116 0 0)
(139.535 0 0)
(144.755 0 0)
(150.121 0 0)
(155.367 0 0)
(160.671 0 0)
(165.893 0 0)
(171.157 0 0)
(176.424 0 0)
(181.768 0 0)
(187.183 0 0)
(192.657 0 0)
(198.065 0 0)
(203.319 0 0)
(208.461 0 0)
(213.445 0 0)
(218.176 0 0)
(222.835 0 0)
(227.391 0 0)
(231.512 0 0)
(235.922 0 0)
(242.236 0 0)
(249.801 0 0)
(254.13 0 0)
(254.141 0 0)
(254.05 0 0)
(254.601 0 0)
(259.727 0 0)
(277.784 0 0)
(289.168 0 0)
(289.734 0 0)
(288.999 0 0)
(289.29 0 0)
(290.84 0 0)
(289.58 0 0)
(284.649 0 0)
(280.784 0 0)
(283.953 0 0)
(254.04 0 0)
(75.4351 0 0)
(9.77858 0 0)
(6.50267 0 0)
(2.55252 0 0)
(2.00221 0 0)
(-10.0958 0 0)
(-3.56678 0 0)
(-5.76541 0 0)
(-4.86009 0 0)
(-1.0167 0 0)
(-4.39091 0 0)
(7.98428 0 0)
(6.919 0 0)
(8.73271 0 0)
(4.50763 0 0)
(-6.33277 0 0)
(-7.1012 0 0)
(-5.31941 0 0)
(1.27581 0 0)
(8.43353 0 0)
(8.4035 0 0)
(5.82527 0 0)
(-3.29895 0 0)
(-7.78228 0 0)
(-9.19661 0 0)
(-3.1172 0 0)
(2.4624 0 0)
(5.42434 0 0)
(3.34304 0 0)
(0.510702 0 0)
(-0.976187 0 0)
(-1.91032 0 0)
(0.397857 0 0)
(0.614761 0 0)
(1.23771 0 0)
(-1.43625 0 0)
)
;

boundaryField
{
    sides
    {
        type            fixedValue;
        value           uniform (0 0 0);
    }
    empty
    {
        type            empty;
    }
}


// ************************************************************************* //
