/*--------------------------------*- C++ -*----------------------------------*\
| =========                 |                                                 |
| \\      /  F ield         | OpenFOAM: The Open Source CFD Toolbox           |
|  \\    /   O peration     | Version:  2412                                  |
|   \\  /    A nd           | Website:  www.openfoam.com                      |
|    \\/     M anipulation  |                                                 |
\*---------------------------------------------------------------------------*/
FoamFile
{
    version     2.0;
    format      ascii;
    arch        "LSB;label=32;scalar=64";
    class       volVectorField;
    location    "0.0437313";
    object      U;
}
// * * * * * * * * * * * * * * * * * * * * * * * * * * * * * * * * * * * * * //

dimensions      [0 1 -1 0 0 0 0];

internalField   nonuniform List<vector> 
100
(
(1.54854 0 0)
(4.54408 0 0)
(7.59203 0 0)
(10.6502 0 0)
(13.6856 0 0)
(16.7281 0 0)
(19.9062 0 0)
(23.3157 0 0)
(21.0969 0 0)
(-111.762 0 0)
(-225.845 0 0)
(-233.728 0 0)
(-217.646 0 0)
(-211.834 0 0)
(-211.995 0 0)
(-224.328 0 0)
(-229.626 0 0)
(-228.408 0 0)
(-226.385 0 0)
(-223.94 0 0)
(-213.18 0 0)
(-195.485 0 0)
(-188.381 0 0)
(-186.248 0 0)
(-185.443 0 0)
(-189.686 0 0)
(-198.455 0 0)
(-200.096 0 0)
(-198.629 0 0)
(-196.236 0 0)
(-190.39 0 0)
(-183.283 0 0)
(-180.092 0 0)
(-179.174 0 0)
(-180.751 0 0)
(-181.699 0 0)
(-180.244 0 0)
(-175.952 0 0)
(-167.787 0 0)
(-162.834 0 0)
(-161.229 0 0)
(-163.07 0 0)
(-166.186 0 0)
(-165.778 0 0)
(-162.78 0 0)
(-155.21 0 0)
(-147.746 0 0)
(-144.703 0 0)
(-145.065 0 0)
(-151.815 0 0)
(-156.914 0 0)
(-156.489 0 0)
(-153.274 0 0)
(-143.339 0 0)
(-130.489 0 0)
(-124.657 0 0)
(-122.661 0 0)
(-123.186 0 0)
(-127.047 0 0)
(-129.966 0 0)
(-129.691 0 0)
(-128.41 0 0)
(-125.32 0 0)
(-121.575 0 0)
(-118.86 0 0)
(-116.88 0 0)
(-113.967 0 0)
(-109.347 0 0)
(-106.484 0 0)
(-104.717 0 0)
(-105.243 0 0)
(-104.791 0 0)
(-103.25 0 0)
(-100.009 0 0)
(-93.7557 0 0)
(-91.2706 0 0)
(-89.619 0 0)
(-97.9001 0 0)
(-106.749 0 0)
(-108.202 0 0)
(-106.974 0 0)
(-100.017 0 0)
(-86.879 0 0)
(-67.4097 0 0)
(-56.6084 0 0)
(-49.8477 0 0)
(-46.389 0 0)
(-42.799 0 0)
(-40.0414 0 0)
(-37.7867 0 0)
(-35.956 0 0)
(-34.0371 0 0)
(-31.1019 0 0)
(-27.2214 0 0)
(-22.5195 0 0)
(-17.0251 0 0)
(-10.6652 0 0)
(-5.5629 0 0)
(-1.78785 0 0)
(-1.14627 0 0)
)
;

boundaryField
{
    sides
    {
        type            fixedValue;
        value           uniform (0 0 0);
    }
    empty
    {
        type            empty;
    }
}


// ************************************************************************* //
