/*--------------------------------*- C++ -*----------------------------------*\
| =========                 |                                                 |
| \\      /  F ield         | OpenFOAM: The Open Source CFD Toolbox           |
|  \\    /   O peration     | Version:  2412                                  |
|   \\  /    A nd           | Website:  www.openfoam.com                      |
|    \\/     M anipulation  |                                                 |
\*---------------------------------------------------------------------------*/
FoamFile
{
    version     2.0;
    format      ascii;
    arch        "LSB;label=32;scalar=64";
    class       volVectorField;
    location    "0.00361186";
    object      U;
}
// * * * * * * * * * * * * * * * * * * * * * * * * * * * * * * * * * * * * * //

dimensions      [0 1 -1 0 0 0 0];

internalField   nonuniform List<vector> 
100
(
(1.37494e-15 0 0)
(-5.76267e-14 0 0)
(-1.24389e-13 0 0)
(-5.1609e-14 0 0)
(8.69184e-15 0 0)
(3.33593e-14 0 0)
(7.84421e-14 0 0)
(1.28555e-14 0 0)
(-4.3947e-14 0 0)
(-6.29726e-14 0 0)
(-1.357e-13 0 0)
(-2.57211e-14 0 0)
(-4.84728e-14 0 0)
(-4.10046e-14 0 0)
(-1.58937e-14 0 0)
(-4.51793e-14 0 0)
(-2.19094e-15 0 0)
(4.85188e-14 0 0)
(1.53491e-14 0 0)
(9.62065e-15 0 0)
(3.23014e-14 0 0)
(8.73669e-14 0 0)
(1.28031e-13 0 0)
(1.19109e-13 0 0)
(1.00285e-13 0 0)
(4.45893e-14 0 0)
(1.18676e-13 0 0)
(1.82832e-13 0 0)
(1.83483e-13 0 0)
(1.33319e-13 0 0)
(7.03302e-14 0 0)
(1.89711e-12 0 0)
(1.11666e-09 0 0)
(4.85834e-07 0 0)
(0.000130234 0 0)
(0.0160404 0 0)
(0.6374 0 0)
(6.64071 0 0)
(24.1394 0 0)
(48.1966 0 0)
(71.8889 0 0)
(94.872 0 0)
(115.166 0 0)
(139.143 0 0)
(158.087 0 0)
(178.927 0 0)
(204.487 0 0)
(217.838 0 0)
(240.493 0 0)
(266.36 0 0)
(284.346 0 0)
(282.562 0 0)
(278.948 0 0)
(283.317 0 0)
(287.369 0 0)
(284.887 0 0)
(277.166 0 0)
(277.038 0 0)
(280.887 0 0)
(285.728 0 0)
(283.168 0 0)
(274.919 0 0)
(274.317 0 0)
(275.334 0 0)
(283.289 0 0)
(299.439 0 0)
(287.036 0 0)
(153.017 0 0)
(5.72407 0 0)
(0.00840326 0 0)
(1.6515e-06 0 0)
(1.372e-10 0 0)
(1.60617e-13 0 0)
(-1.1894e-14 0 0)
(-2.83851e-14 0 0)
(1.04965e-13 0 0)
(-2.79081e-14 0 0)
(3.01698e-16 0 0)
(-4.11351e-14 0 0)
(-1.62835e-13 0 0)
(-1.60483e-13 0 0)
(-5.90505e-14 0 0)
(4.01834e-14 0 0)
(-6.35427e-14 0 0)
(-5.08969e-14 0 0)
(-1.47224e-13 0 0)
(-2.96964e-13 0 0)
(-1.9032e-13 0 0)
(-1.60412e-13 0 0)
(-1.57263e-13 0 0)
(-3.6433e-14 0 0)
(-6.2594e-14 0 0)
(-1.45835e-13 0 0)
(-2.09703e-13 0 0)
(-2.04782e-13 0 0)
(-1.11704e-13 0 0)
(-7.60525e-14 0 0)
(5.96178e-16 0 0)
(-5.65665e-14 0 0)
(-1.13737e-13 0 0)
)
;

boundaryField
{
    sides
    {
        type            fixedValue;
        value           uniform (0 0 0);
    }
    empty
    {
        type            empty;
    }
}


// ************************************************************************* //
