/*--------------------------------*- C++ -*----------------------------------*\
| =========                 |                                                 |
| \\      /  F ield         | OpenFOAM: The Open Source CFD Toolbox           |
|  \\    /   O peration     | Version:  2412                                  |
|   \\  /    A nd           | Website:  www.openfoam.com                      |
|    \\/     M anipulation  |                                                 |
\*---------------------------------------------------------------------------*/
FoamFile
{
    version     2.0;
    format      ascii;
    arch        "LSB;label=32;scalar=64";
    class       volVectorField;
    location    "0.0331609";
    object      U;
}
// * * * * * * * * * * * * * * * * * * * * * * * * * * * * * * * * * * * * * //

dimensions      [0 1 -1 0 0 0 0];

internalField   nonuniform List<vector> 
100
(
(2.01158 0 0)
(6.13634 0 0)
(10.162 0 0)
(14.3224 0 0)
(18.2814 0 0)
(22.5336 0 0)
(26.3645 0 0)
(30.7562 0 0)
(34.492 0 0)
(38.9286 0 0)
(42.6918 0 0)
(47.017 0 0)
(51.0404 0 0)
(55.1297 0 0)
(59.4175 0 0)
(63.2987 0 0)
(67.6928 0 0)
(71.5041 0 0)
(75.9084 0 0)
(79.7626 0 0)
(84.107 0 0)
(88.0284 0 0)
(92.2634 0 0)
(96.2409 0 0)
(100.413 0 0)
(104.464 0 0)
(108.626 0 0)
(112.724 0 0)
(116.859 0 0)
(120.952 0 0)
(125.054 0 0)
(129.141 0 0)
(133.238 0 0)
(137.324 0 0)
(141.423 0 0)
(145.475 0 0)
(149.522 0 0)
(153.453 0 0)
(157.362 0 0)
(161.344 0 0)
(165.116 0 0)
(168.812 0 0)
(172.349 0 0)
(175.379 0 0)
(177.852 0 0)
(180.129 0 0)
(182.165 0 0)
(161.411 0 0)
(-25.7331 0 0)
(-106.997 0 0)
(-105.29 0 0)
(-90.7483 0 0)
(-84.3781 0 0)
(-80.9018 0 0)
(-76.5656 0 0)
(-74.9929 0 0)
(-74.3995 0 0)
(-74.6337 0 0)
(-73.8577 0 0)
(-70.6297 0 0)
(-66.0637 0 0)
(-60.6885 0 0)
(-59.6162 0 0)
(-55.223 0 0)
(-55.2847 0 0)
(-53.9606 0 0)
(-53.5011 0 0)
(-53.4475 0 0)
(-45.3164 0 0)
(-41.0287 0 0)
(-29.6218 0 0)
(-29.7792 0 0)
(-29.9971 0 0)
(-31.2838 0 0)
(-33.3263 0 0)
(-26.6821 0 0)
(-23.6597 0 0)
(-9.32869 0 0)
(4.51246 0 0)
(8.03653 0 0)
(7.96765 0 0)
(6.69367 0 0)
(3.9404 0 0)
(1.62874 0 0)
(1.84944 0 0)
(0.297346 0 0)
(-0.94889 0 0)
(-1.5122 0 0)
(-0.316906 0 0)
(0.715787 0 0)
(-0.307717 0 0)
(-1.51751 0 0)
(-3.10918 0 0)
(-3.61095 0 0)
(-3.3457 0 0)
(-0.936118 0 0)
(3.12856 0 0)
(5.23522 0 0)
(6.13831 0 0)
(2.64514 0 0)
)
;

boundaryField
{
    sides
    {
        type            fixedValue;
        value           uniform (0 0 0);
    }
    empty
    {
        type            empty;
    }
}


// ************************************************************************* //
