/*--------------------------------*- C++ -*----------------------------------*\
| =========                 |                                                 |
| \\      /  F ield         | OpenFOAM: The Open Source CFD Toolbox           |
|  \\    /   O peration     | Version:  2412                                  |
|   \\  /    A nd           | Website:  www.openfoam.com                      |
|    \\/     M anipulation  |                                                 |
\*---------------------------------------------------------------------------*/
FoamFile
{
    version     2.0;
    format      ascii;
    arch        "LSB;label=32;scalar=64";
    class       volVectorField;
    location    "0.0294413";
    object      U;
}
// * * * * * * * * * * * * * * * * * * * * * * * * * * * * * * * * * * * * * //

dimensions      [0 1 -1 0 0 0 0];

internalField   nonuniform List<vector> 
100
(
(2.3504 0 0)
(7.08702 0 0)
(11.7742 0 0)
(16.5122 0 0)
(21.1807 0 0)
(25.9708 0 0)
(30.5576 0 0)
(35.4233 0 0)
(39.8809 0 0)
(44.8702 0 0)
(49.1923 0 0)
(54.2121 0 0)
(58.6325 0 0)
(63.5428 0 0)
(68.2402 0 0)
(72.9334 0 0)
(77.8586 0 0)
(82.3599 0 0)
(87.3866 0 0)
(91.847 0 0)
(96.8769 0 0)
(101.395 0 0)
(106.364 0 0)
(110.969 0 0)
(115.868 0 0)
(120.533 0 0)
(125.375 0 0)
(130.083 0 0)
(134.881 0 0)
(139.61 0 0)
(144.383 0 0)
(149.126 0 0)
(153.883 0 0)
(158.617 0 0)
(163.341 0 0)
(168.06 0 0)
(172.77 0 0)
(177.469 0 0)
(182.19 0 0)
(186.929 0 0)
(191.578 0 0)
(196.075 0 0)
(200.637 0 0)
(205.109 0 0)
(209.282 0 0)
(213.161 0 0)
(216.881 0 0)
(220.153 0 0)
(222.673 0 0)
(224.585 0 0)
(226.549 0 0)
(228.868 0 0)
(230.599 0 0)
(232.686 0 0)
(234.974 0 0)
(236.784 0 0)
(238.02 0 0)
(235.786 0 0)
(133.114 0 0)
(-22.1408 0 0)
(-40.9123 0 0)
(-34.9587 0 0)
(-39.5498 0 0)
(-32.741 0 0)
(-20.8298 0 0)
(-4.6776 0 0)
(10.2994 0 0)
(13.2877 0 0)
(16.3739 0 0)
(4.22396 0 0)
(3.43687 0 0)
(-3.20592 0 0)
(-3.75418 0 0)
(0.510614 0 0)
(-1.00896 0 0)
(4.67318 0 0)
(0.753762 0 0)
(0.5989 0 0)
(-4.16831 0 0)
(-6.31462 0 0)
(-2.93309 0 0)
(0.268448 0 0)
(3.53338 0 0)
(5.9458 0 0)
(6.19809 0 0)
(3.26173 0 0)
(-1.42488 0 0)
(-4.28406 0 0)
(-6.02625 0 0)
(-3.07081 0 0)
(-0.655401 0 0)
(2.05324 0 0)
(2.5508 0 0)
(2.0901 0 0)
(-0.789571 0 0)
(-1.62867 0 0)
(-0.52465 0 0)
(0.29315 0 0)
(1.49026 0 0)
(1.43175 0 0)
)
;

boundaryField
{
    sides
    {
        type            fixedValue;
        value           uniform (0 0 0);
    }
    empty
    {
        type            empty;
    }
}


// ************************************************************************* //
