/*--------------------------------*- C++ -*----------------------------------*\
| =========                 |                                                 |
| \\      /  F ield         | OpenFOAM: The Open Source CFD Toolbox           |
|  \\    /   O peration     | Version:  2412                                  |
|   \\  /    A nd           | Website:  www.openfoam.com                      |
|    \\/     M anipulation  |                                                 |
\*---------------------------------------------------------------------------*/
FoamFile
{
    version     2.0;
    format      ascii;
    arch        "LSB;label=32;scalar=64";
    class       volVectorField;
    location    "0.051968";
    object      U;
}
// * * * * * * * * * * * * * * * * * * * * * * * * * * * * * * * * * * * * * //

dimensions      [0 1 -1 0 0 0 0];

internalField   nonuniform List<vector> 
100
(
(8.48646 0 0)
(13.9947 0 0)
(5.65882 0 0)
(-8.28754 0 0)
(-15.1804 0 0)
(-4.34779 0 0)
(12.4437 0 0)
(21.9584 0 0)
(11.334 0 0)
(-12.246 0 0)
(-35.8815 0 0)
(-45.5366 0 0)
(-17.5829 0 0)
(9.60752 0 0)
(-68.1055 0 0)
(-200.097 0 0)
(-214.473 0 0)
(-219.122 0 0)
(-232.215 0 0)
(-234.367 0 0)
(-232.942 0 0)
(-229.836 0 0)
(-224.059 0 0)
(-220.015 0 0)
(-218.003 0 0)
(-216.115 0 0)
(-211.989 0 0)
(-207.232 0 0)
(-204.75 0 0)
(-203.594 0 0)
(-203.594 0 0)
(-207.098 0 0)
(-207.676 0 0)
(-206.245 0 0)
(-202.507 0 0)
(-194.765 0 0)
(-189.715 0 0)
(-188.166 0 0)
(-194.017 0 0)
(-214.845 0 0)
(-221.412 0 0)
(-220.316 0 0)
(-218.224 0 0)
(-213.146 0 0)
(-192.696 0 0)
(-166.78 0 0)
(-155.753 0 0)
(-152.078 0 0)
(-150.412 0 0)
(-148.886 0 0)
(-146.124 0 0)
(-142.056 0 0)
(-138.433 0 0)
(-136.723 0 0)
(-135.833 0 0)
(-135.155 0 0)
(-135.189 0 0)
(-135.506 0 0)
(-135.251 0 0)
(-134.377 0 0)
(-132.013 0 0)
(-126.146 0 0)
(-116.934 0 0)
(-109.979 0 0)
(-105.518 0 0)
(-102.496 0 0)
(-100.938 0 0)
(-100.216 0 0)
(-99.6742 0 0)
(-99.0792 0 0)
(-97.9131 0 0)
(-94.3678 0 0)
(-89.5142 0 0)
(-84.2548 0 0)
(-80.3597 0 0)
(-76.8542 0 0)
(-74.2155 0 0)
(-71.5991 0 0)
(-68.2564 0 0)
(-65.1102 0 0)
(-60.9567 0 0)
(-58.4605 0 0)
(-54.7783 0 0)
(-52.0055 0 0)
(-48.7101 0 0)
(-45.7802 0 0)
(-43.3303 0 0)
(-39.4986 0 0)
(-36.9279 0 0)
(-33.1562 0 0)
(-29.7717 0 0)
(-25.9769 0 0)
(-22.9276 0 0)
(-19.8431 0 0)
(-17.1909 0 0)
(-14.4403 0 0)
(-11.285 0 0)
(-8.24444 0 0)
(-4.54391 0 0)
(-1.68813 0 0)
)
;

boundaryField
{
    sides
    {
        type            fixedValue;
        value           uniform (0 0 0);
    }
    empty
    {
        type            empty;
    }
}


// ************************************************************************* //
