/*--------------------------------*- C++ -*----------------------------------*\
| =========                 |                                                 |
| \\      /  F ield         | OpenFOAM: The Open Source CFD Toolbox           |
|  \\    /   O peration     | Version:  2412                                  |
|   \\  /    A nd           | Website:  www.openfoam.com                      |
|    \\/     M anipulation  |                                                 |
\*---------------------------------------------------------------------------*/
FoamFile
{
    version     2.0;
    format      ascii;
    arch        "LSB;label=32;scalar=64";
    class       volVectorField;
    location    "0.0398855";
    object      U;
}
// * * * * * * * * * * * * * * * * * * * * * * * * * * * * * * * * * * * * * //

dimensions      [0 1 -1 0 0 0 0];

internalField   nonuniform List<vector> 
100
(
(1.5336 0 0)
(4.63291 0 0)
(7.82811 0 0)
(11.1303 0 0)
(14.5446 0 0)
(18.0048 0 0)
(21.464 0 0)
(24.9005 0 0)
(28.2872 0 0)
(31.5945 0 0)
(34.8105 0 0)
(37.976 0 0)
(41.179 0 0)
(44.4143 0 0)
(47.6971 0 0)
(51.0224 0 0)
(54.3658 0 0)
(57.7118 0 0)
(61.0641 0 0)
(64.4043 0 0)
(67.7263 0 0)
(71.0418 0 0)
(74.7495 0 0)
(78.1686 0 0)
(50.7952 0 0)
(-130.457 0 0)
(-194.661 0 0)
(-193.814 0 0)
(-185.68 0 0)
(-181.093 0 0)
(-174.911 0 0)
(-166.9 0 0)
(-163.494 0 0)
(-162.76 0 0)
(-166.439 0 0)
(-172.371 0 0)
(-173.027 0 0)
(-171.568 0 0)
(-168.877 0 0)
(-160.639 0 0)
(-146.627 0 0)
(-139.682 0 0)
(-137.357 0 0)
(-137.645 0 0)
(-141.249 0 0)
(-144.127 0 0)
(-143.912 0 0)
(-142.574 0 0)
(-140.109 0 0)
(-134.694 0 0)
(-129.238 0 0)
(-127.104 0 0)
(-127.014 0 0)
(-127.161 0 0)
(-125.71 0 0)
(-121.141 0 0)
(-114.277 0 0)
(-110.033 0 0)
(-109.005 0 0)
(-110.1 0 0)
(-110.348 0 0)
(-108.604 0 0)
(-103.575 0 0)
(-96.5441 0 0)
(-92.8393 0 0)
(-91.6587 0 0)
(-96.1818 0 0)
(-98.7903 0 0)
(-98.4492 0 0)
(-94.4333 0 0)
(-85.5342 0 0)
(-76.5976 0 0)
(-70.0149 0 0)
(-71.4426 0 0)
(-71.0671 0 0)
(-72.7772 0 0)
(-73.3772 0 0)
(-71.3466 0 0)
(-69.9182 0 0)
(-65.4634 0 0)
(-63.3464 0 0)
(-59.9249 0 0)
(-57.3667 0 0)
(-53.4866 0 0)
(-50.1282 0 0)
(-48.5001 0 0)
(-48.7044 0 0)
(-48.8924 0 0)
(-47.4305 0 0)
(-42.8467 0 0)
(-38.1967 0 0)
(-35.5302 0 0)
(-35.6984 0 0)
(-40.0701 0 0)
(-47.5583 0 0)
(-48.6376 0 0)
(-47.2843 0 0)
(-38.0153 0 0)
(-23.873 0 0)
(-12.2243 0 0)
)
;

boundaryField
{
    sides
    {
        type            fixedValue;
        value           uniform (0 0 0);
    }
    empty
    {
        type            empty;
    }
}


// ************************************************************************* //
