/*--------------------------------*- C++ -*----------------------------------*\
| =========                 |                                                 |
| \\      /  F ield         | OpenFOAM: The Open Source CFD Toolbox           |
|  \\    /   O peration     | Version:  2412                                  |
|   \\  /    A nd           | Website:  www.openfoam.com                      |
|    \\/     M anipulation  |                                                 |
\*---------------------------------------------------------------------------*/
FoamFile
{
    version     2.0;
    format      ascii;
    arch        "LSB;label=32;scalar=64";
    class       volVectorField;
    location    "0.0232389";
    object      U;
}
// * * * * * * * * * * * * * * * * * * * * * * * * * * * * * * * * * * * * * //

dimensions      [0 1 -1 0 0 0 0];

internalField   nonuniform List<vector> 
100
(
(3.15926 0 0)
(9.53813 0 0)
(15.8654 0 0)
(22.2063 0 0)
(28.5288 0 0)
(34.856 0 0)
(41.194 0 0)
(47.52 0 0)
(53.7882 0 0)
(60.112 0 0)
(66.3058 0 0)
(72.7451 0 0)
(78.8603 0 0)
(85.4265 0 0)
(91.3574 0 0)
(97.9649 0 0)
(103.979 0 0)
(110.51 0 0)
(116.773 0 0)
(123.164 0 0)
(129.618 0 0)
(135.528 0 0)
(141.795 0 0)
(147.433 0 0)
(153.55 0 0)
(159.375 0 0)
(165.835 0 0)
(172.299 0 0)
(179.5 0 0)
(186.615 0 0)
(193.816 0 0)
(200.969 0 0)
(210.453 0 0)
(225.818 0 0)
(239.753 0 0)
(245.083 0 0)
(248.498 0 0)
(251.698 0 0)
(254.228 0 0)
(255.11 0 0)
(256.712 0 0)
(259.792 0 0)
(262.753 0 0)
(266.075 0 0)
(270.55 0 0)
(275.418 0 0)
(277.972 0 0)
(280.623 0 0)
(283.016 0 0)
(283.806 0 0)
(283.903 0 0)
(283.783 0 0)
(283.268 0 0)
(282.809 0 0)
(283.295 0 0)
(283.994 0 0)
(282.911 0 0)
(281.681 0 0)
(283.235 0 0)
(285.721 0 0)
(284.745 0 0)
(279.829 0 0)
(278.875 0 0)
(288.06 0 0)
(290.226 0 0)
(281.152 0 0)
(274.03 0 0)
(276.592 0 0)
(290.604 0 0)
(291.409 0 0)
(274.879 0 0)
(183.857 0 0)
(30.3015 0 0)
(10.2838 0 0)
(-0.16908 0 0)
(21.4788 0 0)
(15.5462 0 0)
(18.8053 0 0)
(18.484 0 0)
(1.72354 0 0)
(1.21178 0 0)
(-8.18824 0 0)
(-10.1662 0 0)
(-3.42876 0 0)
(-6.57103 0 0)
(-5.86775 0 0)
(-0.993317 0 0)
(2.18746 0 0)
(5.52379 0 0)
(9.63731 0 0)
(9.21748 0 0)
(3.76 0 0)
(-6.36416 0 0)
(-12.1328 0 0)
(-11.2393 0 0)
(-4.04694 0 0)
(5.96168 0 0)
(11.7663 0 0)
(13.255 0 0)
(6.57765 0 0)
)
;

boundaryField
{
    sides
    {
        type            fixedValue;
        value           uniform (0 0 0);
    }
    empty
    {
        type            empty;
    }
}


// ************************************************************************* //
