/*--------------------------------*- C++ -*----------------------------------*\
| =========                 |                                                 |
| \\      /  F ield         | OpenFOAM: The Open Source CFD Toolbox           |
|  \\    /   O peration     | Version:  2412                                  |
|   \\  /    A nd           | Website:  www.openfoam.com                      |
|    \\/     M anipulation  |                                                 |
\*---------------------------------------------------------------------------*/
FoamFile
{
    version     2.0;
    format      ascii;
    arch        "LSB;label=32;scalar=64";
    class       volVectorField;
    location    "0.0322032";
    object      U;
}
// * * * * * * * * * * * * * * * * * * * * * * * * * * * * * * * * * * * * * //

dimensions      [0 1 -1 0 0 0 0];

internalField   nonuniform List<vector> 
100
(
(2.09456 0 0)
(6.35523 0 0)
(10.5384 0 0)
(14.8318 0 0)
(18.9515 0 0)
(23.3071 0 0)
(27.305 0 0)
(31.8038 0 0)
(35.6859 0 0)
(40.2763 0 0)
(44.1678 0 0)
(48.6927 0 0)
(52.8175 0 0)
(57.0959 0 0)
(61.4805 0 0)
(65.5438 0 0)
(70.0587 0 0)
(73.9991 0 0)
(78.5298 0 0)
(82.497 0 0)
(86.9691 0 0)
(91.0351 0 0)
(95.4656 0 0)
(99.6254 0 0)
(104.001 0 0)
(108.213 0 0)
(112.534 0 0)
(116.77 0 0)
(121.06 0 0)
(125.31 0 0)
(129.575 0 0)
(133.817 0 0)
(138.057 0 0)
(142.286 0 0)
(146.525 0 0)
(150.753 0 0)
(154.989 0 0)
(159.141 0 0)
(163.278 0 0)
(167.362 0 0)
(171.34 0 0)
(175.301 0 0)
(179.196 0 0)
(182.794 0 0)
(185.933 0 0)
(188.386 0 0)
(190.367 0 0)
(192.263 0 0)
(194.099 0 0)
(195.933 0 0)
(163.15 0 0)
(-28.4832 0 0)
(-93.1909 0 0)
(-89.8224 0 0)
(-77.3383 0 0)
(-71.8208 0 0)
(-68.5165 0 0)
(-63.5308 0 0)
(-58.8266 0 0)
(-56.7611 0 0)
(-56.5876 0 0)
(-54.4493 0 0)
(-54.5805 0 0)
(-48.4531 0 0)
(-46.9965 0 0)
(-44.2045 0 0)
(-42.6555 0 0)
(-39.9038 0 0)
(-32.8358 0 0)
(-38.2844 0 0)
(-35.1172 0 0)
(-32.9574 0 0)
(-25.1871 0 0)
(-14.1058 0 0)
(-2.3115 0 0)
(10.4272 0 0)
(10.0329 0 0)
(8.09375 0 0)
(3.50206 0 0)
(0.372978 0 0)
(-0.55879 0 0)
(-1.13127 0 0)
(-0.697424 0 0)
(-1.87587 0 0)
(-2.26657 0 0)
(-0.680976 0 0)
(1.06705 0 0)
(1.68217 0 0)
(0.120631 0 0)
(-1.37646 0 0)
(-1.07929 0 0)
(1.15508 0 0)
(2.61564 0 0)
(3.99914 0 0)
(3.17405 0 0)
(-0.51695 0 0)
(-4.79752 0 0)
(-8.37558 0 0)
(-7.21678 0 0)
(-4.00899 0 0)
)
;

boundaryField
{
    sides
    {
        type            fixedValue;
        value           uniform (0 0 0);
    }
    empty
    {
        type            empty;
    }
}


// ************************************************************************* //
