/*--------------------------------*- C++ -*----------------------------------*\
| =========                 |                                                 |
| \\      /  F ield         | OpenFOAM: The Open Source CFD Toolbox           |
|  \\    /   O peration     | Version:  2412                                  |
|   \\  /    A nd           | Website:  www.openfoam.com                      |
|    \\/     M anipulation  |                                                 |
\*---------------------------------------------------------------------------*/
FoamFile
{
    version     2.0;
    format      ascii;
    arch        "LSB;label=32;scalar=64";
    class       volVectorField;
    location    "0.000895149";
    object      U;
}
// * * * * * * * * * * * * * * * * * * * * * * * * * * * * * * * * * * * * * //

dimensions      [0 1 -1 0 0 0 0];

internalField   nonuniform List<vector> 
100
(
(4.91813e-14 0 0)
(3.08729e-14 0 0)
(-1.20127e-14 0 0)
(-3.68611e-15 0 0)
(-5.61966e-14 0 0)
(3.28834e-14 0 0)
(4.72963e-14 0 0)
(-3.03984e-15 0 0)
(-2.83314e-14 0 0)
(-2.24432e-14 0 0)
(-4.06597e-14 0 0)
(6.13564e-15 0 0)
(-2.43961e-14 0 0)
(-1.62636e-14 0 0)
(1.65538e-20 0 0)
(2.68276e-14 0 0)
(-1.0564e-14 0 0)
(2.4396e-14 0 0)
(-2.4396e-14 0 0)
(1.82604e-14 0 0)
(5.16501e-21 0 0)
(6.13566e-15 0 0)
(-2.58256e-20 0 0)
(-2.43661e-14 0 0)
(3.63419e-14 0 0)
(4.31777e-15 0 0)
(-8.13477e-15 0 0)
(-4.06596e-14 0 0)
(3.20638e-14 0 0)
(9.38685e-14 0 0)
(5.28027e-14 0 0)
(6.45502e-14 0 0)
(-7.489e-16 0 0)
(-5.52082e-14 0 0)
(-1.26002e-14 0 0)
(4.19396e-14 0 0)
(2.66176e-14 0 0)
(-2.52246e-14 0 0)
(-1.03386e-13 0 0)
(-9.03052e-14 0 0)
(-4.86906e-14 0 0)
(2.15062e-11 0 0)
(7.7118e-08 0 0)
(8.49814e-05 0 0)
(0.0239596 0 0)
(1.5671 0 0)
(18.5592 0 0)
(68.7362 0 0)
(121.261 0 0)
(199.817 0 0)
(273.282 0 0)
(288.782 0 0)
(295.972 0 0)
(261.417 0 0)
(90.2637 0 0)
(1.73017 0 0)
(0.002207 0 0)
(5.60579e-07 0 0)
(5.87548e-11 0 0)
(-4.67909e-14 0 0)
(-7.22272e-14 0 0)
(4.42537e-14 0 0)
(2.23737e-16 0 0)
(-2.8222e-14 0 0)
(3.09441e-14 0 0)
(2.98924e-15 0 0)
(1.50978e-14 0 0)
(-6.59417e-15 0 0)
(-2.82606e-14 0 0)
(7.33155e-15 0 0)
(-4.32286e-14 0 0)
(-1.51412e-14 0 0)
(3.444e-14 0 0)
(3.59771e-14 0 0)
(-6.96278e-14 0 0)
(1.4283e-14 0 0)
(7.7567e-14 0 0)
(-7.18977e-15 0 0)
(-5.56181e-14 0 0)
(-2.9042e-14 0 0)
(2.14256e-14 0 0)
(5.84534e-14 0 0)
(4.87566e-15 0 0)
(-6.28552e-14 0 0)
(-2.18994e-14 0 0)
(2.14256e-14 0 0)
(5.85498e-14 0 0)
(-1.61269e-14 0 0)
(-4.17597e-14 0 0)
(-3.05394e-14 0 0)
(-1.50225e-14 0 0)
(-6.53076e-15 0 0)
(-6.22918e-15 0 0)
(1.42124e-14 0 0)
(5.6671e-15 0 0)
(2.89362e-16 0 0)
(-2.07997e-14 0 0)
(6.30771e-16 0 0)
(2.1332e-14 0 0)
(1.29751e-14 0 0)
)
;

boundaryField
{
    sides
    {
        type            fixedValue;
        value           uniform (0 0 0);
    }
    empty
    {
        type            empty;
    }
}


// ************************************************************************* //
