/*--------------------------------*- C++ -*----------------------------------*\
| =========                 |                                                 |
| \\      /  F ield         | OpenFOAM: The Open Source CFD Toolbox           |
|  \\    /   O peration     | Version:  2412                                  |
|   \\  /    A nd           | Website:  www.openfoam.com                      |
|    \\/     M anipulation  |                                                 |
\*---------------------------------------------------------------------------*/
FoamFile
{
    version     2.0;
    format      ascii;
    arch        "LSB;label=32;scalar=64";
    class       volVectorField;
    location    "0.0119989";
    object      U;
}
// * * * * * * * * * * * * * * * * * * * * * * * * * * * * * * * * * * * * * //

dimensions      [0 1 -1 0 0 0 0];

internalField   nonuniform List<vector> 
100
(
(2.05812e-14 0 0)
(-1.82035e-14 0 0)
(7.8442e-14 0 0)
(1.12393e-13 0 0)
(1.52413e-13 0 0)
(6.30694e-11 0 0)
(2.85154e-08 0 0)
(8.9883e-06 0 0)
(0.00152353 0 0)
(0.0985175 0 0)
(1.73824 0 0)
(9.01015 0 0)
(21.0242 0 0)
(32.5808 0 0)
(41.9399 0 0)
(49.7956 0 0)
(56.9723 0 0)
(63.9181 0 0)
(70.814 0 0)
(77.7147 0 0)
(84.6287 0 0)
(91.5575 0 0)
(98.4951 0 0)
(105.459 0 0)
(112.41 0 0)
(119.441 0 0)
(126.336 0 0)
(133.503 0 0)
(140.147 0 0)
(147.572 0 0)
(153.845 0 0)
(161.428 0 0)
(167.807 0 0)
(174.791 0 0)
(181.945 0 0)
(188.185 0 0)
(195.514 0 0)
(201.915 0 0)
(209.299 0 0)
(215.645 0 0)
(222.926 0 0)
(229.723 0 0)
(236.883 0 0)
(243.611 0 0)
(250.752 0 0)
(257.196 0 0)
(263.331 0 0)
(270.43 0 0)
(276.761 0 0)
(281.721 0 0)
(282.543 0 0)
(282.289 0 0)
(283.541 0 0)
(286.839 0 0)
(286.747 0 0)
(278.475 0 0)
(276.834 0 0)
(284 0 0)
(290.087 0 0)
(287.956 0 0)
(276.691 0 0)
(276.132 0 0)
(283.546 0 0)
(289.84 0 0)
(288.122 0 0)
(277.344 0 0)
(276.92 0 0)
(280.498 0 0)
(288.108 0 0)
(288.092 0 0)
(282.99 0 0)
(277.446 0 0)
(278.681 0 0)
(281.831 0 0)
(288.175 0 0)
(286.025 0 0)
(283.723 0 0)
(280.129 0 0)
(277.675 0 0)
(278.527 0 0)
(280.663 0 0)
(282.952 0 0)
(282.702 0 0)
(279.485 0 0)
(281.015 0 0)
(283.052 0 0)
(284.423 0 0)
(283.887 0 0)
(279.633 0 0)
(277.936 0 0)
(277.894 0 0)
(278.516 0 0)
(280.964 0 0)
(284.441 0 0)
(282.563 0 0)
(239.18 0 0)
(35.1511 0 0)
(-19.84 0 0)
(-31.096 0 0)
(-52.8437 0 0)
)
;

boundaryField
{
    sides
    {
        type            fixedValue;
        value           uniform (0 0 0);
    }
    empty
    {
        type            empty;
    }
}


// ************************************************************************* //
