/*--------------------------------*- C++ -*----------------------------------*\
| =========                 |                                                 |
| \\      /  F ield         | OpenFOAM: The Open Source CFD Toolbox           |
|  \\    /   O peration     | Version:  2412                                  |
|   \\  /    A nd           | Website:  www.openfoam.com                      |
|    \\/     M anipulation  |                                                 |
\*---------------------------------------------------------------------------*/
FoamFile
{
    version     2.0;
    format      ascii;
    arch        "LSB;label=32;scalar=64";
    class       volVectorField;
    location    "0.0425168";
    object      U;
}
// * * * * * * * * * * * * * * * * * * * * * * * * * * * * * * * * * * * * * //

dimensions      [0 1 -1 0 0 0 0];

internalField   nonuniform List<vector> 
100
(
(1.68936 0 0)
(5.03727 0 0)
(8.29702 0 0)
(11.4603 0 0)
(14.5168 0 0)
(17.4856 0 0)
(20.3967 0 0)
(23.2861 0 0)
(26.1881 0 0)
(29.117 0 0)
(32.0812 0 0)
(35.2409 0 0)
(38.7785 0 0)
(39.2338 0 0)
(-81.7219 0 0)
(-215.547 0 0)
(-227.866 0 0)
(-209.615 0 0)
(-199.935 0 0)
(-197.624 0 0)
(-197.625 0 0)
(-204.074 0 0)
(-211.492 0 0)
(-211.696 0 0)
(-209.896 0 0)
(-207.547 0 0)
(-199.386 0 0)
(-182.446 0 0)
(-173.949 0 0)
(-171.389 0 0)
(-170.649 0 0)
(-173.867 0 0)
(-181.435 0 0)
(-183.253 0 0)
(-181.838 0 0)
(-179.693 0 0)
(-174.713 0 0)
(-167.928 0 0)
(-164.41 0 0)
(-163.482 0 0)
(-164.749 0 0)
(-165.294 0 0)
(-163.683 0 0)
(-158.665 0 0)
(-150.931 0 0)
(-146.729 0 0)
(-145.721 0 0)
(-147.883 0 0)
(-149.655 0 0)
(-148.499 0 0)
(-144.212 0 0)
(-136.23 0 0)
(-130.606 0 0)
(-128.708 0 0)
(-131.018 0 0)
(-137.594 0 0)
(-139.554 0 0)
(-137.896 0 0)
(-132.072 0 0)
(-120.067 0 0)
(-111.2 0 0)
(-107.526 0 0)
(-106.949 0 0)
(-108.977 0 0)
(-112.089 0 0)
(-112.318 0 0)
(-111.795 0 0)
(-108.558 0 0)
(-105.912 0 0)
(-102.329 0 0)
(-100.983 0 0)
(-97.9297 0 0)
(-93.354 0 0)
(-90.6768 0 0)
(-87.4795 0 0)
(-88.5891 0 0)
(-87.2932 0 0)
(-86.6757 0 0)
(-83.0583 0 0)
(-77.3121 0 0)
(-74.4707 0 0)
(-73.5053 0 0)
(-80.3291 0 0)
(-87.577 0 0)
(-89.5191 0 0)
(-88.8059 0 0)
(-82.7126 0 0)
(-63.6709 0 0)
(-48.531 0 0)
(-39.0354 0 0)
(-32.0934 0 0)
(-26.6074 0 0)
(-22.1707 0 0)
(-18.9744 0 0)
(-17.6585 0 0)
(-17.5857 0 0)
(-16.6468 0 0)
(-14.4484 0 0)
(-9.66165 0 0)
(-3.24313 0 0)
)
;

boundaryField
{
    sides
    {
        type            fixedValue;
        value           uniform (0 0 0);
    }
    empty
    {
        type            empty;
    }
}


// ************************************************************************* //
