/*--------------------------------*- C++ -*----------------------------------*\
| =========                 |                                                 |
| \\      /  F ield         | OpenFOAM: The Open Source CFD Toolbox           |
|  \\    /   O peration     | Version:  2412                                  |
|   \\  /    A nd           | Website:  www.openfoam.com                      |
|    \\/     M anipulation  |                                                 |
\*---------------------------------------------------------------------------*/
FoamFile
{
    version     2.0;
    format      ascii;
    arch        "LSB;label=32;scalar=64";
    class       volVectorField;
    location    "0.00354946";
    object      U;
}
// * * * * * * * * * * * * * * * * * * * * * * * * * * * * * * * * * * * * * //

dimensions      [0 1 -1 0 0 0 0];

internalField   nonuniform List<vector> 
100
(
(1.37495e-15 0 0)
(-4.95413e-14 0 0)
(-9.20478e-14 0 0)
(-5.1609e-14 0 0)
(6.06533e-16 0 0)
(3.33593e-14 0 0)
(5.41862e-14 0 0)
(1.28555e-14 0 0)
(-2.77764e-14 0 0)
(-5.48873e-14 0 0)
(-1.19529e-13 0 0)
(-1.76358e-14 0 0)
(-4.84728e-14 0 0)
(-4.90899e-14 0 0)
(-7.80836e-15 0 0)
(-3.7094e-14 0 0)
(-2.19094e-15 0 0)
(4.04335e-14 0 0)
(1.53491e-14 0 0)
(9.62064e-15 0 0)
(2.42161e-14 0 0)
(8.73669e-14 0 0)
(1.19945e-13 0 0)
(1.02938e-13 0 0)
(9.21994e-14 0 0)
(5.26746e-14 0 0)
(1.26761e-13 0 0)
(1.82832e-13 0 0)
(1.75398e-13 0 0)
(1.33319e-13 0 0)
(7.84124e-14 0 0)
(4.96867e-13 0 0)
(3.16396e-10 0 0)
(1.48999e-07 0 0)
(4.50967e-05 0 0)
(0.00668128 0 0)
(0.343321 0 0)
(4.63644 0 0)
(20.0413 0 0)
(43.7463 0 0)
(68.0463 0 0)
(91.5509 0 0)
(112.31 0 0)
(136.533 0 0)
(155.799 0 0)
(177.466 0 0)
(202.912 0 0)
(216.263 0 0)
(240.332 0 0)
(266.163 0 0)
(283.706 0 0)
(281.486 0 0)
(279.221 0 0)
(284.707 0 0)
(287.187 0 0)
(283.629 0 0)
(277.022 0 0)
(277.412 0 0)
(282.167 0 0)
(285.881 0 0)
(280.168 0 0)
(274.057 0 0)
(274.663 0 0)
(276.439 0 0)
(289.848 0 0)
(299.649 0 0)
(266.043 0 0)
(84.7927 0 0)
(1.06369 0 0)
(0.000713593 0 0)
(8.81394e-08 0 0)
(9.14849e-12 0 0)
(1.12313e-13 0 0)
(-4.81638e-15 0 0)
(-1.42286e-14 0 0)
(1.04965e-13 0 0)
(-3.49866e-14 0 0)
(3.01756e-16 0 0)
(-1.28217e-14 0 0)
(-1.62835e-13 0 0)
(-1.67561e-13 0 0)
(-5.19722e-14 0 0)
(3.31052e-14 0 0)
(-5.64645e-14 0 0)
(-3.67402e-14 0 0)
(-1.18911e-13 0 0)
(-3.04042e-13 0 0)
(-2.25712e-13 0 0)
(-1.60412e-13 0 0)
(-1.36028e-13 0 0)
(-4.35112e-14 0 0)
(-5.55156e-14 0 0)
(-1.17521e-13 0 0)
(-2.09703e-13 0 0)
(-2.04782e-13 0 0)
(-1.04626e-13 0 0)
(-7.60526e-14 0 0)
(5.96296e-16 0 0)
(-3.53315e-14 0 0)
(-9.95804e-14 0 0)
)
;

boundaryField
{
    sides
    {
        type            fixedValue;
        value           uniform (0 0 0);
    }
    empty
    {
        type            empty;
    }
}


// ************************************************************************* //
