/*--------------------------------*- C++ -*----------------------------------*\
| =========                 |                                                 |
| \\      /  F ield         | OpenFOAM: The Open Source CFD Toolbox           |
|  \\    /   O peration     | Version:  2412                                  |
|   \\  /    A nd           | Website:  www.openfoam.com                      |
|    \\/     M anipulation  |                                                 |
\*---------------------------------------------------------------------------*/
FoamFile
{
    version     2.0;
    format      ascii;
    arch        "LSB;label=32;scalar=64";
    class       volVectorField;
    location    "0.00176268";
    object      U;
}
// * * * * * * * * * * * * * * * * * * * * * * * * * * * * * * * * * * * * * //

dimensions      [0 1 -1 0 0 0 0];

internalField   nonuniform List<vector> 
100
(
(9.52432e-15 0 0)
(-7.34398e-14 0 0)
(1.20371e-14 0 0)
(1.0022e-13 0 0)
(4.82963e-14 0 0)
(4.13006e-14 0 0)
(-1.98936e-15 0 0)
(-7.46667e-14 0 0)
(2.0194e-14 0 0)
(9.30945e-15 0 0)
(3.19005e-14 0 0)
(3.0034e-14 0 0)
(-5.38255e-16 0 0)
(-6.46821e-14 0 0)
(-1.59141e-14 0 0)
(2.68276e-14 0 0)
(6.97031e-14 0 0)
(1.62414e-14 0 0)
(-3.24508e-14 0 0)
(-6.2113e-14 0 0)
(1.56209e-16 0 0)
(4.7081e-14 0 0)
(1.59954e-14 0 0)
(-1.67861e-14 0 0)
(4.44155e-15 0 0)
(4.47818e-14 0 0)
(3.14842e-14 0 0)
(3.91712e-14 0 0)
(4.7546e-14 0 0)
(-2.39086e-15 0 0)
(3.83455e-14 0 0)
(7.23703e-14 0 0)
(1.35182e-13 0 0)
(9.72766e-14 0 0)
(3.53394e-14 0 0)
(-3.84972e-14 0 0)
(-1.41191e-13 0 0)
(1.5231e-13 0 0)
(3.67334e-10 0 0)
(2.84669e-07 0 0)
(0.000115401 0 0)
(0.0191008 0 0)
(0.922032 0 0)
(10.522 0 0)
(38.8695 0 0)
(79.4248 0 0)
(114.792 0 0)
(160.914 0 0)
(199.405 0 0)
(232.962 0 0)
(282.848 0 0)
(286.804 0 0)
(274.453 0 0)
(274.457 0 0)
(281.731 0 0)
(293.167 0 0)
(301.771 0 0)
(282.838 0 0)
(127.449 0 0)
(3.06602 0 0)
(0.00336278 0 0)
(6.09031e-07 0 0)
(6.14596e-11 0 0)
(-4.4369e-15 0 0)
(8.05657e-14 0 0)
(1.29439e-13 0 0)
(8.28741e-15 0 0)
(-2.12027e-14 0 0)
(-2.83397e-14 0 0)
(-6.99891e-14 0 0)
(-1.47926e-14 0 0)
(4.0424e-14 0 0)
(6.27651e-15 0 0)
(-5.40901e-14 0 0)
(-1.35141e-14 0 0)
(3.4858e-14 0 0)
(1.40699e-14 0 0)
(-7.04716e-15 0 0)
(-5.49997e-14 0 0)
(-8.32071e-15 0 0)
(7.04299e-14 0 0)
(8.7088e-14 0 0)
(-2.17105e-15 0 0)
(-7.6987e-14 0 0)
(-5.72425e-14 0 0)
(4.22173e-14 0 0)
(8.70522e-14 0 0)
(-2.30854e-15 0 0)
(-1.18473e-13 0 0)
(-1.85028e-13 0 0)
(-1.06833e-13 0 0)
(4.3295e-16 0 0)
(5.73721e-14 0 0)
(2.80457e-14 0 0)
(-4.35787e-14 0 0)
(-1.35808e-14 0 0)
(2.47958e-16 0 0)
(4.27661e-14 0 0)
(1.40322e-14 0 0)
(-7.15863e-14 0 0)
)
;

boundaryField
{
    sides
    {
        type            fixedValue;
        value           uniform (0 0 0);
    }
    empty
    {
        type            empty;
    }
}


// ************************************************************************* //
