/*--------------------------------*- C++ -*----------------------------------*\
| =========                 |                                                 |
| \\      /  F ield         | OpenFOAM: The Open Source CFD Toolbox           |
|  \\    /   O peration     | Version:  2412                                  |
|   \\  /    A nd           | Website:  www.openfoam.com                      |
|    \\/     M anipulation  |                                                 |
\*---------------------------------------------------------------------------*/
FoamFile
{
    version     2.0;
    format      ascii;
    arch        "LSB;label=32;scalar=64";
    class       volVectorField;
    location    "0.0536491";
    object      U;
}
// * * * * * * * * * * * * * * * * * * * * * * * * * * * * * * * * * * * * * //

dimensions      [0 1 -1 0 0 0 0];

internalField   nonuniform List<vector> 
100
(
(6.62686 0 0)
(15.0017 0 0)
(6.22797 0 0)
(-12.1089 0 0)
(-25.6256 0 0)
(-19.7403 0 0)
(-7.70262 0 0)
(12.8192 0 0)
(20.2778 0 0)
(17.0689 0 0)
(10.1052 0 0)
(0.364135 0 0)
(-5.15811 0 0)
(-4.96795 0 0)
(-4.685 0 0)
(-11.2546 0 0)
(-10.3499 0 0)
(-23.3286 0 0)
(-103.526 0 0)
(-211.58 0 0)
(-221.102 0 0)
(-220.438 0 0)
(-224.479 0 0)
(-226.253 0 0)
(-225.179 0 0)
(-222.581 0 0)
(-215.16 0 0)
(-208.606 0 0)
(-206.393 0 0)
(-209.176 0 0)
(-230.785 0 0)
(-242.262 0 0)
(-241.508 0 0)
(-239.829 0 0)
(-236.56 0 0)
(-222.641 0 0)
(-191.358 0 0)
(-174.134 0 0)
(-169.538 0 0)
(-168.312 0 0)
(-167.613 0 0)
(-166.634 0 0)
(-164.399 0 0)
(-159.764 0 0)
(-155.51 0 0)
(-153.717 0 0)
(-152.874 0 0)
(-152.118 0 0)
(-152.042 0 0)
(-152.993 0 0)
(-153.331 0 0)
(-152.628 0 0)
(-151.422 0 0)
(-148.549 0 0)
(-140.633 0 0)
(-129.773 0 0)
(-123.295 0 0)
(-119.978 0 0)
(-118.395 0 0)
(-117.611 0 0)
(-117.003 0 0)
(-116.857 0 0)
(-116.572 0 0)
(-115.652 0 0)
(-112.832 0 0)
(-107.419 0 0)
(-101.569 0 0)
(-97.546 0 0)
(-94.3799 0 0)
(-91.9433 0 0)
(-89.4721 0 0)
(-86.5129 0 0)
(-83.4226 0 0)
(-79.9533 0 0)
(-77.058 0 0)
(-73.6775 0 0)
(-70.8758 0 0)
(-67.6341 0 0)
(-64.7845 0 0)
(-62.0706 0 0)
(-58.8496 0 0)
(-56.7259 0 0)
(-53.0802 0 0)
(-50.4188 0 0)
(-46.9825 0 0)
(-43.6365 0 0)
(-40.5378 0 0)
(-36.9836 0 0)
(-34.5322 0 0)
(-31.1946 0 0)
(-28.8059 0 0)
(-25.7917 0 0)
(-23.2983 0 0)
(-20.2094 0 0)
(-17.0947 0 0)
(-13.7231 0 0)
(-9.9618 0 0)
(-6.86894 0 0)
(-3.56707 0 0)
(-1.52032 0 0)
)
;

boundaryField
{
    sides
    {
        type            fixedValue;
        value           uniform (0 0 0);
    }
    empty
    {
        type            empty;
    }
}


// ************************************************************************* //
