/*--------------------------------*- C++ -*----------------------------------*\
| =========                 |                                                 |
| \\      /  F ield         | OpenFOAM: The Open Source CFD Toolbox           |
|  \\    /   O peration     | Version:  2412                                  |
|   \\  /    A nd           | Website:  www.openfoam.com                      |
|    \\/     M anipulation  |                                                 |
\*---------------------------------------------------------------------------*/
FoamFile
{
    version     2.0;
    format      ascii;
    arch        "LSB;label=32;scalar=64";
    class       volVectorField;
    location    "0.00731319";
    object      U;
}
// * * * * * * * * * * * * * * * * * * * * * * * * * * * * * * * * * * * * * //

dimensions      [0 1 -1 0 0 0 0];

internalField   nonuniform List<vector> 
100
(
(-6.03344e-15 0 0)
(-9.71248e-15 0 0)
(-7.60388e-14 0 0)
(-4.2138e-14 0 0)
(-8.85961e-14 0 0)
(-1.03422e-13 0 0)
(-2.4375e-14 0 0)
(-1.15751e-13 0 0)
(-1.87983e-13 0 0)
(-2.17159e-13 0 0)
(-2.67285e-13 0 0)
(-2.37118e-13 0 0)
(-5.64177e-14 0 0)
(7.38403e-14 0 0)
(9.91653e-14 0 0)
(9.38674e-14 0 0)
(1.37203e-13 0 0)
(1.46734e-13 0 0)
(1.12424e-13 0 0)
(4.67624e-13 0 0)
(2.04165e-10 0 0)
(8.86695e-08 0 0)
(2.5938e-05 0 0)
(0.00386116 0 0)
(0.206219 0 0)
(2.93485 0 0)
(13.0858 0 0)
(28.5163 0 0)
(43.5548 0 0)
(56.6495 0 0)
(68.4904 0 0)
(79.8215 0 0)
(90.9495 0 0)
(102.163 0 0)
(113.15 0 0)
(124.727 0 0)
(135.247 0 0)
(147.508 0 0)
(157.417 0 0)
(169.213 0 0)
(180.311 0 0)
(189.869 0 0)
(201.959 0 0)
(212.145 0 0)
(224.336 0 0)
(233.633 0 0)
(244.766 0 0)
(257.291 0 0)
(268.814 0 0)
(275.432 0 0)
(278.062 0 0)
(281.647 0 0)
(288.737 0 0)
(288.566 0 0)
(281.418 0 0)
(276.758 0 0)
(279.746 0 0)
(289.027 0 0)
(289.015 0 0)
(281.862 0 0)
(277.634 0 0)
(278.638 0 0)
(286.594 0 0)
(286.663 0 0)
(285.709 0 0)
(279.886 0 0)
(277.838 0 0)
(280.001 0 0)
(282.829 0 0)
(282.445 0 0)
(279.546 0 0)
(281.904 0 0)
(283.942 0 0)
(284.452 0 0)
(281.135 0 0)
(277.405 0 0)
(276.926 0 0)
(276.921 0 0)
(279.209 0 0)
(283.541 0 0)
(283.822 0 0)
(283.493 0 0)
(284.989 0 0)
(290.333 0 0)
(276.919 0 0)
(146.663 0 0)
(5.64277 0 0)
(0.00910927 0 0)
(1.98948e-06 0 0)
(1.7081e-10 0 0)
(-2.04726e-13 0 0)
(-2.81554e-13 0 0)
(-2.37926e-13 0 0)
(-2.66082e-13 0 0)
(-2.53583e-13 0 0)
(-2.59211e-13 0 0)
(-1.37017e-13 0 0)
(1.17738e-14 0 0)
(8.03788e-14 0 0)
(4.37629e-14 0 0)
)
;

boundaryField
{
    sides
    {
        type            fixedValue;
        value           uniform (0 0 0);
    }
    empty
    {
        type            empty;
    }
}


// ************************************************************************* //
