/*--------------------------------*- C++ -*----------------------------------*\
| =========                 |                                                 |
| \\      /  F ield         | OpenFOAM: The Open Source CFD Toolbox           |
|  \\    /   O peration     | Version:  2412                                  |
|   \\  /    A nd           | Website:  www.openfoam.com                      |
|    \\/     M anipulation  |                                                 |
\*---------------------------------------------------------------------------*/
FoamFile
{
    version     2.0;
    format      ascii;
    arch        "LSB;label=32;scalar=64";
    class       volVectorField;
    location    "0.0124375";
    object      U;
}
// * * * * * * * * * * * * * * * * * * * * * * * * * * * * * * * * * * * * * //

dimensions      [0 1 -1 0 0 0 0];

internalField   nonuniform List<vector> 
100
(
(-1.99108e-14 0 0)
(-2.29022e-15 0 0)
(1.19388e-13 0 0)
(1.46795e-12 0 0)
(6.86394e-10 0 0)
(2.76858e-07 0 0)
(7.1381e-05 0 0)
(0.00870407 0 0)
(0.350015 0 0)
(3.69543 0 0)
(13.2827 0 0)
(25.4228 0 0)
(35.8983 0 0)
(44.3182 0 0)
(51.5916 0 0)
(58.4022 0 0)
(65.0756 0 0)
(71.7309 0 0)
(78.3978 0 0)
(85.0794 0 0)
(91.7719 0 0)
(98.4801 0 0)
(105.193 0 0)
(111.943 0 0)
(118.654 0 0)
(125.482 0 0)
(132.083 0 0)
(139.076 0 0)
(145.365 0 0)
(152.621 0 0)
(158.633 0 0)
(165.863 0 0)
(172.238 0 0)
(178.713 0 0)
(185.753 0 0)
(191.804 0 0)
(198.852 0 0)
(205.016 0 0)
(212.194 0 0)
(218.44 0 0)
(225.368 0 0)
(231.924 0 0)
(238.882 0 0)
(245.391 0 0)
(252.083 0 0)
(258.907 0 0)
(264.456 0 0)
(270.197 0 0)
(276.863 0 0)
(282.248 0 0)
(285.579 0 0)
(283.181 0 0)
(280.583 0 0)
(282.679 0 0)
(287.202 0 0)
(287.072 0 0)
(278.02 0 0)
(276.301 0 0)
(284.155 0 0)
(290.132 0 0)
(287.862 0 0)
(276.628 0 0)
(276.322 0 0)
(283.758 0 0)
(290.062 0 0)
(288.32 0 0)
(277.401 0 0)
(276.777 0 0)
(279.93 0 0)
(287.894 0 0)
(287.83 0 0)
(283.366 0 0)
(277.13 0 0)
(278.417 0 0)
(280.932 0 0)
(288.058 0 0)
(286.906 0 0)
(283.948 0 0)
(281.016 0 0)
(277.836 0 0)
(278.08 0 0)
(279.924 0 0)
(281.625 0 0)
(283.781 0 0)
(282.38 0 0)
(279.263 0 0)
(280.42 0 0)
(281.969 0 0)
(283.985 0 0)
(284.359 0 0)
(282.605 0 0)
(279.405 0 0)
(277.238 0 0)
(279.832 0 0)
(207.254 0 0)
(18.3134 0 0)
(-35.2669 0 0)
(-11.8585 0 0)
(9.67873 0 0)
(-20.3648 0 0)
)
;

boundaryField
{
    sides
    {
        type            fixedValue;
        value           uniform (0 0 0);
    }
    empty
    {
        type            empty;
    }
}


// ************************************************************************* //
