/*--------------------------------*- C++ -*----------------------------------*\
| =========                 |                                                 |
| \\      /  F ield         | OpenFOAM: The Open Source CFD Toolbox           |
|  \\    /   O peration     | Version:  2412                                  |
|   \\  /    A nd           | Website:  www.openfoam.com                      |
|    \\/     M anipulation  |                                                 |
\*---------------------------------------------------------------------------*/
FoamFile
{
    version     2.0;
    format      ascii;
    arch        "LSB;label=32;scalar=64";
    class       volVectorField;
    location    "0.0356474";
    object      U;
}
// * * * * * * * * * * * * * * * * * * * * * * * * * * * * * * * * * * * * * //

dimensions      [0 1 -1 0 0 0 0];

internalField   nonuniform List<vector> 
100
(
(1.83774 0 0)
(5.68204 0 0)
(9.34853 0 0)
(13.2419 0 0)
(16.8157 0 0)
(20.821 0 0)
(24.2685 0 0)
(28.3773 0 0)
(31.7563 0 0)
(35.8447 0 0)
(39.3683 0 0)
(43.2493 0 0)
(47.0616 0 0)
(50.7075 0 0)
(54.7156 0 0)
(58.1896 0 0)
(62.249 0 0)
(65.708 0 0)
(69.7374 0 0)
(73.2772 0 0)
(77.2367 0 0)
(80.865 0 0)
(84.7573 0 0)
(88.4468 0 0)
(92.2718 0 0)
(95.9853 0 0)
(99.7622 0 0)
(103.493 0 0)
(107.258 0 0)
(111 0 0)
(114.751 0 0)
(118.446 0 0)
(122.123 0 0)
(125.72 0 0)
(129.31 0 0)
(132.905 0 0)
(136.442 0 0)
(140.23 0 0)
(144.078 0 0)
(123.723 0 0)
(-62.6779 0 0)
(-137.625 0 0)
(-134.116 0 0)
(-119.963 0 0)
(-116.116 0 0)
(-118.449 0 0)
(-120.412 0 0)
(-120.569 0 0)
(-118.801 0 0)
(-113.523 0 0)
(-106.301 0 0)
(-102.293 0 0)
(-101.584 0 0)
(-101.202 0 0)
(-101.276 0 0)
(-101.622 0 0)
(-100.519 0 0)
(-97.6596 0 0)
(-91.0497 0 0)
(-81.8614 0 0)
(-76.2213 0 0)
(-73.6683 0 0)
(-74.5058 0 0)
(-73.6754 0 0)
(-74.9762 0 0)
(-71.9695 0 0)
(-70.2602 0 0)
(-67.6052 0 0)
(-62.44 0 0)
(-61.2521 0 0)
(-55.825 0 0)
(-56.81 0 0)
(-52.5219 0 0)
(-48.9088 0 0)
(-45.298 0 0)
(-41.4843 0 0)
(-44.1326 0 0)
(-41.1509 0 0)
(-37.4587 0 0)
(-33.4194 0 0)
(-28.8884 0 0)
(-26.4251 0 0)
(-27.4095 0 0)
(-30.264 0 0)
(-29.6377 0 0)
(-19.3675 0 0)
(-1.1586 0 0)
(10.9411 0 0)
(15.771 0 0)
(14.3698 0 0)
(8.01325 0 0)
(1.34031 0 0)
(-3.84991 0 0)
(-4.32514 0 0)
(-2.49002 0 0)
(-0.96118 0 0)
(-0.860564 0 0)
(-2.01279 0 0)
(-2.14107 0 0)
(-1.60369 0 0)
)
;

boundaryField
{
    sides
    {
        type            fixedValue;
        value           uniform (0 0 0);
    }
    empty
    {
        type            empty;
    }
}


// ************************************************************************* //
