/*--------------------------------*- C++ -*----------------------------------*\
| =========                 |                                                 |
| \\      /  F ield         | OpenFOAM: The Open Source CFD Toolbox           |
|  \\    /   O peration     | Version:  2412                                  |
|   \\  /    A nd           | Website:  www.openfoam.com                      |
|    \\/     M anipulation  |                                                 |
\*---------------------------------------------------------------------------*/
FoamFile
{
    version     2.0;
    format      ascii;
    arch        "LSB;label=32;scalar=64";
    class       volVectorField;
    location    "0.0293683";
    object      U;
}
// * * * * * * * * * * * * * * * * * * * * * * * * * * * * * * * * * * * * * //

dimensions      [0 1 -1 0 0 0 0];

internalField   nonuniform List<vector> 
100
(
(2.35855 0 0)
(7.11213 0 0)
(11.8152 0 0)
(16.5656 0 0)
(21.2472 0 0)
(26.0469 0 0)
(30.6501 0 0)
(35.5261 0 0)
(39.9988 0 0)
(45.0009 0 0)
(49.3403 0 0)
(54.3786 0 0)
(58.8113 0 0)
(63.7415 0 0)
(68.4471 0 0)
(73.1575 0 0)
(78.0929 0 0)
(82.6107 0 0)
(87.6507 0 0)
(92.125 0 0)
(97.1687 0 0)
(101.699 0 0)
(106.685 0 0)
(111.302 0 0)
(116.217 0 0)
(120.895 0 0)
(125.751 0 0)
(130.472 0 0)
(135.285 0 0)
(140.028 0 0)
(144.816 0 0)
(149.573 0 0)
(154.343 0 0)
(159.092 0 0)
(163.831 0 0)
(168.567 0 0)
(173.294 0 0)
(178.01 0 0)
(182.75 0 0)
(187.507 0 0)
(192.153 0 0)
(196.666 0 0)
(201.243 0 0)
(205.714 0 0)
(209.893 0 0)
(213.839 0 0)
(217.662 0 0)
(221.001 0 0)
(223.565 0 0)
(225.472 0 0)
(227.44 0 0)
(229.641 0 0)
(231.346 0 0)
(233.588 0 0)
(235.673 0 0)
(237.12 0 0)
(237.892 0 0)
(237.557 0 0)
(171.842 0 0)
(-2.05493 0 0)
(-39.3107 0 0)
(-36.9431 0 0)
(-38.8445 0 0)
(-30.6009 0 0)
(-18.0391 0 0)
(-2.12228 0 0)
(10.8875 0 0)
(12.8316 0 0)
(15.2235 0 0)
(3.29979 0 0)
(3.66073 0 0)
(-2.88694 0 0)
(-3.71778 0 0)
(0.265066 0 0)
(-1.80165 0 0)
(4.13806 0 0)
(0.963572 0 0)
(1.91438 0 0)
(-3.12559 0 0)
(-5.74487 0 0)
(-3.14152 0 0)
(-1.30114 0 0)
(2.56939 0 0)
(5.80591 0 0)
(6.46325 0 0)
(3.98877 0 0)
(-1.44584 0 0)
(-4.4019 0 0)
(-6.24613 0 0)
(-2.71149 0 0)
(0.100357 0 0)
(2.58549 0 0)
(2.89642 0 0)
(1.57365 0 0)
(-2.03509 0 0)
(-2.52922 0 0)
(-0.79917 0 0)
(0.769721 0 0)
(2.55525 0 0)
(1.67528 0 0)
)
;

boundaryField
{
    sides
    {
        type            fixedValue;
        value           uniform (0 0 0);
    }
    empty
    {
        type            empty;
    }
}


// ************************************************************************* //
