/*--------------------------------*- C++ -*----------------------------------*\
| =========                 |                                                 |
| \\      /  F ield         | OpenFOAM: The Open Source CFD Toolbox           |
|  \\    /   O peration     | Version:  2412                                  |
|   \\  /    A nd           | Website:  www.openfoam.com                      |
|    \\/     M anipulation  |                                                 |
\*---------------------------------------------------------------------------*/
FoamFile
{
    version     2.0;
    format      ascii;
    arch        "LSB;label=32;scalar=64";
    class       volVectorField;
    location    "0.029158";
    object      U;
}
// * * * * * * * * * * * * * * * * * * * * * * * * * * * * * * * * * * * * * //

dimensions      [0 1 -1 0 0 0 0];

internalField   nonuniform List<vector> 
100
(
(2.38141 0 0)
(7.18306 0 0)
(11.9333 0 0)
(16.7219 0 0)
(21.4415 0 0)
(26.2675 0 0)
(30.915 0 0)
(35.8215 0 0)
(40.3414 0 0)
(45.3842 0 0)
(49.7769 0 0)
(54.8677 0 0)
(59.3341 0 0)
(64.3204 0 0)
(69.0503 0 0)
(73.8111 0 0)
(78.7756 0 0)
(83.3414 0 0)
(88.4192 0 0)
(92.9337 0 0)
(98.0178 0 0)
(102.586 0 0)
(107.618 0 0)
(112.273 0 0)
(117.231 0 0)
(121.945 0 0)
(126.842 0 0)
(131.604 0 0)
(136.462 0 0)
(141.245 0 0)
(146.076 0 0)
(150.872 0 0)
(155.683 0 0)
(160.473 0 0)
(165.262 0 0)
(170.05 0 0)
(174.823 0 0)
(179.588 0 0)
(184.38 0 0)
(189.169 0 0)
(193.805 0 0)
(198.363 0 0)
(202.993 0 0)
(207.461 0 0)
(211.702 0 0)
(215.915 0 0)
(220.02 0 0)
(223.502 0 0)
(226.089 0 0)
(227.916 0 0)
(229.891 0 0)
(231.844 0 0)
(233.721 0 0)
(235.78 0 0)
(236.931 0 0)
(237.691 0 0)
(238.074 0 0)
(240.705 0 0)
(241.671 0 0)
(84.2763 0 0)
(-28.7772 0 0)
(-41.7509 0 0)
(-35.083 0 0)
(-21.1455 0 0)
(-10.313 0 0)
(3.2663 0 0)
(10.618 0 0)
(9.45202 0 0)
(10.4951 0 0)
(0.781997 0 0)
(4.91724 0 0)
(-0.593435 0 0)
(-2.46815 0 0)
(-0.243123 0 0)
(-4.64782 0 0)
(1.75453 0 0)
(1.15053 0 0)
(4.51678 0 0)
(1.337 0 0)
(-3.11827 0 0)
(-3.78537 0 0)
(-5.18727 0 0)
(-0.375184 0 0)
(4.81802 0 0)
(6.02903 0 0)
(5.04891 0 0)
(-0.605258 0 0)
(-4.11023 0 0)
(-5.05406 0 0)
(-1.95518 0 0)
(1.38974 0 0)
(3.46931 0 0)
(3.04745 0 0)
(-0.482677 0 0)
(-4.11623 0 0)
(-4.22143 0 0)
(-1.29874 0 0)
(1.83432 0 0)
(4.25402 0 0)
(1.70431 0 0)
)
;

boundaryField
{
    sides
    {
        type            fixedValue;
        value           uniform (0 0 0);
    }
    empty
    {
        type            empty;
    }
}


// ************************************************************************* //
