/*--------------------------------*- C++ -*----------------------------------*\
| =========                 |                                                 |
| \\      /  F ield         | OpenFOAM: The Open Source CFD Toolbox           |
|  \\    /   O peration     | Version:  2412                                  |
|   \\  /    A nd           | Website:  www.openfoam.com                      |
|    \\/     M anipulation  |                                                 |
\*---------------------------------------------------------------------------*/
FoamFile
{
    version     2.0;
    format      ascii;
    arch        "LSB;label=32;scalar=64";
    class       volVectorField;
    location    "0.025441";
    object      U;
}
// * * * * * * * * * * * * * * * * * * * * * * * * * * * * * * * * * * * * * //

dimensions      [0 1 -1 0 0 0 0];

internalField   nonuniform List<vector> 
100
(
(2.82279 0 0)
(8.5086 0 0)
(14.1331 0 0)
(19.7635 0 0)
(25.3941 0 0)
(31.0285 0 0)
(36.6709 0 0)
(42.3736 0 0)
(47.9519 0 0)
(53.7396 0 0)
(59.1931 0 0)
(65.109 0 0)
(70.4097 0 0)
(76.3602 0 0)
(81.6418 0 0)
(87.5334 0 0)
(93.0825 0 0)
(98.7203 0 0)
(104.481 0 0)
(109.909 0 0)
(115.795 0 0)
(121.127 0 0)
(127.043 0 0)
(132.433 0 0)
(138.271 0 0)
(143.73 0 0)
(149.545 0 0)
(155.167 0 0)
(161.058 0 0)
(166.8 0 0)
(172.605 0 0)
(178.199 0 0)
(183.689 0 0)
(188.989 0 0)
(194.236 0 0)
(199.399 0 0)
(204.597 0 0)
(210.148 0 0)
(216.437 0 0)
(223.369 0 0)
(229.819 0 0)
(234.808 0 0)
(238.745 0 0)
(244.277 0 0)
(257.334 0 0)
(277.706 0 0)
(284.581 0 0)
(287.225 0 0)
(289.688 0 0)
(290.152 0 0)
(289.49 0 0)
(287.3 0 0)
(283.021 0 0)
(281.091 0 0)
(281.134 0 0)
(281.882 0 0)
(282.403 0 0)
(281.824 0 0)
(282.663 0 0)
(285.098 0 0)
(285.559 0 0)
(281.121 0 0)
(279.551 0 0)
(286.03 0 0)
(288.005 0 0)
(286.006 0 0)
(252.86 0 0)
(88.4259 0 0)
(13.6319 0 0)
(-2.82778 0 0)
(18.9204 0 0)
(16.1193 0 0)
(11.0161 0 0)
(3.3741 0 0)
(-16.2184 0 0)
(-10.0909 0 0)
(-10.3507 0 0)
(-3.80478 0 0)
(0.913193 0 0)
(-0.0284421 0 0)
(6.34314 0 0)
(6.06778 0 0)
(5.96319 0 0)
(6.08981 0 0)
(-0.270268 0 0)
(-3.64204 0 0)
(-4.82908 0 0)
(-3.96333 0 0)
(1.65266 0 0)
(5.08803 0 0)
(2.9347 0 0)
(0.291935 0 0)
(-3.99104 0 0)
(-6.22686 0 0)
(-4.91243 0 0)
(-1.4987 0 0)
(3.84902 0 0)
(7.00019 0 0)
(8.20892 0 0)
(3.17109 0 0)
)
;

boundaryField
{
    sides
    {
        type            fixedValue;
        value           uniform (0 0 0);
    }
    empty
    {
        type            empty;
    }
}


// ************************************************************************* //
