/*--------------------------------*- C++ -*----------------------------------*\
| =========                 |                                                 |
| \\      /  F ield         | OpenFOAM: The Open Source CFD Toolbox           |
|  \\    /   O peration     | Version:  2412                                  |
|   \\  /    A nd           | Website:  www.openfoam.com                      |
|    \\/     M anipulation  |                                                 |
\*---------------------------------------------------------------------------*/
FoamFile
{
    version     2.0;
    format      ascii;
    arch        "LSB;label=32;scalar=64";
    class       volVectorField;
    location    "0.000396781";
    object      U;
}
// * * * * * * * * * * * * * * * * * * * * * * * * * * * * * * * * * * * * * //

dimensions      [0 1 -1 0 0 0 0];

internalField   nonuniform List<vector> 
100
(
(8.70697e-15 0 0)
(6.36154e-14 0 0)
(-3.53363e-14 0 0)
(-3.69861e-14 0 0)
(-9.07416e-21 0 0)
(8.70697e-15 0 0)
(6.36154e-14 0 0)
(-3.53363e-14 0 0)
(-2.82507e-14 0 0)
(1.76539e-14 0 0)
(-1.61578e-21 0 0)
(-2.63893e-14 0 0)
(-6.30648e-21 0 0)
(-8.28457e-29 0 0)
(6.04374e-21 0 0)
(2.63893e-14 0 0)
(-2.63893e-14 0 0)
(-5.78099e-21 0 0)
(6.04374e-21 0 0)
(2.63893e-14 0 0)
(8.72039e-31 0 0)
(-2.63893e-14 0 0)
(-5.781e-21 0 0)
(1.07882e-20 0 0)
(4.40433e-14 0 0)
(-4.40433e-14 0 0)
(-1.1051e-20 0 0)
(5.37989e-23 0 0)
(1.21557e-20 0 0)
(3.69861e-14 0 0)
(5.27786e-14 0 0)
(1.01968e-20 0 0)
(-8.70697e-15 0 0)
(-6.36154e-14 0 0)
(1.95438e-14 0 0)
(4.21819e-14 0 0)
(1.05968e-14 0 0)
(-8.73537e-15 0 0)
(-6.35871e-14 0 0)
(-1.74423e-14 0 0)
(2.18842e-21 0 0)
(2.63893e-14 0 0)
(2.62869e-23 0 0)
(-2.63414e-14 0 0)
(4.0818e-11 0 0)
(2.17777e-05 0 0)
(0.0312144 0 0)
(4.02892 0 0)
(42.297 0 0)
(145.181 0 0)
(240.671 0 0)
(233.698 0 0)
(43.4789 0 0)
(0.274784 0 0)
(4.38918e-05 0 0)
(1.40066e-09 0 0)
(5.31859e-15 0 0)
(6.81237e-20 0 0)
(1.52699e-14 0 0)
(1.60566e-21 0 0)
(-1.52699e-14 0 0)
(3.05149e-14 0 0)
(4.69107e-20 0 0)
(3.76771e-20 0 0)
(9.487e-15 0 0)
(-3.23545e-14 0 0)
(2.28675e-14 0 0)
(3.38002e-20 0 0)
(-5.31014e-21 0 0)
(2.48616e-17 0 0)
(-1.52699e-14 0 0)
(-7.64743e-15 0 0)
(-1.52699e-14 0 0)
(7.64739e-15 0 0)
(1.52699e-14 0 0)
(1.92673e-20 0 0)
(1.63338e-21 0 0)
(1.88387e-20 0 0)
(7.83263e-15 0 0)
(-7.83263e-15 0 0)
(1.22885e-20 0 0)
(9.2769e-15 0 0)
(-9.27688e-15 0 0)
(7.8326e-15 0 0)
(-7.83263e-15 0 0)
(1.22885e-20 0 0)
(9.2769e-15 0 0)
(-9.27688e-15 0 0)
(7.83258e-15 0 0)
(-2.31025e-14 0 0)
(-7.64742e-15 0 0)
(7.6474e-15 0 0)
(7.62252e-15 0 0)
(-6.44336e-21 0 0)
(-1.52699e-14 0 0)
(7.64737e-15 0 0)
(1.87321e-20 0 0)
(7.62251e-15 0 0)
(-5.90814e-21 0 0)
(-1.52699e-14 0 0)
)
;

boundaryField
{
    sides
    {
        type            fixedValue;
        value           uniform (0 0 0);
    }
    empty
    {
        type            empty;
    }
}


// ************************************************************************* //
