/*--------------------------------*- C++ -*----------------------------------*\
| =========                 |                                                 |
| \\      /  F ield         | OpenFOAM: The Open Source CFD Toolbox           |
|  \\    /   O peration     | Version:  2412                                  |
|   \\  /    A nd           | Website:  www.openfoam.com                      |
|    \\/     M anipulation  |                                                 |
\*---------------------------------------------------------------------------*/
FoamFile
{
    version     2.0;
    format      ascii;
    arch        "LSB;label=32;scalar=64";
    class       volVectorField;
    location    "0.0349829";
    object      U;
}
// * * * * * * * * * * * * * * * * * * * * * * * * * * * * * * * * * * * * * //

dimensions      [0 1 -1 0 0 0 0];

internalField   nonuniform List<vector> 
100
(
(1.87836 0 0)
(5.78463 0 0)
(9.53939 0 0)
(13.4947 0 0)
(17.1702 0 0)
(21.2442 0 0)
(24.7879 0 0)
(28.978 0 0)
(32.4327 0 0)
(36.6201 0 0)
(40.2058 0 0)
(44.1994 0 0)
(48.0592 0 0)
(51.8146 0 0)
(55.8885 0 0)
(59.4544 0 0)
(63.5971 0 0)
(67.1467 0 0)
(71.2727 0 0)
(74.8991 0 0)
(78.9691 0 0)
(82.6812 0 0)
(86.6696 0 0)
(90.4399 0 0)
(94.3593 0 0)
(98.162 0 0)
(102.035 0 0)
(105.845 0 0)
(109.672 0 0)
(113.462 0 0)
(117.264 0 0)
(121.052 0 0)
(124.869 0 0)
(128.644 0 0)
(132.418 0 0)
(136.129 0 0)
(139.804 0 0)
(143.502 0 0)
(147.028 0 0)
(150.559 0 0)
(154.29 0 0)
(148.797 0 0)
(-15.5775 0 0)
(-127.347 0 0)
(-130.227 0 0)
(-112.805 0 0)
(-107.319 0 0)
(-107.188 0 0)
(-107.252 0 0)
(-108.226 0 0)
(-108.379 0 0)
(-106.576 0 0)
(-101.173 0 0)
(-94.4235 0 0)
(-90.9946 0 0)
(-90.5813 0 0)
(-89.5694 0 0)
(-89.5441 0 0)
(-89.3198 0 0)
(-88.2284 0 0)
(-84.1409 0 0)
(-76.6627 0 0)
(-69.4264 0 0)
(-62.8903 0 0)
(-64.1039 0 0)
(-63.0728 0 0)
(-62.7625 0 0)
(-62.4694 0 0)
(-58.1057 0 0)
(-57.8811 0 0)
(-51.0543 0 0)
(-50.4847 0 0)
(-47.4361 0 0)
(-46.9579 0 0)
(-46.4938 0 0)
(-40.1304 0 0)
(-35.2146 0 0)
(-29.56 0 0)
(-30.0343 0 0)
(-30.6963 0 0)
(-30.48 0 0)
(-27.4097 0 0)
(-20.0775 0 0)
(-8.2855 0 0)
(5.49194 0 0)
(8.93137 0 0)
(6.40689 0 0)
(2.00963 0 0)
(2.01948 0 0)
(1.4251 0 0)
(1.91794 0 0)
(2.51325 0 0)
(2.32725 0 0)
(0.970308 0 0)
(-1.35415 0 0)
(-3.36469 0 0)
(-3.84953 0 0)
(-2.99978 0 0)
(-0.702929 0 0)
(-0.547199 0 0)
)
;

boundaryField
{
    sides
    {
        type            fixedValue;
        value           uniform (0 0 0);
    }
    empty
    {
        type            empty;
    }
}


// ************************************************************************* //
