/*--------------------------------*- C++ -*----------------------------------*\
| =========                 |                                                 |
| \\      /  F ield         | OpenFOAM: The Open Source CFD Toolbox           |
|  \\    /   O peration     | Version:  2412                                  |
|   \\  /    A nd           | Website:  www.openfoam.com                      |
|    \\/     M anipulation  |                                                 |
\*---------------------------------------------------------------------------*/
FoamFile
{
    version     2.0;
    format      ascii;
    arch        "LSB;label=32;scalar=64";
    class       volVectorField;
    location    "0.0521812";
    object      U;
}
// * * * * * * * * * * * * * * * * * * * * * * * * * * * * * * * * * * * * * //

dimensions      [0 1 -1 0 0 0 0];

internalField   nonuniform List<vector> 
100
(
(10.1381 0 0)
(8.3002 0 0)
(2.18383 0 0)
(-8.42603 0 0)
(-10.967 0 0)
(-0.338948 0 0)
(12.4566 0 0)
(15.1795 0 0)
(5.6693 0 0)
(-11.9817 0 0)
(-30.6315 0 0)
(-35.4838 0 0)
(-9.72937 0 0)
(17.1238 0 0)
(-8.67478 0 0)
(-144.791 0 0)
(-225.332 0 0)
(-236.676 0 0)
(-236.644 0 0)
(-234.814 0 0)
(-231.583 0 0)
(-225.407 0 0)
(-221.908 0 0)
(-220.016 0 0)
(-217.928 0 0)
(-213.607 0 0)
(-208.926 0 0)
(-206.9 0 0)
(-205.561 0 0)
(-206.327 0 0)
(-209.697 0 0)
(-210.173 0 0)
(-208.425 0 0)
(-204.557 0 0)
(-196.37 0 0)
(-191.847 0 0)
(-190.403 0 0)
(-198.128 0 0)
(-218.879 0 0)
(-224.042 0 0)
(-222.736 0 0)
(-220.622 0 0)
(-214.867 0 0)
(-192.804 0 0)
(-167.449 0 0)
(-157.404 0 0)
(-154.084 0 0)
(-152.7 0 0)
(-151.211 0 0)
(-148.448 0 0)
(-144.265 0 0)
(-140.616 0 0)
(-138.891 0 0)
(-138.006 0 0)
(-137.316 0 0)
(-137.375 0 0)
(-137.782 0 0)
(-137.58 0 0)
(-136.762 0 0)
(-134.632 0 0)
(-129.185 0 0)
(-119.761 0 0)
(-112.394 0 0)
(-107.847 0 0)
(-104.723 0 0)
(-103.217 0 0)
(-102.482 0 0)
(-101.958 0 0)
(-101.473 0 0)
(-100.423 0 0)
(-97.4247 0 0)
(-92.396 0 0)
(-87.3353 0 0)
(-82.7734 0 0)
(-79.7626 0 0)
(-76.7286 0 0)
(-74.0363 0 0)
(-71.1096 0 0)
(-67.7538 0 0)
(-64.739 0 0)
(-60.5319 0 0)
(-57.9703 0 0)
(-54.4103 0 0)
(-51.8599 0 0)
(-48.603 0 0)
(-45.5913 0 0)
(-43.068 0 0)
(-39.3253 0 0)
(-36.7381 0 0)
(-32.9136 0 0)
(-29.6142 0 0)
(-25.7552 0 0)
(-22.6608 0 0)
(-19.5859 0 0)
(-16.9912 0 0)
(-14.4098 0 0)
(-11.445 0 0)
(-8.54439 0 0)
(-4.82986 0 0)
(-1.75477 0 0)
)
;

boundaryField
{
    sides
    {
        type            fixedValue;
        value           uniform (0 0 0);
    }
    empty
    {
        type            empty;
    }
}


// ************************************************************************* //
