/*--------------------------------*- C++ -*----------------------------------*\
| =========                 |                                                 |
| \\      /  F ield         | OpenFOAM: The Open Source CFD Toolbox           |
|  \\    /   O peration     | Version:  2412                                  |
|   \\  /    A nd           | Website:  www.openfoam.com                      |
|    \\/     M anipulation  |                                                 |
\*---------------------------------------------------------------------------*/
FoamFile
{
    version     2.0;
    format      ascii;
    arch        "LSB;label=32;scalar=64";
    class       volVectorField;
    location    "0.0199049";
    object      U;
}
// * * * * * * * * * * * * * * * * * * * * * * * * * * * * * * * * * * * * * //

dimensions      [0 1 -1 0 0 0 0];

internalField   nonuniform List<vector> 
100
(
(3.78632 0 0)
(11.5255 0 0)
(19.1307 0 0)
(26.7038 0 0)
(34.4246 0 0)
(42.0994 0 0)
(49.7656 0 0)
(57.2951 0 0)
(64.679 0 0)
(71.9989 0 0)
(79.442 0 0)
(87.2265 0 0)
(95.3647 0 0)
(104.133 0 0)
(113.898 0 0)
(124.983 0 0)
(135.945 0 0)
(147.304 0 0)
(157.567 0 0)
(166.246 0 0)
(170.226 0 0)
(173.32 0 0)
(175.86 0 0)
(178.742 0 0)
(182.241 0 0)
(186.414 0 0)
(191.621 0 0)
(195.897 0 0)
(200.422 0 0)
(204.264 0 0)
(208.629 0 0)
(212.654 0 0)
(217.087 0 0)
(221.257 0 0)
(225.603 0 0)
(229.795 0 0)
(234.11 0 0)
(238.374 0 0)
(242.648 0 0)
(246.875 0 0)
(251.081 0 0)
(255.268 0 0)
(259.526 0 0)
(263.718 0 0)
(267.546 0 0)
(271.367 0 0)
(275.616 0 0)
(278.931 0 0)
(281.484 0 0)
(283.658 0 0)
(284.351 0 0)
(283.984 0 0)
(283.639 0 0)
(283.113 0 0)
(282.225 0 0)
(282.507 0 0)
(285.057 0 0)
(285.851 0 0)
(280.527 0 0)
(278.586 0 0)
(283.938 0 0)
(289.196 0 0)
(287.05 0 0)
(276.465 0 0)
(274.238 0 0)
(287.649 0 0)
(292.152 0 0)
(286.074 0 0)
(273.012 0 0)
(271.216 0 0)
(287.93 0 0)
(292.915 0 0)
(286.998 0 0)
(272.89 0 0)
(272.616 0 0)
(282.349 0 0)
(293.309 0 0)
(292.557 0 0)
(155.246 0 0)
(25.2493 0 0)
(16.7668 0 0)
(4.43949 0 0)
(4.41385 0 0)
(20.0489 0 0)
(12.9349 0 0)
(16.0338 0 0)
(20.5609 0 0)
(20.0818 0 0)
(14.4025 0 0)
(9.49942 0 0)
(0.911258 0 0)
(0.581612 0 0)
(1.0537 0 0)
(1.85313 0 0)
(-2.17557 0 0)
(-8.16986 0 0)
(-14.819 0 0)
(-16.7216 0 0)
(-10.9896 0 0)
(-6.02933 0 0)
)
;

boundaryField
{
    sides
    {
        type            fixedValue;
        value           uniform (0 0 0);
    }
    empty
    {
        type            empty;
    }
}


// ************************************************************************* //
