/*--------------------------------*- C++ -*----------------------------------*\
| =========                 |                                                 |
| \\      /  F ield         | OpenFOAM: The Open Source CFD Toolbox           |
|  \\    /   O peration     | Version:  2412                                  |
|   \\  /    A nd           | Website:  www.openfoam.com                      |
|    \\/     M anipulation  |                                                 |
\*---------------------------------------------------------------------------*/
FoamFile
{
    version     2.0;
    format      ascii;
    arch        "LSB;label=32;scalar=64";
    class       volVectorField;
    location    "0.0493172";
    object      U;
}
// * * * * * * * * * * * * * * * * * * * * * * * * * * * * * * * * * * * * * //

dimensions      [0 1 -1 0 0 0 0];

internalField   nonuniform List<vector> 
100
(
(-9.54611 0 0)
(-30.2106 0 0)
(-31.6367 0 0)
(-18.5393 0 0)
(2.30461 0 0)
(13.5866 0 0)
(22.9384 0 0)
(-20.8353 0 0)
(-188.164 0 0)
(-236.75 0 0)
(-229.735 0 0)
(-226.498 0 0)
(-226.898 0 0)
(-232.735 0 0)
(-235.977 0 0)
(-234.882 0 0)
(-232.124 0 0)
(-221.835 0 0)
(-212.988 0 0)
(-210.282 0 0)
(-209.743 0 0)
(-218.96 0 0)
(-229.845 0 0)
(-230.515 0 0)
(-228.481 0 0)
(-222.567 0 0)
(-203.992 0 0)
(-191.582 0 0)
(-187.869 0 0)
(-186.653 0 0)
(-186.276 0 0)
(-193.419 0 0)
(-201.987 0 0)
(-202.69 0 0)
(-200.97 0 0)
(-197.783 0 0)
(-193.106 0 0)
(-189.727 0 0)
(-187.716 0 0)
(-185.055 0 0)
(-180.605 0 0)
(-176.658 0 0)
(-174.854 0 0)
(-174.128 0 0)
(-175.626 0 0)
(-176.919 0 0)
(-175.956 0 0)
(-173.152 0 0)
(-166.795 0 0)
(-161.377 0 0)
(-159.342 0 0)
(-162.097 0 0)
(-178.131 0 0)
(-187.303 0 0)
(-187.171 0 0)
(-185.182 0 0)
(-179.764 0 0)
(-161.684 0 0)
(-139.575 0 0)
(-128.12 0 0)
(-123.291 0 0)
(-120.232 0 0)
(-117.317 0 0)
(-113.969 0 0)
(-110.466 0 0)
(-108.294 0 0)
(-107.283 0 0)
(-106.596 0 0)
(-106.118 0 0)
(-105.54 0 0)
(-104.919 0 0)
(-101.864 0 0)
(-97.0491 0 0)
(-89.6272 0 0)
(-83.8907 0 0)
(-78.6554 0 0)
(-74.8334 0 0)
(-72.8263 0 0)
(-70.9351 0 0)
(-70.7067 0 0)
(-68.5262 0 0)
(-66.6813 0 0)
(-61.5367 0 0)
(-57.2116 0 0)
(-53.2345 0 0)
(-49.3372 0 0)
(-46.9749 0 0)
(-43.0118 0 0)
(-39.4844 0 0)
(-35.3774 0 0)
(-31.8866 0 0)
(-28.2982 0 0)
(-25.0404 0 0)
(-21.5083 0 0)
(-18.2941 0 0)
(-15.2752 0 0)
(-12.0599 0 0)
(-9.13212 0 0)
(-5.33635 0 0)
(-1.96769 0 0)
)
;

boundaryField
{
    sides
    {
        type            fixedValue;
        value           uniform (0 0 0);
    }
    empty
    {
        type            empty;
    }
}


// ************************************************************************* //
