/*--------------------------------*- C++ -*----------------------------------*\
| =========                 |                                                 |
| \\      /  F ield         | OpenFOAM: The Open Source CFD Toolbox           |
|  \\    /   O peration     | Version:  2412                                  |
|   \\  /    A nd           | Website:  www.openfoam.com                      |
|    \\/     M anipulation  |                                                 |
\*---------------------------------------------------------------------------*/
FoamFile
{
    version     2.0;
    format      ascii;
    arch        "LSB;label=32;scalar=64";
    class       volVectorField;
    location    "0.04507";
    object      U;
}
// * * * * * * * * * * * * * * * * * * * * * * * * * * * * * * * * * * * * * //

dimensions      [0 1 -1 0 0 0 0];

internalField   nonuniform List<vector> 
100
(
(1.44332 0 0)
(4.80531 0 0)
(6.73671 0 0)
(-68.0163 0 0)
(-217.948 0 0)
(-243.087 0 0)
(-236.376 0 0)
(-231.487 0 0)
(-238.682 0 0)
(-246.185 0 0)
(-245.376 0 0)
(-243.562 0 0)
(-240.357 0 0)
(-229.074 0 0)
(-210.792 0 0)
(-203.945 0 0)
(-201.705 0 0)
(-201.046 0 0)
(-205.013 0 0)
(-216.137 0 0)
(-218.88 0 0)
(-217.667 0 0)
(-215.319 0 0)
(-209.251 0 0)
(-200.901 0 0)
(-197.323 0 0)
(-195.928 0 0)
(-197.229 0 0)
(-199.27 0 0)
(-198.336 0 0)
(-195.48 0 0)
(-187.951 0 0)
(-180.854 0 0)
(-178.236 0 0)
(-178.344 0 0)
(-182.383 0 0)
(-183.942 0 0)
(-182.412 0 0)
(-177.459 0 0)
(-168.04 0 0)
(-162.519 0 0)
(-160.682 0 0)
(-163.391 0 0)
(-172.548 0 0)
(-175.647 0 0)
(-174.24 0 0)
(-169.622 0 0)
(-156.785 0 0)
(-144.858 0 0)
(-140.363 0 0)
(-138.977 0 0)
(-139.923 0 0)
(-145.271 0 0)
(-148.646 0 0)
(-148.214 0 0)
(-146.657 0 0)
(-143.287 0 0)
(-139.371 0 0)
(-136.793 0 0)
(-134.986 0 0)
(-131.534 0 0)
(-127.115 0 0)
(-124.052 0 0)
(-123.111 0 0)
(-123.203 0 0)
(-123.395 0 0)
(-122.483 0 0)
(-118.509 0 0)
(-113.071 0 0)
(-108.682 0 0)
(-108.295 0 0)
(-113.005 0 0)
(-124.927 0 0)
(-128.864 0 0)
(-126.781 0 0)
(-124.291 0 0)
(-111.327 0 0)
(-93.1088 0 0)
(-77.6284 0 0)
(-71.0453 0 0)
(-65.8367 0 0)
(-61.9004 0 0)
(-59.9433 0 0)
(-56.9023 0 0)
(-55.8416 0 0)
(-54.0301 0 0)
(-53.2022 0 0)
(-51.0212 0 0)
(-47.5081 0 0)
(-42.0189 0 0)
(-36.4218 0 0)
(-31.0136 0 0)
(-26.2935 0 0)
(-21.8682 0 0)
(-18.893 0 0)
(-16.7303 0 0)
(-14.0012 0 0)
(-11.2166 0 0)
(-7.32027 0 0)
(-2.70403 0 0)
)
;

boundaryField
{
    sides
    {
        type            fixedValue;
        value           uniform (0 0 0);
    }
    empty
    {
        type            empty;
    }
}


// ************************************************************************* //
