/*--------------------------------*- C++ -*----------------------------------*\
| =========                 |                                                 |
| \\      /  F ield         | OpenFOAM: The Open Source CFD Toolbox           |
|  \\    /   O peration     | Version:  2412                                  |
|   \\  /    A nd           | Website:  www.openfoam.com                      |
|    \\/     M anipulation  |                                                 |
\*---------------------------------------------------------------------------*/
FoamFile
{
    version     2.0;
    format      ascii;
    arch        "LSB;label=32;scalar=64";
    class       volVectorField;
    location    "0.0426593";
    object      U;
}
// * * * * * * * * * * * * * * * * * * * * * * * * * * * * * * * * * * * * * //

dimensions      [0 1 -1 0 0 0 0];

internalField   nonuniform List<vector> 
100
(
(1.68269 0 0)
(4.99832 0 0)
(8.24121 0 0)
(11.4 0 0)
(14.4555 0 0)
(17.4285 0 0)
(20.3405 0 0)
(23.2224 0 0)
(26.1033 0 0)
(28.9969 0 0)
(31.9909 0 0)
(35.4472 0 0)
(38.3762 0 0)
(-5.14093 0 0)
(-183.727 0 0)
(-228.444 0 0)
(-219.511 0 0)
(-203.398 0 0)
(-199.637 0 0)
(-199 0 0)
(-203.498 0 0)
(-212.599 0 0)
(-214.175 0 0)
(-212.492 0 0)
(-210.423 0 0)
(-204.931 0 0)
(-188.817 0 0)
(-177.118 0 0)
(-173.554 0 0)
(-172.408 0 0)
(-173.799 0 0)
(-181.497 0 0)
(-185.371 0 0)
(-184.428 0 0)
(-182.522 0 0)
(-178.537 0 0)
(-171.56 0 0)
(-166.967 0 0)
(-165.335 0 0)
(-166.114 0 0)
(-167.355 0 0)
(-166.353 0 0)
(-162.764 0 0)
(-155.183 0 0)
(-149.563 0 0)
(-147.579 0 0)
(-148.791 0 0)
(-151.423 0 0)
(-151.108 0 0)
(-148.153 0 0)
(-141.095 0 0)
(-133.912 0 0)
(-130.922 0 0)
(-131.409 0 0)
(-137.406 0 0)
(-141.614 0 0)
(-140.855 0 0)
(-136.998 0 0)
(-126.779 0 0)
(-115.514 0 0)
(-110.307 0 0)
(-108.817 0 0)
(-109.754 0 0)
(-113.097 0 0)
(-114.775 0 0)
(-113.785 0 0)
(-112.661 0 0)
(-108.639 0 0)
(-105.755 0 0)
(-102.851 0 0)
(-101.744 0 0)
(-97.7955 0 0)
(-92.985 0 0)
(-91.2238 0 0)
(-89.2061 0 0)
(-90.5247 0 0)
(-88.8673 0 0)
(-86.7957 0 0)
(-81.9182 0 0)
(-76.7977 0 0)
(-76.2258 0 0)
(-78.1116 0 0)
(-87.1203 0 0)
(-91.4416 0 0)
(-91.7391 0 0)
(-89.0944 0 0)
(-74.9012 0 0)
(-55.9582 0 0)
(-44.704 0 0)
(-37.1631 0 0)
(-31.2685 0 0)
(-26.7719 0 0)
(-22.8612 0 0)
(-19.5114 0 0)
(-18.266 0 0)
(-17.9181 0 0)
(-16.8766 0 0)
(-14.6625 0 0)
(-9.84774 0 0)
(-3.54171 0 0)
)
;

boundaryField
{
    sides
    {
        type            fixedValue;
        value           uniform (0 0 0);
    }
    empty
    {
        type            empty;
    }
}


// ************************************************************************* //
