/*--------------------------------*- C++ -*----------------------------------*\
| =========                 |                                                 |
| \\      /  F ield         | OpenFOAM: The Open Source CFD Toolbox           |
|  \\    /   O peration     | Version:  2412                                  |
|   \\  /    A nd           | Website:  www.openfoam.com                      |
|    \\/     M anipulation  |                                                 |
\*---------------------------------------------------------------------------*/
FoamFile
{
    version     2.0;
    format      ascii;
    arch        "LSB;label=32;scalar=64";
    class       volVectorField;
    location    "0.0094401";
    object      U;
}
// * * * * * * * * * * * * * * * * * * * * * * * * * * * * * * * * * * * * * //

dimensions      [0 1 -1 0 0 0 0];

internalField   nonuniform List<vector> 
100
(
(1.88206e-14 0 0)
(6.99606e-15 0 0)
(3.05831e-14 0 0)
(-4.93013e-14 0 0)
(-3.95071e-14 0 0)
(1.88768e-14 0 0)
(1.03589e-13 0 0)
(1.34674e-13 0 0)
(1.28393e-13 0 0)
(6.68547e-14 0 0)
(6.62509e-14 0 0)
(2.34535e-14 0 0)
(1.04601e-13 0 0)
(3.76949e-11 0 0)
(1.73169e-08 0 0)
(5.66628e-06 0 0)
(0.00102733 0 0)
(0.0739027 0 0)
(1.4919 0 0)
(8.64144 0 0)
(21.6481 0 0)
(35.0125 0 0)
(46.3219 0 0)
(56.0717 0 0)
(65.0988 0 0)
(73.8764 0 0)
(82.5893 0 0)
(91.3109 0 0)
(100.026 0 0)
(108.829 0 0)
(117.509 0 0)
(126.514 0 0)
(134.908 0 0)
(144.307 0 0)
(152.183 0 0)
(161.769 0 0)
(169.841 0 0)
(178.299 0 0)
(187.6 0 0)
(195.2 0 0)
(204.42 0 0)
(212.523 0 0)
(221.801 0 0)
(230.125 0 0)
(239.319 0 0)
(246.929 0 0)
(256.023 0 0)
(265.224 0 0)
(273.399 0 0)
(277.163 0 0)
(280.345 0 0)
(283.451 0 0)
(288.091 0 0)
(288.355 0 0)
(279.433 0 0)
(276.807 0 0)
(281.463 0 0)
(289.609 0 0)
(289.801 0 0)
(278.726 0 0)
(276.784 0 0)
(280.325 0 0)
(287.794 0 0)
(287.895 0 0)
(281.193 0 0)
(277.237 0 0)
(278.417 0 0)
(286.131 0 0)
(288.483 0 0)
(286.311 0 0)
(283.864 0 0)
(278.78 0 0)
(278.12 0 0)
(280.336 0 0)
(281.877 0 0)
(279.347 0 0)
(278.422 0 0)
(281.442 0 0)
(283.578 0 0)
(283.857 0 0)
(281.042 0 0)
(279.601 0 0)
(279.59 0 0)
(280.322 0 0)
(282.927 0 0)
(283.726 0 0)
(283.288 0 0)
(280.485 0 0)
(277.166 0 0)
(276.586 0 0)
(276.538 0 0)
(276.92 0 0)
(281.805 0 0)
(296.736 0 0)
(294.04 0 0)
(207.195 0 0)
(20.7951 0 0)
(0.0712323 0 0)
(2.32792e-05 0 0)
(2.02474e-09 0 0)
)
;

boundaryField
{
    sides
    {
        type            fixedValue;
        value           uniform (0 0 0);
    }
    empty
    {
        type            empty;
    }
}


// ************************************************************************* //
