/*--------------------------------*- C++ -*----------------------------------*\
| =========                 |                                                 |
| \\      /  F ield         | OpenFOAM: The Open Source CFD Toolbox           |
|  \\    /   O peration     | Version:  2412                                  |
|   \\  /    A nd           | Website:  www.openfoam.com                      |
|    \\/     M anipulation  |                                                 |
\*---------------------------------------------------------------------------*/
FoamFile
{
    version     2.0;
    format      ascii;
    arch        "LSB;label=32;scalar=64";
    class       volVectorField;
    location    "0.0285281";
    object      U;
}
// * * * * * * * * * * * * * * * * * * * * * * * * * * * * * * * * * * * * * //

dimensions      [0 1 -1 0 0 0 0];

internalField   nonuniform List<vector> 
100
(
(2.44753 0 0)
(7.38556 0 0)
(12.2734 0 0)
(17.1901 0 0)
(22.0359 0 0)
(26.9451 0 0)
(31.7198 0 0)
(36.7277 0 0)
(41.4196 0 0)
(46.6035 0 0)
(51.1716 0 0)
(56.4012 0 0)
(60.9619 0 0)
(66.1154 0 0)
(70.9253 0 0)
(75.8486 0 0)
(80.8996 0 0)
(85.6103 0 0)
(90.7962 0 0)
(95.4373 0 0)
(100.655 0 0)
(105.341 0 0)
(110.509 0 0)
(115.269 0 0)
(120.363 0 0)
(125.194 0 0)
(130.226 0 0)
(135.112 0 0)
(140.103 0 0)
(145.006 0 0)
(149.966 0 0)
(154.89 0 0)
(159.841 0 0)
(164.78 0 0)
(169.73 0 0)
(174.662 0 0)
(179.553 0 0)
(184.429 0 0)
(189.298 0 0)
(194.084 0 0)
(198.823 0 0)
(203.622 0 0)
(208.563 0 0)
(213.257 0 0)
(218.043 0 0)
(222.955 0 0)
(227.107 0 0)
(230.257 0 0)
(232.706 0 0)
(235.029 0 0)
(236.784 0 0)
(237.404 0 0)
(237.605 0 0)
(239.044 0 0)
(243.064 0 0)
(250.491 0 0)
(252.598 0 0)
(254.159 0 0)
(254.541 0 0)
(251.825 0 0)
(182.631 0 0)
(22.1932 0 0)
(-10.2472 0 0)
(6.99418 0 0)
(8.79157 0 0)
(2.55206 0 0)
(-3.74057 0 0)
(-9.28302 0 0)
(-0.93113 0 0)
(-2.86463 0 0)
(7.351 0 0)
(5.50508 0 0)
(3.3063 0 0)
(1.80666 0 0)
(-6.14911 0 0)
(-1.03982 0 0)
(-2.88241 0 0)
(3.97284 0 0)
(6.78908 0 0)
(3.29705 0 0)
(2.88993 0 0)
(-2.51623 0 0)
(-5.49841 0 0)
(-6.0341 0 0)
(-4.48794 0 0)
(-0.049666 0 0)
(3.90824 0 0)
(7.4246 0 0)
(4.38464 0 0)
(0.205918 0 0)
(-1.03411 0 0)
(-2.10258 0 0)
(-3.18167 0 0)
(-3.44583 0 0)
(-0.929017 0 0)
(0.282573 0 0)
(0.15773 0 0)
(-1.58521 0 0)
(-1.4973 0 0)
(-2.53907 0 0)
)
;

boundaryField
{
    sides
    {
        type            fixedValue;
        value           uniform (0 0 0);
    }
    empty
    {
        type            empty;
    }
}


// ************************************************************************* //
