/*--------------------------------*- C++ -*----------------------------------*\
| =========                 |                                                 |
| \\      /  F ield         | OpenFOAM: The Open Source CFD Toolbox           |
|  \\    /   O peration     | Version:  2412                                  |
|   \\  /    A nd           | Website:  www.openfoam.com                      |
|    \\/     M anipulation  |                                                 |
\*---------------------------------------------------------------------------*/
FoamFile
{
    version     2.0;
    format      ascii;
    arch        "LSB;label=32;scalar=64";
    class       volVectorField;
    location    "0.0493883";
    object      U;
}
// * * * * * * * * * * * * * * * * * * * * * * * * * * * * * * * * * * * * * //

dimensions      [0 1 -1 0 0 0 0];

internalField   nonuniform List<vector> 
100
(
(-8.78306 0 0)
(-27.3047 0 0)
(-28.8135 0 0)
(-17.3173 0 0)
(-1.93273 0 0)
(3.87478 0 0)
(21.7459 0 0)
(-3.72605 0 0)
(-153.809 0 0)
(-233.248 0 0)
(-229.648 0 0)
(-226.927 0 0)
(-229.353 0 0)
(-235.567 0 0)
(-236.54 0 0)
(-234.973 0 0)
(-230.071 0 0)
(-218.164 0 0)
(-212.347 0 0)
(-210.52 0 0)
(-212.128 0 0)
(-225.266 0 0)
(-231.607 0 0)
(-230.797 0 0)
(-228.102 0 0)
(-217.676 0 0)
(-198.469 0 0)
(-190.495 0 0)
(-188.031 0 0)
(-187.101 0 0)
(-188.381 0 0)
(-198.285 0 0)
(-203.769 0 0)
(-203.059 0 0)
(-200.954 0 0)
(-196.965 0 0)
(-192.458 0 0)
(-189.74 0 0)
(-187.746 0 0)
(-184.421 0 0)
(-179.745 0 0)
(-176.609 0 0)
(-175.29 0 0)
(-175.167 0 0)
(-177.209 0 0)
(-177.605 0 0)
(-176.163 0 0)
(-172.14 0 0)
(-165.239 0 0)
(-161.19 0 0)
(-160.058 0 0)
(-167.262 0 0)
(-184.02 0 0)
(-188.635 0 0)
(-187.576 0 0)
(-184.968 0 0)
(-176.333 0 0)
(-154.203 0 0)
(-135.238 0 0)
(-126.885 0 0)
(-122.969 0 0)
(-120.158 0 0)
(-117.108 0 0)
(-113.642 0 0)
(-110.362 0 0)
(-108.736 0 0)
(-107.849 0 0)
(-107.22 0 0)
(-106.817 0 0)
(-106.183 0 0)
(-105.219 0 0)
(-101.542 0 0)
(-95.8366 0 0)
(-88.4768 0 0)
(-83.1436 0 0)
(-78.1901 0 0)
(-74.849 0 0)
(-73.1249 0 0)
(-71.3834 0 0)
(-71.1894 0 0)
(-68.9199 0 0)
(-66.4432 0 0)
(-61.0433 0 0)
(-56.8434 0 0)
(-53.0067 0 0)
(-49.1578 0 0)
(-46.8031 0 0)
(-42.9139 0 0)
(-39.4728 0 0)
(-35.3517 0 0)
(-31.7935 0 0)
(-28.1797 0 0)
(-24.9521 0 0)
(-21.4543 0 0)
(-18.2446 0 0)
(-15.2258 0 0)
(-12.0224 0 0)
(-9.13906 0 0)
(-5.38199 0 0)
(-2.00056 0 0)
)
;

boundaryField
{
    sides
    {
        type            fixedValue;
        value           uniform (0 0 0);
    }
    empty
    {
        type            empty;
    }
}


// ************************************************************************* //
