/*--------------------------------*- C++ -*----------------------------------*\
| =========                 |                                                 |
| \\      /  F ield         | OpenFOAM: The Open Source CFD Toolbox           |
|  \\    /   O peration     | Version:  2412                                  |
|   \\  /    A nd           | Website:  www.openfoam.com                      |
|    \\/     M anipulation  |                                                 |
\*---------------------------------------------------------------------------*/
FoamFile
{
    version     2.0;
    format      ascii;
    arch        "LSB;label=32;scalar=64";
    class       volVectorField;
    location    "0.0302363";
    object      U;
}
// * * * * * * * * * * * * * * * * * * * * * * * * * * * * * * * * * * * * * //

dimensions      [0 1 -1 0 0 0 0];

internalField   nonuniform List<vector> 
100
(
(2.25674 0 0)
(6.82455 0 0)
(11.3588 0 0)
(15.9684 0 0)
(20.484 0 0)
(25.1435 0 0)
(29.5535 0 0)
(34.3158 0 0)
(38.6054 0 0)
(43.489 0 0)
(47.6648 0 0)
(52.5101 0 0)
(56.7988 0 0)
(61.488 0 0)
(66.0848 0 0)
(70.5838 0 0)
(75.3939 0 0)
(79.7235 0 0)
(84.6094 0 0)
(88.9255 0 0)
(93.8003 0 0)
(98.1854 0 0)
(102.996 0 0)
(107.466 0 0)
(112.199 0 0)
(116.723 0 0)
(121.405 0 0)
(125.971 0 0)
(130.619 0 0)
(135.207 0 0)
(139.824 0 0)
(144.413 0 0)
(149.009 0 0)
(153.592 0 0)
(158.162 0 0)
(162.724 0 0)
(167.291 0 0)
(171.841 0 0)
(176.35 0 0)
(180.837 0 0)
(185.38 0 0)
(189.715 0 0)
(194.052 0 0)
(198.382 0 0)
(202.536 0 0)
(206.264 0 0)
(209.265 0 0)
(211.681 0 0)
(213.913 0 0)
(215.582 0 0)
(216.828 0 0)
(218.84 0 0)
(221.526 0 0)
(224.182 0 0)
(226.801 0 0)
(226.335 0 0)
(109.996 0 0)
(-42.3625 0 0)
(-59.957 0 0)
(-54.6785 0 0)
(-50.6476 0 0)
(-40.6712 0 0)
(-36.4274 0 0)
(-29.8538 0 0)
(-29.9399 0 0)
(-25.1629 0 0)
(-18.7634 0 0)
(-11.5411 0 0)
(3.94785 0 0)
(4.96909 0 0)
(11.5459 0 0)
(7.38507 0 0)
(3.73824 0 0)
(4.47988 0 0)
(-1.46419 0 0)
(-0.764194 0 0)
(-5.95178 0 0)
(-5.17002 0 0)
(-4.01746 0 0)
(0.51965 0 0)
(4.04863 0 0)
(4.25562 0 0)
(4.42687 0 0)
(1.35775 0 0)
(-1.25256 0 0)
(-1.02215 0 0)
(0.461581 0 0)
(1.10512 0 0)
(0.070717 0 0)
(-3.56106 0 0)
(-6.14823 0 0)
(-5.17391 0 0)
(-2.14106 0 0)
(2.84542 0 0)
(6.26508 0 0)
(5.77948 0 0)
(3.06812 0 0)
(-0.796723 0 0)
(-1.99426 0 0)
(-2.31434 0 0)
)
;

boundaryField
{
    sides
    {
        type            fixedValue;
        value           uniform (0 0 0);
    }
    empty
    {
        type            empty;
    }
}


// ************************************************************************* //
