/*--------------------------------*- C++ -*----------------------------------*\
| =========                 |                                                 |
| \\      /  F ield         | OpenFOAM: The Open Source CFD Toolbox           |
|  \\    /   O peration     | Version:  2412                                  |
|   \\  /    A nd           | Website:  www.openfoam.com                      |
|    \\/     M anipulation  |                                                 |
\*---------------------------------------------------------------------------*/
FoamFile
{
    version     2.0;
    format      ascii;
    arch        "LSB;label=32;scalar=64";
    class       volVectorField;
    location    "0.0242705";
    object      U;
}
// * * * * * * * * * * * * * * * * * * * * * * * * * * * * * * * * * * * * * //

dimensions      [0 1 -1 0 0 0 0];

internalField   nonuniform List<vector> 
100
(
(2.99625 0 0)
(9.03863 0 0)
(15.0356 0 0)
(21.0486 0 0)
(27.0511 0 0)
(33.0227 0 0)
(38.979 0 0)
(44.9551 0 0)
(50.8796 0 0)
(56.9438 0 0)
(62.7962 0 0)
(68.977 0 0)
(74.6775 0 0)
(80.9744 0 0)
(86.5946 0 0)
(92.8577 0 0)
(98.5776 0 0)
(104.686 0 0)
(110.693 0 0)
(116.488 0 0)
(122.626 0 0)
(128.352 0 0)
(134.651 0 0)
(140.423 0 0)
(146.768 0 0)
(152.517 0 0)
(158.548 0 0)
(164.088 0 0)
(169.78 0 0)
(175.301 0 0)
(181.028 0 0)
(186.899 0 0)
(193.333 0 0)
(200.167 0 0)
(207.008 0 0)
(213.1 0 0)
(218.905 0 0)
(226.521 0 0)
(241.312 0 0)
(258.487 0 0)
(264.763 0 0)
(268.116 0 0)
(271.55 0 0)
(274.562 0 0)
(276.221 0 0)
(275.832 0 0)
(277.713 0 0)
(279.706 0 0)
(280.941 0 0)
(282.39 0 0)
(283.678 0 0)
(283.853 0 0)
(283.475 0 0)
(283.545 0 0)
(283.055 0 0)
(282.427 0 0)
(283.255 0 0)
(284.386 0 0)
(283.28 0 0)
(281.243 0 0)
(282.324 0 0)
(286.582 0 0)
(287.032 0 0)
(279.14 0 0)
(276.954 0 0)
(285.795 0 0)
(290.666 0 0)
(284.876 0 0)
(265.842 0 0)
(163.154 0 0)
(21.6403 0 0)
(-1.16975 0 0)
(14.3719 0 0)
(24.9879 0 0)
(10.7685 0 0)
(19.2823 0 0)
(4.73949 0 0)
(-2.18555 0 0)
(-6.88072 0 0)
(-12.6906 0 0)
(-4.31893 0 0)
(-5.87085 0 0)
(-5.70814 0 0)
(-2.05976 0 0)
(-0.0254935 0 0)
(7.93729 0 0)
(12.5918 0 0)
(9.92057 0 0)
(-0.162621 0 0)
(-9.32835 0 0)
(-9.48394 0 0)
(-2.1333 0 0)
(5.43889 0 0)
(9.92733 0 0)
(8.20869 0 0)
(1.1206 0 0)
(-7.41958 0 0)
(-12.7031 0 0)
(-9.78568 0 0)
(-5.34129 0 0)
)
;

boundaryField
{
    sides
    {
        type            fixedValue;
        value           uniform (0 0 0);
    }
    empty
    {
        type            empty;
    }
}


// ************************************************************************* //
