/*--------------------------------*- C++ -*----------------------------------*\
| =========                 |                                                 |
| \\      /  F ield         | OpenFOAM: The Open Source CFD Toolbox           |
|  \\    /   O peration     | Version:  2412                                  |
|   \\  /    A nd           | Website:  www.openfoam.com                      |
|    \\/     M anipulation  |                                                 |
\*---------------------------------------------------------------------------*/
FoamFile
{
    version     2.0;
    format      ascii;
    arch        "LSB;label=32;scalar=64";
    class       volVectorField;
    location    "0.0275332";
    object      U;
}
// * * * * * * * * * * * * * * * * * * * * * * * * * * * * * * * * * * * * * //

dimensions      [0 1 -1 0 0 0 0];

internalField   nonuniform List<vector> 
100
(
(2.53834 0 0)
(7.6749 0 0)
(12.7644 0 0)
(17.8749 0 0)
(22.9622 0 0)
(28.1059 0 0)
(33.1623 0 0)
(38.3745 0 0)
(43.3377 0 0)
(48.6939 0 0)
(53.521 0 0)
(58.9821 0 0)
(63.7397 0 0)
(69.145 0 0)
(74.0864 0 0)
(79.3002 0 0)
(84.5007 0 0)
(89.4666 0 0)
(94.8227 0 0)
(99.6711 0 0)
(105.093 0 0)
(109.974 0 0)
(115.368 0 0)
(120.31 0 0)
(125.64 0 0)
(130.67 0 0)
(135.925 0 0)
(141.01 0 0)
(146.235 0 0)
(151.37 0 0)
(156.579 0 0)
(161.72 0 0)
(166.875 0 0)
(171.984 0 0)
(177.082 0 0)
(182.168 0 0)
(187.296 0 0)
(192.497 0 0)
(197.712 0 0)
(202.981 0 0)
(208.297 0 0)
(213.412 0 0)
(218.172 0 0)
(222.906 0 0)
(227.695 0 0)
(231.816 0 0)
(235.225 0 0)
(238.373 0 0)
(241.39 0 0)
(245.559 0 0)
(251.392 0 0)
(253.104 0 0)
(253.62 0 0)
(253.297 0 0)
(253.288 0 0)
(256.415 0 0)
(272.593 0 0)
(286.999 0 0)
(288.265 0 0)
(291.125 0 0)
(291.106 0 0)
(288.731 0 0)
(227.182 0 0)
(50.5686 0 0)
(-3.3483 0 0)
(1.97233 0 0)
(2.50756 0 0)
(-4.72527 0 0)
(-2.21452 0 0)
(-12.0547 0 0)
(-5.00794 0 0)
(-5.42992 0 0)
(0.551166 0 0)
(8.41966 0 0)
(4.92534 0 0)
(9.83985 0 0)
(1.65381 0 0)
(-0.611703 0 0)
(-1.58297 0 0)
(-5.13872 0 0)
(-1.22028 0 0)
(0.705451 0 0)
(2.83179 0 0)
(3.47479 0 0)
(0.156608 0 0)
(-2.24652 0 0)
(-1.57104 0 0)
(-2.89032 0 0)
(0.207367 0 0)
(2.10173 0 0)
(1.16071 0 0)
(2.5263 0 0)
(2.00027 0 0)
(-0.547018 0 0)
(-3.74809 0 0)
(-4.18538 0 0)
(-2.28513 0 0)
(-0.311765 0 0)
(2.38224 0 0)
(1.00396 0 0)
)
;

boundaryField
{
    sides
    {
        type            fixedValue;
        value           uniform (0 0 0);
    }
    empty
    {
        type            empty;
    }
}


// ************************************************************************* //
