/*--------------------------------*- C++ -*----------------------------------*\
| =========                 |                                                 |
| \\      /  F ield         | OpenFOAM: The Open Source CFD Toolbox           |
|  \\    /   O peration     | Version:  2412                                  |
|   \\  /    A nd           | Website:  www.openfoam.com                      |
|    \\/     M anipulation  |                                                 |
\*---------------------------------------------------------------------------*/
FoamFile
{
    version     2.0;
    format      ascii;
    arch        "LSB;label=32;scalar=64";
    class       volVectorField;
    location    "0.0101856";
    object      U;
}
// * * * * * * * * * * * * * * * * * * * * * * * * * * * * * * * * * * * * * //

dimensions      [0 1 -1 0 0 0 0];

internalField   nonuniform List<vector> 
100
(
(-4.57593e-14 0 0)
(-6.52408e-14 0 0)
(2.24575e-14 0 0)
(6.31417e-14 0 0)
(5.7449e-14 0 0)
(5.90503e-14 0 0)
(4.71875e-14 0 0)
(6.21461e-14 0 0)
(1.68597e-13 0 0)
(1.47522e-13 0 0)
(9.07715e-13 0 0)
(3.52617e-10 0 0)
(1.45759e-07 0 0)
(3.96787e-05 0 0)
(0.00534382 0 0)
(0.250141 0 0)
(3.10838 0 0)
(12.5714 0 0)
(25.7964 0 0)
(37.9044 0 0)
(47.9502 0 0)
(56.7544 0 0)
(65.0404 0 0)
(73.1648 0 0)
(81.2567 0 0)
(89.3595 0 0)
(97.4674 0 0)
(105.627 0 0)
(113.735 0 0)
(122.024 0 0)
(129.976 0 0)
(138.538 0 0)
(146.049 0 0)
(154.966 0 0)
(162.241 0 0)
(170.732 0 0)
(178.867 0 0)
(186.139 0 0)
(194.846 0 0)
(202.255 0 0)
(210.801 0 0)
(218.251 0 0)
(226.844 0 0)
(234.673 0 0)
(243.113 0 0)
(251.512 0 0)
(258.085 0 0)
(265.035 0 0)
(273.8 0 0)
(281.291 0 0)
(285.906 0 0)
(282.437 0 0)
(279.377 0 0)
(283.548 0 0)
(288.091 0 0)
(286.431 0 0)
(277.176 0 0)
(276.054 0 0)
(285.223 0 0)
(289.77 0 0)
(286.964 0 0)
(277.617 0 0)
(277.87 0 0)
(283.671 0 0)
(288.681 0 0)
(287.353 0 0)
(278.739 0 0)
(277.372 0 0)
(278.298 0 0)
(286.476 0 0)
(287.465 0 0)
(285.544 0 0)
(283.346 0 0)
(278.854 0 0)
(278.731 0 0)
(280.52 0 0)
(282.409 0 0)
(283.73 0 0)
(280.008 0 0)
(277.24 0 0)
(278.609 0 0)
(280.419 0 0)
(282.927 0 0)
(283.449 0 0)
(282.68 0 0)
(280.225 0 0)
(279.564 0 0)
(279.762 0 0)
(281.821 0 0)
(283.667 0 0)
(283.674 0 0)
(282.717 0 0)
(278.87 0 0)
(276.333 0 0)
(276.115 0 0)
(276.654 0 0)
(283.591 0 0)
(297.052 0 0)
(286.937 0 0)
(119.866 0 0)
)
;

boundaryField
{
    sides
    {
        type            fixedValue;
        value           uniform (0 0 0);
    }
    empty
    {
        type            empty;
    }
}


// ************************************************************************* //
