/*--------------------------------*- C++ -*----------------------------------*\
| =========                 |                                                 |
| \\      /  F ield         | OpenFOAM: The Open Source CFD Toolbox           |
|  \\    /   O peration     | Version:  2412                                  |
|   \\  /    A nd           | Website:  www.openfoam.com                      |
|    \\/     M anipulation  |                                                 |
\*---------------------------------------------------------------------------*/
FoamFile
{
    version     2.0;
    format      ascii;
    arch        "LSB;label=32;scalar=64";
    class       volVectorField;
    location    "0.0287389";
    object      U;
}
// * * * * * * * * * * * * * * * * * * * * * * * * * * * * * * * * * * * * * //

dimensions      [0 1 -1 0 0 0 0];

internalField   nonuniform List<vector> 
100
(
(2.42567 0 0)
(7.31874 0 0)
(12.1631 0 0)
(17.0361 0 0)
(21.8369 0 0)
(26.7149 0 0)
(31.4454 0 0)
(36.4173 0 0)
(41.0471 0 0)
(46.1838 0 0)
(50.6932 0 0)
(55.8786 0 0)
(60.4069 0 0)
(65.5045 0 0)
(70.2865 0 0)
(75.1533 0 0)
(80.1757 0 0)
(84.8378 0 0)
(89.9875 0 0)
(94.5848 0 0)
(99.7563 0 0)
(104.403 0 0)
(109.526 0 0)
(114.252 0 0)
(119.299 0 0)
(124.088 0 0)
(129.074 0 0)
(133.919 0 0)
(138.866 0 0)
(143.729 0 0)
(148.644 0 0)
(153.521 0 0)
(158.421 0 0)
(163.308 0 0)
(168.206 0 0)
(173.096 0 0)
(177.954 0 0)
(182.801 0 0)
(187.656 0 0)
(192.443 0 0)
(197.11 0 0)
(201.787 0 0)
(206.604 0 0)
(211.173 0 0)
(215.766 0 0)
(220.574 0 0)
(224.894 0 0)
(228.207 0 0)
(230.524 0 0)
(232.623 0 0)
(234.674 0 0)
(236.262 0 0)
(236.864 0 0)
(237.663 0 0)
(238.748 0 0)
(242.386 0 0)
(249.152 0 0)
(253.211 0 0)
(256.28 0 0)
(242.517 0 0)
(82.6315 0 0)
(-21.9918 0 0)
(-21.2511 0 0)
(-2.04816 0 0)
(5.35524 0 0)
(4.80508 0 0)
(3.4023 0 0)
(-4.97385 0 0)
(1.06063 0 0)
(-1.64141 0 0)
(7.17087 0 0)
(4.87622 0 0)
(2.47344 0 0)
(-0.0901136 0 0)
(-8.04196 0 0)
(-1.24935 0 0)
(-1.34425 0 0)
(5.46029 0 0)
(7.5521 0 0)
(2.64908 0 0)
(-1.63671 0 0)
(-5.0862 0 0)
(-4.86543 0 0)
(-2.08742 0 0)
(0.0401302 0 0)
(2.0985 0 0)
(2.99386 0 0)
(3.0582 0 0)
(0.874343 0 0)
(-0.912149 0 0)
(0.348095 0 0)
(1.41229 0 0)
(-0.854593 0 0)
(-3.67714 0 0)
(-2.88622 0 0)
(-2.53354 0 0)
(0.0152355 0 0)
(0.47475 0 0)
(1.45672 0 0)
(-1.27607 0 0)
)
;

boundaryField
{
    sides
    {
        type            fixedValue;
        value           uniform (0 0 0);
    }
    empty
    {
        type            empty;
    }
}


// ************************************************************************* //
