/*--------------------------------*- C++ -*----------------------------------*\
| =========                 |                                                 |
| \\      /  F ield         | OpenFOAM: The Open Source CFD Toolbox           |
|  \\    /   O peration     | Version:  2412                                  |
|   \\  /    A nd           | Website:  www.openfoam.com                      |
|    \\/     M anipulation  |                                                 |
\*---------------------------------------------------------------------------*/
FoamFile
{
    version     2.0;
    format      ascii;
    arch        "LSB;label=32;scalar=64";
    class       volVectorField;
    location    "0.0514692";
    object      U;
}
// * * * * * * * * * * * * * * * * * * * * * * * * * * * * * * * * * * * * * //

dimensions      [0 1 -1 0 0 0 0];

internalField   nonuniform List<vector> 
100
(
(-2.33774 0 0)
(-3.41201 0 0)
(1.09219 0 0)
(8.47047 0 0)
(5.19026 0 0)
(2.18236 0 0)
(-2.6782 0 0)
(-0.838479 0 0)
(-4.31011 0 0)
(-11.6683 0 0)
(-18.96 0 0)
(-8.06315 0 0)
(-34.0179 0 0)
(-132.751 0 0)
(-235.397 0 0)
(-220.082 0 0)
(-210.989 0 0)
(-208.772 0 0)
(-207.988 0 0)
(-208.469 0 0)
(-219.446 0 0)
(-228.442 0 0)
(-228.351 0 0)
(-226.578 0 0)
(-222.469 0 0)
(-217.135 0 0)
(-213.986 0 0)
(-212.258 0 0)
(-209.398 0 0)
(-204.674 0 0)
(-200.578 0 0)
(-198.866 0 0)
(-197.659 0 0)
(-199.438 0 0)
(-201.876 0 0)
(-201.246 0 0)
(-199.174 0 0)
(-193.616 0 0)
(-186.262 0 0)
(-183.442 0 0)
(-183.473 0 0)
(-197.832 0 0)
(-213.666 0 0)
(-215.003 0 0)
(-213.288 0 0)
(-210.433 0 0)
(-199.346 0 0)
(-172.959 0 0)
(-154.874 0 0)
(-148.521 0 0)
(-145.76 0 0)
(-144.133 0 0)
(-141.789 0 0)
(-138.235 0 0)
(-134.286 0 0)
(-131.929 0 0)
(-130.955 0 0)
(-130.175 0 0)
(-129.921 0 0)
(-130.103 0 0)
(-129.94 0 0)
(-129.149 0 0)
(-126.909 0 0)
(-121.754 0 0)
(-113.047 0 0)
(-106.023 0 0)
(-101.279 0 0)
(-97.8692 0 0)
(-95.8844 0 0)
(-95.016 0 0)
(-94.4133 0 0)
(-93.6147 0 0)
(-92.5078 0 0)
(-88.7751 0 0)
(-84.2609 0 0)
(-79.0147 0 0)
(-75.1743 0 0)
(-71.9023 0 0)
(-68.8679 0 0)
(-66.1442 0 0)
(-62.2098 0 0)
(-59.5156 0 0)
(-55.5256 0 0)
(-52.6197 0 0)
(-49.5048 0 0)
(-46.5003 0 0)
(-43.7465 0 0)
(-39.5378 0 0)
(-36.922 0 0)
(-33.3116 0 0)
(-30.2424 0 0)
(-26.9904 0 0)
(-24.1256 0 0)
(-20.7037 0 0)
(-17.5177 0 0)
(-14.1272 0 0)
(-10.5174 0 0)
(-7.60643 0 0)
(-4.26589 0 0)
(-1.63655 0 0)
)
;

boundaryField
{
    sides
    {
        type            fixedValue;
        value           uniform (0 0 0);
    }
    empty
    {
        type            empty;
    }
}


// ************************************************************************* //
