/*--------------------------------*- C++ -*----------------------------------*\
| =========                 |                                                 |
| \\      /  F ield         | OpenFOAM: The Open Source CFD Toolbox           |
|  \\    /   O peration     | Version:  2412                                  |
|   \\  /    A nd           | Website:  www.openfoam.com                      |
|    \\/     M anipulation  |                                                 |
\*---------------------------------------------------------------------------*/
FoamFile
{
    version     2.0;
    format      ascii;
    arch        "LSB;label=32;scalar=64";
    class       volVectorField;
    location    "0.0452093";
    object      U;
}
// * * * * * * * * * * * * * * * * * * * * * * * * * * * * * * * * * * * * * //

dimensions      [0 1 -1 0 0 0 0];

internalField   nonuniform List<vector> 
100
(
(1.74149 0 0)
(4.69834 0 0)
(-13.4088 0 0)
(-175.047 0 0)
(-242.529 0 0)
(-241.708 0 0)
(-235.392 0 0)
(-236.787 0 0)
(-247.078 0 0)
(-247.511 0 0)
(-245.771 0 0)
(-243.28 0 0)
(-234.846 0 0)
(-216.237 0 0)
(-206.375 0 0)
(-203.791 0 0)
(-202.422 0 0)
(-204.505 0 0)
(-215.168 0 0)
(-220.738 0 0)
(-219.808 0 0)
(-218.105 0 0)
(-213.278 0 0)
(-204.582 0 0)
(-199.767 0 0)
(-198.015 0 0)
(-198.258 0 0)
(-200.873 0 0)
(-200.631 0 0)
(-198.505 0 0)
(-192.452 0 0)
(-184.02 0 0)
(-180.425 0 0)
(-179.518 0 0)
(-182.754 0 0)
(-185.776 0 0)
(-184.895 0 0)
(-181.527 0 0)
(-172.797 0 0)
(-165.391 0 0)
(-162.649 0 0)
(-163.215 0 0)
(-171.443 0 0)
(-177.332 0 0)
(-176.782 0 0)
(-173.671 0 0)
(-163.792 0 0)
(-149.509 0 0)
(-143.068 0 0)
(-140.851 0 0)
(-140.801 0 0)
(-144.856 0 0)
(-149.892 0 0)
(-150.484 0 0)
(-149.173 0 0)
(-146.591 0 0)
(-142.514 0 0)
(-139.366 0 0)
(-137.52 0 0)
(-134.818 0 0)
(-130.462 0 0)
(-126.697 0 0)
(-125.106 0 0)
(-124.906 0 0)
(-125.352 0 0)
(-124.762 0 0)
(-122.421 0 0)
(-116.922 0 0)
(-112.028 0 0)
(-109.427 0 0)
(-112.129 0 0)
(-122.715 0 0)
(-130.184 0 0)
(-130.502 0 0)
(-126.807 0 0)
(-120.313 0 0)
(-101.965 0 0)
(-85.5752 0 0)
(-74.2665 0 0)
(-69.8391 0 0)
(-65.8008 0 0)
(-61.9557 0 0)
(-60.1516 0 0)
(-57.4935 0 0)
(-57.1412 0 0)
(-55.4837 0 0)
(-53.9747 0 0)
(-50.9076 0 0)
(-46.8105 0 0)
(-40.9304 0 0)
(-35.2791 0 0)
(-30.2006 0 0)
(-26.1141 0 0)
(-21.9678 0 0)
(-19.688 0 0)
(-17.6181 0 0)
(-14.6966 0 0)
(-11.4418 0 0)
(-7.1544 0 0)
(-2.73656 0 0)
)
;

boundaryField
{
    sides
    {
        type            fixedValue;
        value           uniform (0 0 0);
    }
    empty
    {
        type            empty;
    }
}


// ************************************************************************* //
