/*--------------------------------*- C++ -*----------------------------------*\
| =========                 |                                                 |
| \\      /  F ield         | OpenFOAM: The Open Source CFD Toolbox           |
|  \\    /   O peration     | Version:  2412                                  |
|   \\  /    A nd           | Website:  www.openfoam.com                      |
|    \\/     M anipulation  |                                                 |
\*---------------------------------------------------------------------------*/
FoamFile
{
    version     2.0;
    format      ascii;
    arch        "LSB;label=32;scalar=64";
    class       volVectorField;
    location    "0.0170821";
    object      U;
}
// * * * * * * * * * * * * * * * * * * * * * * * * * * * * * * * * * * * * * //

dimensions      [0 1 -1 0 0 0 0];

internalField   nonuniform List<vector> 
100
(
(5.11486 0 0)
(14.0184 0 0)
(25.5379 0 0)
(38.2122 0 0)
(51.7701 0 0)
(64.407 0 0)
(74.4119 0 0)
(82.5553 0 0)
(87.9699 0 0)
(92.1193 0 0)
(96.3581 0 0)
(101.055 0 0)
(106.036 0 0)
(111.069 0 0)
(116.059 0 0)
(121.034 0 0)
(125.974 0 0)
(130.978 0 0)
(135.862 0 0)
(140.942 0 0)
(145.658 0 0)
(150.873 0 0)
(155.373 0 0)
(160.711 0 0)
(165.212 0 0)
(170.399 0 0)
(175.242 0 0)
(180.012 0 0)
(185.126 0 0)
(189.692 0 0)
(194.889 0 0)
(199.391 0 0)
(204.628 0 0)
(209.25 0 0)
(214.394 0 0)
(219.113 0 0)
(224.232 0 0)
(229.107 0 0)
(234.121 0 0)
(238.979 0 0)
(243.926 0 0)
(248.909 0 0)
(253.826 0 0)
(258.544 0 0)
(263.183 0 0)
(268.085 0 0)
(272.566 0 0)
(276.323 0 0)
(280.42 0 0)
(283.361 0 0)
(284.648 0 0)
(284.38 0 0)
(282.751 0 0)
(281.534 0 0)
(284.217 0 0)
(285.97 0 0)
(283.683 0 0)
(278.91 0 0)
(278.699 0 0)
(288.005 0 0)
(289.84 0 0)
(281.715 0 0)
(275.093 0 0)
(277.678 0 0)
(290.998 0 0)
(291.923 0 0)
(280.367 0 0)
(273.085 0 0)
(275.956 0 0)
(291.07 0 0)
(290.604 0 0)
(283.536 0 0)
(274.187 0 0)
(274.589 0 0)
(286.744 0 0)
(290.227 0 0)
(287.414 0 0)
(275.872 0 0)
(275.118 0 0)
(276.781 0 0)
(287.656 0 0)
(287.587 0 0)
(286.364 0 0)
(265.781 0 0)
(112.839 0 0)
(6.63711 0 0)
(14.0847 0 0)
(8.95586 0 0)
(3.45795 0 0)
(15.5565 0 0)
(19.5802 0 0)
(19.1114 0 0)
(20.6877 0 0)
(23.2931 0 0)
(23.9436 0 0)
(23.9372 0 0)
(19.1857 0 0)
(10.5904 0 0)
(6.31537 0 0)
(0.209484 0 0)
)
;

boundaryField
{
    sides
    {
        type            fixedValue;
        value           uniform (0 0 0);
    }
    empty
    {
        type            empty;
    }
}


// ************************************************************************* //
