/*--------------------------------*- C++ -*----------------------------------*\
| =========                 |                                                 |
| \\      /  F ield         | OpenFOAM: The Open Source CFD Toolbox           |
|  \\    /   O peration     | Version:  2412                                  |
|   \\  /    A nd           | Website:  www.openfoam.com                      |
|    \\/     M anipulation  |                                                 |
\*---------------------------------------------------------------------------*/
FoamFile
{
    version     2.0;
    format      ascii;
    arch        "LSB;label=32;scalar=64";
    class       volVectorField;
    location    "0.030382";
    object      U;
}
// * * * * * * * * * * * * * * * * * * * * * * * * * * * * * * * * * * * * * //

dimensions      [0 1 -1 0 0 0 0];

internalField   nonuniform List<vector> 
100
(
(2.24096 0 0)
(6.78474 0 0)
(11.292 0 0)
(15.8741 0 0)
(20.3587 0 0)
(24.994 0 0)
(29.3731 0 0)
(34.1171 0 0)
(38.3756 0 0)
(43.2395 0 0)
(47.3919 0 0)
(52.2137 0 0)
(56.4831 0 0)
(61.1388 0 0)
(65.7152 0 0)
(70.1714 0 0)
(74.9579 0 0)
(79.2577 0 0)
(84.1193 0 0)
(88.4105 0 0)
(93.2569 0 0)
(97.6179 0 0)
(102.399 0 0)
(106.846 0 0)
(111.551 0 0)
(116.051 0 0)
(120.703 0 0)
(125.242 0 0)
(129.862 0 0)
(134.426 0 0)
(139.018 0 0)
(143.58 0 0)
(148.147 0 0)
(152.7 0 0)
(157.243 0 0)
(161.778 0 0)
(166.32 0 0)
(170.848 0 0)
(175.331 0 0)
(179.775 0 0)
(184.268 0 0)
(188.597 0 0)
(192.877 0 0)
(197.132 0 0)
(201.266 0 0)
(204.962 0 0)
(207.93 0 0)
(210.205 0 0)
(212.372 0 0)
(214.144 0 0)
(215.399 0 0)
(217.148 0 0)
(219.64 0 0)
(222.441 0 0)
(225.671 0 0)
(207.617 0 0)
(28.53 0 0)
(-60.9512 0 0)
(-59.5097 0 0)
(-51.8021 0 0)
(-51.148 0 0)
(-43.7843 0 0)
(-37.1037 0 0)
(-28.8758 0 0)
(-28.2303 0 0)
(-25.9562 0 0)
(-23.0733 0 0)
(-19.9569 0 0)
(-3.51546 0 0)
(3.21621 0 0)
(12.0772 0 0)
(9.35986 0 0)
(6.6322 0 0)
(4.83156 0 0)
(-2.72429 0 0)
(-2.61614 0 0)
(-6.52685 0 0)
(-3.89584 0 0)
(-1.12272 0 0)
(1.99334 0 0)
(4.44361 0 0)
(3.39115 0 0)
(2.00841 0 0)
(-0.146453 0 0)
(-1.26568 0 0)
(-0.470506 0 0)
(0.883383 0 0)
(1.55907 0 0)
(-0.291589 0 0)
(-3.32491 0 0)
(-4.91183 0 0)
(-4.03197 0 0)
(-2.40538 0 0)
(1.38926 0 0)
(4.3178 0 0)
(4.63162 0 0)
(3.51494 0 0)
(1.21167 0 0)
(0.349587 0 0)
(-1.93393 0 0)
)
;

boundaryField
{
    sides
    {
        type            fixedValue;
        value           uniform (0 0 0);
    }
    empty
    {
        type            empty;
    }
}


// ************************************************************************* //
