/*--------------------------------*- C++ -*----------------------------------*\
| =========                 |                                                 |
| \\      /  F ield         | OpenFOAM: The Open Source CFD Toolbox           |
|  \\    /   O peration     | Version:  2412                                  |
|   \\  /    A nd           | Website:  www.openfoam.com                      |
|    \\/     M anipulation  |                                                 |
\*---------------------------------------------------------------------------*/
FoamFile
{
    version     2.0;
    format      ascii;
    arch        "LSB;label=32;scalar=64";
    class       volVectorField;
    location    "0.0306049";
    object      U;
}
// * * * * * * * * * * * * * * * * * * * * * * * * * * * * * * * * * * * * * //

dimensions      [0 1 -1 0 0 0 0];

internalField   nonuniform List<vector> 
100
(
(2.21932 0 0)
(6.73069 0 0)
(11.1949 0 0)
(15.7321 0 0)
(20.1682 0 0)
(24.7681 0 0)
(29.1008 0 0)
(33.8167 0 0)
(38.0283 0 0)
(42.86 0 0)
(46.9757 0 0)
(51.7629 0 0)
(56.0087 0 0)
(60.6206 0 0)
(65.1671 0 0)
(69.5551 0 0)
(74.3011 0 0)
(78.5551 0 0)
(83.3796 0 0)
(87.6336 0 0)
(92.438 0 0)
(96.7628 0 0)
(101.5 0 0)
(105.91 0 0)
(110.574 0 0)
(115.038 0 0)
(119.645 0 0)
(124.143 0 0)
(128.719 0 0)
(133.245 0 0)
(137.798 0 0)
(142.322 0 0)
(146.846 0 0)
(151.355 0 0)
(155.855 0 0)
(160.349 0 0)
(164.851 0 0)
(169.345 0 0)
(173.798 0 0)
(178.177 0 0)
(182.587 0 0)
(186.918 0 0)
(191.113 0 0)
(195.247 0 0)
(199.314 0 0)
(202.94 0 0)
(205.852 0 0)
(207.976 0 0)
(209.981 0 0)
(211.924 0 0)
(213.319 0 0)
(214.845 0 0)
(217.049 0 0)
(219.914 0 0)
(221.18 0 0)
(105.04 0 0)
(-48.4805 0 0)
(-68.9683 0 0)
(-56.4447 0 0)
(-49.434 0 0)
(-51.3026 0 0)
(-45.995 0 0)
(-40.3224 0 0)
(-28.478 0 0)
(-26.4242 0 0)
(-26.5423 0 0)
(-28.2187 0 0)
(-30.3205 0 0)
(-14.3627 0 0)
(-2.81472 0 0)
(11.0272 0 0)
(10.9099 0 0)
(9.96298 0 0)
(5.6734 0 0)
(-4.38658 0 0)
(-3.84609 0 0)
(-6.60989 0 0)
(-0.78485 0 0)
(2.9968 0 0)
(3.06322 0 0)
(4.41169 0 0)
(1.2763 0 0)
(-1.38249 0 0)
(-1.83279 0 0)
(-0.894733 0 0)
(0.565393 0 0)
(1.34625 0 0)
(1.50189 0 0)
(-1.55689 0 0)
(-2.375 0 0)
(-2.16598 0 0)
(-1.39124 0 0)
(-2.05455 0 0)
(-1.32845 0 0)
(0.0877675 0 0)
(1.96508 0 0)
(4.04532 0 0)
(4.28673 0 0)
(4.0478 0 0)
(-0.054057 0 0)
)
;

boundaryField
{
    sides
    {
        type            fixedValue;
        value           uniform (0 0 0);
    }
    empty
    {
        type            empty;
    }
}


// ************************************************************************* //
