/*--------------------------------*- C++ -*----------------------------------*\
| =========                 |                                                 |
| \\      /  F ield         | OpenFOAM: The Open Source CFD Toolbox           |
|  \\    /   O peration     | Version:  2412                                  |
|   \\  /    A nd           | Website:  www.openfoam.com                      |
|    \\/     M anipulation  |                                                 |
\*---------------------------------------------------------------------------*/
FoamFile
{
    version     2.0;
    format      ascii;
    arch        "LSB;label=32;scalar=64";
    class       volVectorField;
    location    "0.0504334";
    object      U;
}
// * * * * * * * * * * * * * * * * * * * * * * * * * * * * * * * * * * * * * //

dimensions      [0 1 -1 0 0 0 0];

internalField   nonuniform List<vector> 
100
(
(19.4404 0 0)
(10.4906 0 0)
(5.10157 0 0)
(-4.21981 0 0)
(-13.2216 0 0)
(-16.3061 0 0)
(-16.3621 0 0)
(-8.18997 0 0)
(1.00281 0 0)
(2.98443 0 0)
(-48.9492 0 0)
(-198.649 0 0)
(-225.973 0 0)
(-221.558 0 0)
(-221.035 0 0)
(-229.787 0 0)
(-242.733 0 0)
(-243.716 0 0)
(-242.067 0 0)
(-236.938 0 0)
(-218.516 0 0)
(-203.652 0 0)
(-199.668 0 0)
(-198.376 0 0)
(-197.636 0 0)
(-203.052 0 0)
(-214.332 0 0)
(-216.964 0 0)
(-215.394 0 0)
(-212.805 0 0)
(-207.531 0 0)
(-203.47 0 0)
(-201.085 0 0)
(-198.887 0 0)
(-194.632 0 0)
(-190.017 0 0)
(-187.575 0 0)
(-186.425 0 0)
(-187.072 0 0)
(-189.65 0 0)
(-189.69 0 0)
(-188.122 0 0)
(-183.512 0 0)
(-176.171 0 0)
(-172.517 0 0)
(-171.685 0 0)
(-181.584 0 0)
(-198.772 0 0)
(-202.001 0 0)
(-200.647 0 0)
(-198.109 0 0)
(-188.794 0 0)
(-164.654 0 0)
(-145.726 0 0)
(-138.216 0 0)
(-134.716 0 0)
(-132.43 0 0)
(-129.676 0 0)
(-126.147 0 0)
(-122.638 0 0)
(-120.609 0 0)
(-119.768 0 0)
(-119.053 0 0)
(-118.79 0 0)
(-118.624 0 0)
(-118.067 0 0)
(-116.373 0 0)
(-112.481 0 0)
(-104.998 0 0)
(-97.7354 0 0)
(-92.5572 0 0)
(-88.1725 0 0)
(-85.6164 0 0)
(-84.1066 0 0)
(-83.3613 0 0)
(-82.2714 0 0)
(-80.7756 0 0)
(-77.9047 0 0)
(-73.4121 0 0)
(-68.7462 0 0)
(-63.6407 0 0)
(-61.1045 0 0)
(-57.5793 0 0)
(-54.7369 0 0)
(-51.3725 0 0)
(-47.8175 0 0)
(-44.8206 0 0)
(-40.3333 0 0)
(-37.55 0 0)
(-34.4075 0 0)
(-31.6881 0 0)
(-27.8295 0 0)
(-24.6528 0 0)
(-21.1249 0 0)
(-17.8033 0 0)
(-14.6155 0 0)
(-11.0381 0 0)
(-7.92944 0 0)
(-4.35435 0 0)
(-1.75779 0 0)
)
;

boundaryField
{
    sides
    {
        type            fixedValue;
        value           uniform (0 0 0);
    }
    empty
    {
        type            empty;
    }
}


// ************************************************************************* //
