/*--------------------------------*- C++ -*----------------------------------*\
| =========                 |                                                 |
| \\      /  F ield         | OpenFOAM: The Open Source CFD Toolbox           |
|  \\    /   O peration     | Version:  2412                                  |
|   \\  /    A nd           | Website:  www.openfoam.com                      |
|    \\/     M anipulation  |                                                 |
\*---------------------------------------------------------------------------*/
FoamFile
{
    version     2.0;
    format      ascii;
    arch        "LSB;label=32;scalar=64";
    class       volVectorField;
    location    "0.0211896";
    object      U;
}
// * * * * * * * * * * * * * * * * * * * * * * * * * * * * * * * * * * * * * //

dimensions      [0 1 -1 0 0 0 0];

internalField   nonuniform List<vector> 
100
(
(3.51816 0 0)
(10.6568 0 0)
(17.7311 0 0)
(24.7937 0 0)
(31.9029 0 0)
(38.974 0 0)
(46.067 0 0)
(53.1479 0 0)
(60.2521 0 0)
(67.3936 0 0)
(74.5078 0 0)
(81.6418 0 0)
(88.5408 0 0)
(95.4624 0 0)
(101.923 0 0)
(108.861 0 0)
(115.532 0 0)
(123.177 0 0)
(130.328 0 0)
(138.848 0 0)
(147.78 0 0)
(157.33 0 0)
(167.84 0 0)
(179.797 0 0)
(192.053 0 0)
(198.876 0 0)
(202.658 0 0)
(205.222 0 0)
(207.507 0 0)
(209.659 0 0)
(212.893 0 0)
(216.095 0 0)
(220.343 0 0)
(225.499 0 0)
(230.206 0 0)
(234.072 0 0)
(237.837 0 0)
(241.657 0 0)
(245.667 0 0)
(249.731 0 0)
(253.754 0 0)
(257.747 0 0)
(261.684 0 0)
(265.215 0 0)
(269.261 0 0)
(273.089 0 0)
(276.271 0 0)
(279.374 0 0)
(282.398 0 0)
(283.866 0 0)
(284.186 0 0)
(284.005 0 0)
(283.269 0 0)
(282.693 0 0)
(283.535 0 0)
(284.358 0 0)
(282.578 0 0)
(280.925 0 0)
(282.785 0 0)
(286.575 0 0)
(286.339 0 0)
(278.946 0 0)
(276.857 0 0)
(286.775 0 0)
(291.041 0 0)
(285.427 0 0)
(273.87 0 0)
(271.957 0 0)
(289.424 0 0)
(291.564 0 0)
(283.975 0 0)
(271.559 0 0)
(270.824 0 0)
(289.745 0 0)
(297.381 0 0)
(225.603 0 0)
(58.7616 0 0)
(10.063 0 0)
(17.7929 0 0)
(5.71933 0 0)
(16.7743 0 0)
(12.5464 0 0)
(13.0856 0 0)
(24.0584 0 0)
(14.5229 0 0)
(10.3242 0 0)
(9.53434 0 0)
(0.344272 0 0)
(-6.53182 0 0)
(-10.7225 0 0)
(-7.59593 0 0)
(-1.85885 0 0)
(-2.73782 0 0)
(-5.75328 0 0)
(-7.24426 0 0)
(-3.28812 0 0)
(5.60907 0 0)
(14.2869 0 0)
(17.9775 0 0)
(9.11386 0 0)
)
;

boundaryField
{
    sides
    {
        type            fixedValue;
        value           uniform (0 0 0);
    }
    empty
    {
        type            empty;
    }
}


// ************************************************************************* //
