/*--------------------------------*- C++ -*----------------------------------*\
| =========                 |                                                 |
| \\      /  F ield         | OpenFOAM: The Open Source CFD Toolbox           |
|  \\    /   O peration     | Version:  2412                                  |
|   \\  /    A nd           | Website:  www.openfoam.com                      |
|    \\/     M anipulation  |                                                 |
\*---------------------------------------------------------------------------*/
FoamFile
{
    version     2.0;
    format      ascii;
    arch        "LSB;label=32;scalar=64";
    class       volVectorField;
    location    "0.0214404";
    object      U;
}
// * * * * * * * * * * * * * * * * * * * * * * * * * * * * * * * * * * * * * //

dimensions      [0 1 -1 0 0 0 0];

internalField   nonuniform List<vector> 
100
(
(3.47166 0 0)
(10.5083 0 0)
(17.4745 0 0)
(24.4422 0 0)
(31.4492 0 0)
(38.4308 0 0)
(45.4339 0 0)
(52.4077 0 0)
(59.3798 0 0)
(66.3896 0 0)
(73.3898 0 0)
(80.4786 0 0)
(87.3688 0 0)
(94.3342 0 0)
(100.765 0 0)
(107.629 0 0)
(114.006 0 0)
(121.075 0 0)
(127.82 0 0)
(135.607 0 0)
(143.439 0 0)
(151.994 0 0)
(161.467 0 0)
(171.197 0 0)
(183.409 0 0)
(195.856 0 0)
(204.284 0 0)
(207.768 0 0)
(210.896 0 0)
(212.882 0 0)
(215.122 0 0)
(217.879 0 0)
(221.196 0 0)
(224.818 0 0)
(229.798 0 0)
(234.845 0 0)
(238.893 0 0)
(242.539 0 0)
(246.258 0 0)
(250.146 0 0)
(254.145 0 0)
(258.142 0 0)
(262.142 0 0)
(265.608 0 0)
(269.383 0 0)
(273.364 0 0)
(276.682 0 0)
(279.44 0 0)
(282.325 0 0)
(283.959 0 0)
(284.169 0 0)
(283.919 0 0)
(283.405 0 0)
(282.768 0 0)
(282.911 0 0)
(284.137 0 0)
(284.163 0 0)
(281.466 0 0)
(280.429 0 0)
(285.589 0 0)
(287.642 0 0)
(282.715 0 0)
(277.365 0 0)
(279.356 0 0)
(290.175 0 0)
(291.814 0 0)
(277.52 0 0)
(271.997 0 0)
(277.887 0 0)
(291.67 0 0)
(291.514 0 0)
(274.856 0 0)
(272.066 0 0)
(276.126 0 0)
(290.136 0 0)
(129.758 0 0)
(23.8463 0 0)
(13.8025 0 0)
(19.964 0 0)
(7.76373 0 0)
(17.4524 0 0)
(12.1795 0 0)
(12.2195 0 0)
(22.4522 0 0)
(14.7464 0 0)
(10.2294 0 0)
(4.56468 0 0)
(-6.62154 0 0)
(-12.8463 0 0)
(-12.7666 0 0)
(-8.45329 0 0)
(-0.546636 0 0)
(2.52427 0 0)
(2.84845 0 0)
(1.18113 0 0)
(-0.216956 0 0)
(4.1113 0 0)
(6.09269 0 0)
(6.34177 0 0)
(6.44845 0 0)
)
;

boundaryField
{
    sides
    {
        type            fixedValue;
        value           uniform (0 0 0);
    }
    empty
    {
        type            empty;
    }
}


// ************************************************************************* //
