/*--------------------------------*- C++ -*----------------------------------*\
| =========                 |                                                 |
| \\      /  F ield         | OpenFOAM: The Open Source CFD Toolbox           |
|  \\    /   O peration     | Version:  2412                                  |
|   \\  /    A nd           | Website:  www.openfoam.com                      |
|    \\/     M anipulation  |                                                 |
\*---------------------------------------------------------------------------*/
FoamFile
{
    version     2.0;
    format      ascii;
    arch        "LSB;label=32;scalar=64";
    class       volVectorField;
    location    "0.0410011";
    object      U;
}
// * * * * * * * * * * * * * * * * * * * * * * * * * * * * * * * * * * * * * //

dimensions      [0 1 -1 0 0 0 0];

internalField   nonuniform List<vector> 
100
(
(1.5586 0 0)
(4.85123 0 0)
(8.10305 0 0)
(11.3513 0 0)
(14.593 0 0)
(17.8265 0 0)
(21.0433 0 0)
(24.2327 0 0)
(27.3997 0 0)
(30.5453 0 0)
(33.6791 0 0)
(36.7952 0 0)
(39.9073 0 0)
(42.9983 0 0)
(46.0772 0 0)
(49.1747 0 0)
(52.3185 0 0)
(55.5913 0 0)
(59.344 0 0)
(61.9517 0 0)
(-20.9109 0 0)
(-186.922 0 0)
(-214.629 0 0)
(-205.703 0 0)
(-189.939 0 0)
(-183.053 0 0)
(-179.585 0 0)
(-177.976 0 0)
(-178.357 0 0)
(-185.721 0 0)
(-190.035 0 0)
(-189.111 0 0)
(-187.287 0 0)
(-183.341 0 0)
(-170.837 0 0)
(-157.972 0 0)
(-153.247 0 0)
(-151.754 0 0)
(-152.768 0 0)
(-158.244 0 0)
(-161.248 0 0)
(-160.581 0 0)
(-159.018 0 0)
(-155.642 0 0)
(-149.479 0 0)
(-144.65 0 0)
(-142.981 0 0)
(-143.481 0 0)
(-143.932 0 0)
(-142.471 0 0)
(-137.61 0 0)
(-130.41 0 0)
(-126.059 0 0)
(-125.179 0 0)
(-126.635 0 0)
(-127.648 0 0)
(-126.196 0 0)
(-121.267 0 0)
(-113.689 0 0)
(-109.067 0 0)
(-107.854 0 0)
(-111.16 0 0)
(-115.924 0 0)
(-116.11 0 0)
(-113.846 0 0)
(-105.73 0 0)
(-95.1484 0 0)
(-88.1808 0 0)
(-86.9336 0 0)
(-86.6477 0 0)
(-88.8013 0 0)
(-90.6938 0 0)
(-88.4588 0 0)
(-89.056 0 0)
(-83.9416 0 0)
(-81.379 0 0)
(-78.6124 0 0)
(-76.9976 0 0)
(-74.0264 0 0)
(-68.8891 0 0)
(-67.2727 0 0)
(-65.2968 0 0)
(-65.2646 0 0)
(-63.9123 0 0)
(-60.2338 0 0)
(-56.1167 0 0)
(-51.9434 0 0)
(-51.4002 0 0)
(-56.89 0 0)
(-64.3255 0 0)
(-67.9809 0 0)
(-67.5028 0 0)
(-60.1453 0 0)
(-45.4524 0 0)
(-29.3124 0 0)
(-16.46 0 0)
(-7.74821 0 0)
(-4.19071 0 0)
(-0.296187 0 0)
(-0.423458 0 0)
)
;

boundaryField
{
    sides
    {
        type            fixedValue;
        value           uniform (0 0 0);
    }
    empty
    {
        type            empty;
    }
}


// ************************************************************************* //
