/*--------------------------------*- C++ -*----------------------------------*\
| =========                 |                                                 |
| \\      /  F ield         | OpenFOAM: The Open Source CFD Toolbox           |
|  \\    /   O peration     | Version:  2412                                  |
|   \\  /    A nd           | Website:  www.openfoam.com                      |
|    \\/     M anipulation  |                                                 |
\*---------------------------------------------------------------------------*/
FoamFile
{
    version     2.0;
    format      ascii;
    arch        "LSB;label=32;scalar=64";
    class       volVectorField;
    location    "0.0034262";
    object      U;
}
// * * * * * * * * * * * * * * * * * * * * * * * * * * * * * * * * * * * * * //

dimensions      [0 1 -1 0 0 0 0];

internalField   nonuniform List<vector> 
100
(
(9.3784e-15 0 0)
(-2.56424e-14 0 0)
(-4.41014e-14 0 0)
(-5.96124e-14 0 0)
(-7.35977e-15 0 0)
(2.5393e-14 0 0)
(2.22096e-14 0 0)
(3.68287e-14 0 0)
(-2.77764e-14 0 0)
(-4.68839e-14 0 0)
(-7.96233e-14 0 0)
(-1.76358e-14 0 0)
(-4.84728e-14 0 0)
(-4.10865e-14 0 0)
(8.12427e-15 0 0)
(-2.90905e-14 0 0)
(-1.81607e-14 0 0)
(4.04335e-14 0 0)
(1.53491e-14 0 0)
(9.62064e-15 0 0)
(1.62127e-14 0 0)
(7.94006e-14 0 0)
(1.11942e-13 0 0)
(6.30324e-14 0 0)
(9.21995e-14 0 0)
(5.26746e-14 0 0)
(1.42731e-13 0 0)
(1.82832e-13 0 0)
(1.59428e-13 0 0)
(1.33319e-13 0 0)
(7.84113e-14 0 0)
(3.25029e-14 0 0)
(2.47098e-11 0 0)
(1.34189e-08 0 0)
(5.02578e-06 0 0)
(0.00103715 0 0)
(0.0853908 0 0)
(1.97909 0 0)
(12.7748 0 0)
(34.7225 0 0)
(59.9523 0 0)
(84.587 0 0)
(106.385 0 0)
(131.14 0 0)
(151.068 0 0)
(174.359 0 0)
(199.348 0 0)
(213.53 0 0)
(239.92 0 0)
(265.226 0 0)
(281.679 0 0)
(280.988 0 0)
(279.787 0 0)
(286.989 0 0)
(286.458 0 0)
(281.381 0 0)
(276.696 0 0)
(279.018 0 0)
(284.472 0 0)
(283.243 0 0)
(274.983 0 0)
(274.41 0 0)
(275.688 0 0)
(282.852 0 0)
(299.519 0 0)
(291.091 0 0)
(171.867 0 0)
(8.75825 0 0)
(0.016088 0 0)
(3.60328e-06 0 0)
(2.8854e-10 0 0)
(1.24122e-14 0 0)
(4.21105e-14 0 0)
(9.13169e-15 0 0)
(2.07069e-14 0 0)
(9.79591e-14 0 0)
(-6.29484e-14 0 0)
(1.42826e-14 0 0)
(8.19842e-15 0 0)
(-1.55829e-13 0 0)
(-1.32658e-13 0 0)
(-7.99662e-14 0 0)
(-1.76516e-15 0 0)
(-1.45223e-14 0 0)
(-8.81095e-15 0 0)
(-9.08841e-14 0 0)
(-3.04043e-13 0 0)
(-2.60648e-13 0 0)
(-1.46529e-13 0 0)
(-8.01052e-14 0 0)
(-1.06408e-13 0 0)
(-4.15347e-14 0 0)
(-5.46239e-14 0 0)
(-2.30658e-13 0 0)
(-1.90801e-13 0 0)
(-7.66968e-14 0 0)
(-6.20393e-14 0 0)
(5.96477e-16 0 0)
(-3.5299e-14 0 0)
(-9.95809e-14 0 0)
)
;

boundaryField
{
    sides
    {
        type            fixedValue;
        value           uniform (0 0 0);
    }
    empty
    {
        type            empty;
    }
}


// ************************************************************************* //
