/*--------------------------------*- C++ -*----------------------------------*\
| =========                 |                                                 |
| \\      /  F ield         | OpenFOAM: The Open Source CFD Toolbox           |
|  \\    /   O peration     | Version:  2412                                  |
|   \\  /    A nd           | Website:  www.openfoam.com                      |
|    \\/     M anipulation  |                                                 |
\*---------------------------------------------------------------------------*/
FoamFile
{
    version     2.0;
    format      ascii;
    arch        "LSB;label=32;scalar=64";
    class       volVectorField;
    location    "0.0414375";
    object      U;
}
// * * * * * * * * * * * * * * * * * * * * * * * * * * * * * * * * * * * * * //

dimensions      [0 1 -1 0 0 0 0];

internalField   nonuniform List<vector> 
100
(
(1.61867 0 0)
(5.00442 0 0)
(8.27711 0 0)
(11.4888 0 0)
(14.6432 0 0)
(17.7531 0 0)
(20.8366 0 0)
(23.9161 0 0)
(27.0166 0 0)
(30.1039 0 0)
(33.1997 0 0)
(36.3011 0 0)
(39.4043 0 0)
(42.4985 0 0)
(45.5466 0 0)
(48.6231 0 0)
(52.1473 0 0)
(55.2766 0 0)
(16.8831 0 0)
(-167.556 0 0)
(-219.394 0 0)
(-214.126 0 0)
(-193.98 0 0)
(-187.139 0 0)
(-184.915 0 0)
(-183.516 0 0)
(-184.712 0 0)
(-192.963 0 0)
(-196.405 0 0)
(-195.395 0 0)
(-193.531 0 0)
(-188.641 0 0)
(-174.481 0 0)
(-162.504 0 0)
(-158.411 0 0)
(-157.165 0 0)
(-158.582 0 0)
(-164.854 0 0)
(-167.74 0 0)
(-166.905 0 0)
(-165.222 0 0)
(-161.467 0 0)
(-154.999 0 0)
(-150.452 0 0)
(-148.94 0 0)
(-149.665 0 0)
(-150.266 0 0)
(-148.799 0 0)
(-143.96 0 0)
(-136.58 0 0)
(-132.163 0 0)
(-131.198 0 0)
(-132.864 0 0)
(-134.08 0 0)
(-132.802 0 0)
(-128.198 0 0)
(-120.373 0 0)
(-115.43 0 0)
(-113.964 0 0)
(-116.975 0 0)
(-122.29 0 0)
(-123.111 0 0)
(-120.644 0 0)
(-113.746 0 0)
(-102.255 0 0)
(-95.1127 0 0)
(-92.7941 0 0)
(-92.1546 0 0)
(-95.2503 0 0)
(-96.6774 0 0)
(-96.1359 0 0)
(-95.2023 0 0)
(-91.0999 0 0)
(-89.3015 0 0)
(-85.1081 0 0)
(-84.735 0 0)
(-80.1549 0 0)
(-76.0613 0 0)
(-73.834 0 0)
(-72.2914 0 0)
(-72.7091 0 0)
(-70.9862 0 0)
(-68.8483 0 0)
(-63.6128 0 0)
(-59.5636 0 0)
(-58.4444 0 0)
(-61.1522 0 0)
(-67.2155 0 0)
(-73.5972 0 0)
(-73.2676 0 0)
(-67.2988 0 0)
(-54.3903 0 0)
(-40.494 0 0)
(-28.874 0 0)
(-20.0455 0 0)
(-12.6787 0 0)
(-7.02934 0 0)
(-3.78434 0 0)
(-1.06221 0 0)
(0.48103 0 0)
)
;

boundaryField
{
    sides
    {
        type            fixedValue;
        value           uniform (0 0 0);
    }
    empty
    {
        type            empty;
    }
}


// ************************************************************************* //
