/*--------------------------------*- C++ -*----------------------------------*\
| =========                 |                                                 |
| \\      /  F ield         | OpenFOAM: The Open Source CFD Toolbox           |
|  \\    /   O peration     | Version:  2412                                  |
|   \\  /    A nd           | Website:  www.openfoam.com                      |
|    \\/     M anipulation  |                                                 |
\*---------------------------------------------------------------------------*/
FoamFile
{
    version     2.0;
    format      ascii;
    arch        "LSB;label=32;scalar=64";
    class       volVectorField;
    location    "0.0198405";
    object      U;
}
// * * * * * * * * * * * * * * * * * * * * * * * * * * * * * * * * * * * * * //

dimensions      [0 1 -1 0 0 0 0];

internalField   nonuniform List<vector> 
100
(
(3.7966 0 0)
(11.5681 0 0)
(19.2049 0 0)
(26.8149 0 0)
(34.5706 0 0)
(42.2707 0 0)
(49.9444 0 0)
(57.4666 0 0)
(64.8502 0 0)
(72.2153 0 0)
(79.7514 0 0)
(87.6866 0 0)
(95.978 0 0)
(105.055 0 0)
(115.202 0 0)
(126.556 0 0)
(137.55 0 0)
(148.83 0 0)
(158.467 0 0)
(166.214 0 0)
(169.423 0 0)
(172.403 0 0)
(175.029 0 0)
(178.042 0 0)
(181.858 0 0)
(186.341 0 0)
(191.482 0 0)
(195.609 0 0)
(200.083 0 0)
(203.939 0 0)
(208.344 0 0)
(212.396 0 0)
(216.848 0 0)
(221.022 0 0)
(225.379 0 0)
(229.583 0 0)
(233.917 0 0)
(238.193 0 0)
(242.479 0 0)
(246.717 0 0)
(250.935 0 0)
(255.148 0 0)
(259.426 0 0)
(263.627 0 0)
(267.419 0 0)
(271.34 0 0)
(275.564 0 0)
(278.83 0 0)
(281.457 0 0)
(283.688 0 0)
(284.342 0 0)
(284.003 0 0)
(283.69 0 0)
(282.966 0 0)
(282.152 0 0)
(282.879 0 0)
(285.195 0 0)
(285.306 0 0)
(280.23 0 0)
(278.401 0 0)
(285.46 0 0)
(289.276 0 0)
(285.366 0 0)
(276.125 0 0)
(274.732 0 0)
(289.838 0 0)
(291.916 0 0)
(283.754 0 0)
(272.416 0 0)
(272.049 0 0)
(290.651 0 0)
(292.028 0 0)
(284.914 0 0)
(272.758 0 0)
(272.025 0 0)
(285.771 0 0)
(293.068 0 0)
(291.014 0 0)
(179.507 0 0)
(33.2802 0 0)
(14.3173 0 0)
(1.83396 0 0)
(5.28794 0 0)
(21.9744 0 0)
(13.5054 0 0)
(16.4249 0 0)
(20.7036 0 0)
(19.3199 0 0)
(13.4019 0 0)
(8.88116 0 0)
(2.00834 0 0)
(3.52413 0 0)
(4.67557 0 0)
(3.76266 0 0)
(-2.98551 0 0)
(-10.8552 0 0)
(-16.826 0 0)
(-17.0343 0 0)
(-10.5001 0 0)
(-6.0287 0 0)
)
;

boundaryField
{
    sides
    {
        type            fixedValue;
        value           uniform (0 0 0);
    }
    empty
    {
        type            empty;
    }
}


// ************************************************************************* //
