/*--------------------------------*- C++ -*----------------------------------*\
| =========                 |                                                 |
| \\      /  F ield         | OpenFOAM: The Open Source CFD Toolbox           |
|  \\    /   O peration     | Version:  2412                                  |
|   \\  /    A nd           | Website:  www.openfoam.com                      |
|    \\/     M anipulation  |                                                 |
\*---------------------------------------------------------------------------*/
FoamFile
{
    version     2.0;
    format      ascii;
    arch        "LSB;label=32;scalar=64";
    class       volVectorField;
    location    "0.0222713";
    object      U;
}
// * * * * * * * * * * * * * * * * * * * * * * * * * * * * * * * * * * * * * //

dimensions      [0 1 -1 0 0 0 0];

internalField   nonuniform List<vector> 
100
(
(3.32126 0 0)
(10.036 0 0)
(16.6988 0 0)
(23.3593 0 0)
(30.0356 0 0)
(36.6986 0 0)
(43.3854 0 0)
(50.0623 0 0)
(56.7239 0 0)
(63.4032 0 0)
(69.9767 0 0)
(76.6624 0 0)
(83.1201 0 0)
(89.989 0 0)
(96.4407 0 0)
(103.458 0 0)
(109.655 0 0)
(116.473 0 0)
(122.617 0 0)
(128.91 0 0)
(135.284 0 0)
(141.665 0 0)
(148.704 0 0)
(155.509 0 0)
(163.449 0 0)
(171.089 0 0)
(179.64 0 0)
(188.813 0 0)
(201.882 0 0)
(215.733 0 0)
(223.335 0 0)
(226.85 0 0)
(230.029 0 0)
(232.292 0 0)
(233.826 0 0)
(236.138 0 0)
(239.345 0 0)
(242.686 0 0)
(246.579 0 0)
(251.9 0 0)
(256.287 0 0)
(259.702 0 0)
(263.248 0 0)
(266.776 0 0)
(270.116 0 0)
(273.473 0 0)
(277.396 0 0)
(280.535 0 0)
(282.413 0 0)
(283.826 0 0)
(284.283 0 0)
(283.704 0 0)
(283.251 0 0)
(283.419 0 0)
(282.984 0 0)
(282.286 0 0)
(283.38 0 0)
(284.95 0 0)
(283.835 0 0)
(280.516 0 0)
(280.442 0 0)
(287.188 0 0)
(289.184 0 0)
(280.287 0 0)
(275.712 0 0)
(280.643 0 0)
(290.9 0 0)
(290.946 0 0)
(273.898 0 0)
(270.368 0 0)
(280.361 0 0)
(293.29 0 0)
(293.221 0 0)
(180.99 0 0)
(35.922 0 0)
(15.4539 0 0)
(-3.26804 0 0)
(6.97666 0 0)
(21.1856 0 0)
(13.6907 0 0)
(23.8178 0 0)
(16.3529 0 0)
(9.03059 0 0)
(7.48327 0 0)
(-5.04269 0 0)
(-8.62445 0 0)
(-6.31131 0 0)
(-5.11689 0 0)
(-8.00179 0 0)
(-8.28684 0 0)
(-6.17787 0 0)
(1.24854 0 0)
(7.30336 0 0)
(13.8011 0 0)
(15.0755 0 0)
(7.45412 0 0)
(-2.14924 0 0)
(-10.9744 0 0)
(-11.6043 0 0)
(-8.27307 0 0)
)
;

boundaryField
{
    sides
    {
        type            fixedValue;
        value           uniform (0 0 0);
    }
    empty
    {
        type            empty;
    }
}


// ************************************************************************* //
