/*--------------------------------*- C++ -*----------------------------------*\
| =========                 |                                                 |
| \\      /  F ield         | OpenFOAM: The Open Source CFD Toolbox           |
|  \\    /   O peration     | Version:  2412                                  |
|   \\  /    A nd           | Website:  www.openfoam.com                      |
|    \\/     M anipulation  |                                                 |
\*---------------------------------------------------------------------------*/
FoamFile
{
    version     2.0;
    format      ascii;
    arch        "LSB;label=32;scalar=64";
    class       volVectorField;
    location    "0.0352321";
    object      U;
}
// * * * * * * * * * * * * * * * * * * * * * * * * * * * * * * * * * * * * * //

dimensions      [0 1 -1 0 0 0 0];

internalField   nonuniform List<vector> 
100
(
(1.86224 0 0)
(5.74389 0 0)
(9.46546 0 0)
(13.3983 0 0)
(17.0367 0 0)
(21.0846 0 0)
(24.5898 0 0)
(28.7486 0 0)
(32.1739 0 0)
(36.324 0 0)
(39.8864 0 0)
(43.8387 0 0)
(47.6817 0 0)
(51.3955 0 0)
(55.4438 0 0)
(58.9739 0 0)
(63.0848 0 0)
(66.5986 0 0)
(70.6854 0 0)
(74.2792 0 0)
(78.3086 0 0)
(81.9907 0 0)
(85.9454 0 0)
(89.6852 0 0)
(93.5668 0 0)
(97.3348 0 0)
(101.173 0 0)
(104.956 0 0)
(108.765 0 0)
(112.538 0 0)
(116.315 0 0)
(120.06 0 0)
(123.815 0 0)
(127.519 0 0)
(131.227 0 0)
(134.906 0 0)
(138.541 0 0)
(142.187 0 0)
(145.727 0 0)
(149.513 0 0)
(149.638 0 0)
(18.8236 0 0)
(-122.838 0 0)
(-134.66 0 0)
(-118.202 0 0)
(-111.323 0 0)
(-110.688 0 0)
(-111.771 0 0)
(-112.948 0 0)
(-112.853 0 0)
(-110.696 0 0)
(-104.86 0 0)
(-98.3915 0 0)
(-95.2467 0 0)
(-94.5594 0 0)
(-94.1931 0 0)
(-93.7418 0 0)
(-93.8221 0 0)
(-92.715 0 0)
(-88.7129 0 0)
(-81.2618 0 0)
(-72.5583 0 0)
(-68.7723 0 0)
(-65.7577 0 0)
(-68.1843 0 0)
(-67.539 0 0)
(-66.4916 0 0)
(-64.6901 0 0)
(-60.047 0 0)
(-59.4837 0 0)
(-52.4887 0 0)
(-51.8855 0 0)
(-48.8928 0 0)
(-48.919 0 0)
(-47.9316 0 0)
(-40.814 0 0)
(-36.5596 0 0)
(-31.9766 0 0)
(-33.3846 0 0)
(-33.368 0 0)
(-30.8894 0 0)
(-27.1019 0 0)
(-22.4364 0 0)
(-18.1645 0 0)
(-9.26291 0 0)
(-0.178342 0 0)
(5.25716 0 0)
(6.3525 0 0)
(8.63178 0 0)
(8.08227 0 0)
(4.66829 0 0)
(0.929838 0 0)
(-1.49552 0 0)
(-1.48074 0 0)
(-1.4365 0 0)
(-2.14361 0 0)
(-2.84029 0 0)
(-3.34095 0 0)
(-2.38457 0 0)
(-0.825468 0 0)
)
;

boundaryField
{
    sides
    {
        type            fixedValue;
        value           uniform (0 0 0);
    }
    empty
    {
        type            empty;
    }
}


// ************************************************************************* //
