/*--------------------------------*- C++ -*----------------------------------*\
| =========                 |                                                 |
| \\      /  F ield         | OpenFOAM: The Open Source CFD Toolbox           |
|  \\    /   O peration     | Version:  2412                                  |
|   \\  /    A nd           | Website:  www.openfoam.com                      |
|    \\/     M anipulation  |                                                 |
\*---------------------------------------------------------------------------*/
FoamFile
{
    version     2.0;
    format      ascii;
    arch        "LSB;label=32;scalar=64";
    class       volVectorField;
    location    "0.0407811";
    object      U;
}
// * * * * * * * * * * * * * * * * * * * * * * * * * * * * * * * * * * * * * //

dimensions      [0 1 -1 0 0 0 0];

internalField   nonuniform List<vector> 
100
(
(1.53515 0 0)
(4.76992 0 0)
(8.00927 0 0)
(11.279 0 0)
(14.567 0 0)
(17.8616 0 0)
(21.143 0 0)
(24.3888 0 0)
(27.5921 0 0)
(30.7688 0 0)
(33.9178 0 0)
(37.0443 0 0)
(40.1518 0 0)
(43.2402 0 0)
(46.3446 0 0)
(49.4978 0 0)
(52.7013 0 0)
(55.9262 0 0)
(59.307 0 0)
(63.1109 0 0)
(64.5334 0 0)
(-44.7611 0 0)
(-192.735 0 0)
(-211.017 0 0)
(-201.494 0 0)
(-188.223 0 0)
(-181.368 0 0)
(-177.153 0 0)
(-175.208 0 0)
(-175.282 0 0)
(-181.809 0 0)
(-186.554 0 0)
(-185.909 0 0)
(-184.228 0 0)
(-180.624 0 0)
(-169.02 0 0)
(-155.725 0 0)
(-150.606 0 0)
(-148.979 0 0)
(-149.8 0 0)
(-154.866 0 0)
(-157.904 0 0)
(-157.363 0 0)
(-155.829 0 0)
(-152.715 0 0)
(-146.648 0 0)
(-141.698 0 0)
(-139.894 0 0)
(-140.28 0 0)
(-140.663 0 0)
(-139.196 0 0)
(-134.432 0 0)
(-127.275 0 0)
(-122.989 0 0)
(-122.042 0 0)
(-123.452 0 0)
(-124.283 0 0)
(-122.828 0 0)
(-117.69 0 0)
(-110.402 0 0)
(-105.744 0 0)
(-104.899 0 0)
(-108.122 0 0)
(-112.534 0 0)
(-113.202 0 0)
(-109.236 0 0)
(-102.524 0 0)
(-91.0185 0 0)
(-85.684 0 0)
(-82.8615 0 0)
(-83.6566 0 0)
(-86.2938 0 0)
(-85.9801 0 0)
(-87.338 0 0)
(-83.0938 0 0)
(-81.1211 0 0)
(-77.8332 0 0)
(-75.6877 0 0)
(-73.8884 0 0)
(-69.0883 0 0)
(-65.9926 0 0)
(-62.8303 0 0)
(-62.625 0 0)
(-61.1992 0 0)
(-59.4588 0 0)
(-56.7914 0 0)
(-51.8284 0 0)
(-48.0632 0 0)
(-49.9128 0 0)
(-56.223 0 0)
(-62.8025 0 0)
(-65.2767 0 0)
(-62.2962 0 0)
(-53.2792 0 0)
(-38.463 0 0)
(-23.1796 0 0)
(-12.0602 0 0)
(-6.23807 0 0)
(-1.07561 0 0)
(-2.54798 0 0)
)
;

boundaryField
{
    sides
    {
        type            fixedValue;
        value           uniform (0 0 0);
    }
    empty
    {
        type            empty;
    }
}


// ************************************************************************* //
