/*--------------------------------*- C++ -*----------------------------------*\
| =========                 |                                                 |
| \\      /  F ield         | OpenFOAM: The Open Source CFD Toolbox           |
|  \\    /   O peration     | Version:  2412                                  |
|   \\  /    A nd           | Website:  www.openfoam.com                      |
|    \\/     M anipulation  |                                                 |
\*---------------------------------------------------------------------------*/
FoamFile
{
    version     2.0;
    format      ascii;
    arch        "LSB;label=32;scalar=64";
    class       volVectorField;
    location    "0.00441872";
    object      U;
}
// * * * * * * * * * * * * * * * * * * * * * * * * * * * * * * * * * * * * * //

dimensions      [0 1 -1 0 0 0 0];

internalField   nonuniform List<vector> 
100
(
(-6.30416e-14 0 0)
(-1.3037e-13 0 0)
(-5.94105e-14 0 0)
(-1.91329e-14 0 0)
(1.67108e-14 0 0)
(-1.55871e-14 0 0)
(-5.08896e-14 0 0)
(-1.07887e-13 0 0)
(-2.1218e-13 0 0)
(-1.27296e-13 0 0)
(-5.54714e-14 0 0)
(-9.79421e-14 0 0)
(-6.46083e-14 0 0)
(-1.66125e-14 0 0)
(-4.77799e-14 0 0)
(-5.31789e-14 0 0)
(-2.65134e-14 0 0)
(2.40857e-14 0 0)
(3.93598e-14 0 0)
(4.21677e-14 0 0)
(6.45382e-14 0 0)
(1.19205e-13 0 0)
(2.32652e-13 0 0)
(2.96102e-13 0 0)
(1.88867e-13 0 0)
(1.81621e-13 0 0)
(1.5089e-13 0 0)
(9.45638e-14 0 0)
(2.6518e-13 0 0)
(8.34845e-11 0 0)
(3.92896e-08 0 0)
(1.26847e-05 0 0)
(0.00218427 0 0)
(0.143291 0 0)
(2.57511 0 0)
(13.7265 0 0)
(33.4219 0 0)
(54.6667 0 0)
(74.2299 0 0)
(92.9516 0 0)
(110.228 0 0)
(129.514 0 0)
(145.562 0 0)
(165.116 0 0)
(182.428 0 0)
(196.465 0 0)
(216.608 0 0)
(235.488 0 0)
(250.109 0 0)
(261.665 0 0)
(280.871 0 0)
(292.473 0 0)
(289.394 0 0)
(278.508 0 0)
(277.495 0 0)
(285.423 0 0)
(287.789 0 0)
(285.112 0 0)
(277.979 0 0)
(277.093 0 0)
(278.654 0 0)
(278.827 0 0)
(282.716 0 0)
(286.544 0 0)
(286.34 0 0)
(278.369 0 0)
(274.014 0 0)
(274.248 0 0)
(280.753 0 0)
(295.566 0 0)
(281.94 0 0)
(144.695 0 0)
(4.90189 0 0)
(0.00670072 0 0)
(1.26016e-06 0 0)
(1.06108e-10 0 0)
(-2.15681e-15 0 0)
(3.60155e-14 0 0)
(-1.04554e-13 0 0)
(-1.98272e-13 0 0)
(-7.57469e-14 0 0)
(8.14403e-14 0 0)
(-3.76165e-14 0 0)
(-1.97076e-13 0 0)
(-1.76806e-13 0 0)
(-2.03404e-13 0 0)
(-1.56262e-13 0 0)
(-8.48149e-14 0 0)
(-2.37681e-13 0 0)
(-1.63959e-13 0 0)
(-1.14053e-13 0 0)
(-1.61738e-13 0 0)
(-1.94796e-13 0 0)
(-2.93998e-13 0 0)
(-2.962e-13 0 0)
(-2.52573e-13 0 0)
(-1.96198e-13 0 0)
(-6.27159e-14 0 0)
(-4.23031e-14 0 0)
(-1.06766e-13 0 0)
)
;

boundaryField
{
    sides
    {
        type            fixedValue;
        value           uniform (0 0 0);
    }
    empty
    {
        type            empty;
    }
}


// ************************************************************************* //
