/*--------------------------------*- C++ -*----------------------------------*\
| =========                 |                                                 |
| \\      /  F ield         | OpenFOAM: The Open Source CFD Toolbox           |
|  \\    /   O peration     | Version:  2412                                  |
|   \\  /    A nd           | Website:  www.openfoam.com                      |
|    \\/     M anipulation  |                                                 |
\*---------------------------------------------------------------------------*/
FoamFile
{
    version     2.0;
    format      ascii;
    arch        "LSB;label=32;scalar=64";
    class       volVectorField;
    location    "0.0336528";
    object      U;
}
// * * * * * * * * * * * * * * * * * * * * * * * * * * * * * * * * * * * * * //

dimensions      [0 1 -1 0 0 0 0];

internalField   nonuniform List<vector> 
100
(
(1.97577 0 0)
(6.03835 0 0)
(9.98459 0 0)
(14.0767 0 0)
(17.9497 0 0)
(22.1515 0 0)
(25.9103 0 0)
(30.2599 0 0)
(33.9241 0 0)
(38.2841 0 0)
(41.9866 0 0)
(46.2151 0 0)
(50.1858 0 0)
(54.1766 0 0)
(58.4076 0 0)
(62.202 0 0)
(66.5329 0 0)
(70.2723 0 0)
(74.6032 0 0)
(78.399 0 0)
(82.668 0 0)
(86.5384 0 0)
(90.7207 0 0)
(94.6406 0 0)
(98.7305 0 0)
(102.686 0 0)
(106.734 0 0)
(110.734 0 0)
(114.783 0 0)
(118.807 0 0)
(122.844 0 0)
(126.862 0 0)
(130.889 0 0)
(134.897 0 0)
(138.917 0 0)
(142.865 0 0)
(146.801 0 0)
(150.671 0 0)
(154.485 0 0)
(158.336 0 0)
(162.022 0 0)
(165.568 0 0)
(168.796 0 0)
(171.519 0 0)
(174.159 0 0)
(174.87 0 0)
(63.9104 0 0)
(-96.6927 0 0)
(-116.388 0 0)
(-102.966 0 0)
(-92.6806 0 0)
(-87.7518 0 0)
(-85.4965 0 0)
(-84.1168 0 0)
(-83.5708 0 0)
(-84.2225 0 0)
(-83.1866 0 0)
(-79.5996 0 0)
(-74.0261 0 0)
(-69.7605 0 0)
(-68.0981 0 0)
(-66.3324 0 0)
(-66.909 0 0)
(-63.6139 0 0)
(-64.0042 0 0)
(-59.6033 0 0)
(-53.3258 0 0)
(-46.9903 0 0)
(-39.9553 0 0)
(-42.8935 0 0)
(-39.5325 0 0)
(-40.8654 0 0)
(-38.4969 0 0)
(-33.9702 0 0)
(-33.7824 0 0)
(-30.484 0 0)
(-30.9887 0 0)
(-24.5095 0 0)
(-19.6304 0 0)
(-4.99103 0 0)
(7.49306 0 0)
(10.9376 0 0)
(11.9855 0 0)
(7.43626 0 0)
(1.70091 0 0)
(-1.17187 0 0)
(0.0946461 0 0)
(1.39049 0 0)
(2.78621 0 0)
(-0.492154 0 0)
(-5.657 0 0)
(-7.84266 0 0)
(-6.7844 0 0)
(-2.39085 0 0)
(2.54995 0 0)
(4.98039 0 0)
(5.87661 0 0)
(4.19654 0 0)
(1.941 0 0)
(1.21072 0 0)
)
;

boundaryField
{
    sides
    {
        type            fixedValue;
        value           uniform (0 0 0);
    }
    empty
    {
        type            empty;
    }
}


// ************************************************************************* //
