/*--------------------------------*- C++ -*----------------------------------*\
| =========                 |                                                 |
| \\      /  F ield         | OpenFOAM: The Open Source CFD Toolbox           |
|  \\    /   O peration     | Version:  2412                                  |
|   \\  /    A nd           | Website:  www.openfoam.com                      |
|    \\/     M anipulation  |                                                 |
\*---------------------------------------------------------------------------*/
FoamFile
{
    version     2.0;
    format      ascii;
    arch        "LSB;label=32;scalar=64";
    class       volVectorField;
    location    "0.00126944";
    object      U;
}
// * * * * * * * * * * * * * * * * * * * * * * * * * * * * * * * * * * * * * //

dimensions      [0 1 -1 0 0 0 0];

internalField   nonuniform List<vector> 
100
(
(5.74117e-14 0 0)
(6.4852e-15 0 0)
(-1.99651e-14 0 0)
(2.03932e-14 0 0)
(-7.66877e-15 0 0)
(7.33064e-14 0 0)
(-3.37976e-14 0 0)
(-2.68715e-14 0 0)
(1.21826e-14 0 0)
(-1.4581e-14 0 0)
(1.58897e-14 0 0)
(-1.92561e-15 0 0)
(-1.6522e-14 0 0)
(-4.06895e-14 0 0)
(6.91823e-17 0 0)
(2.68276e-14 0 0)
(2.17762e-14 0 0)
(8.26969e-15 0 0)
(-4.04623e-14 0 0)
(-2.21541e-14 0 0)
(1.6096e-14 0 0)
(7.90511e-14 0 0)
(7.9834e-15 0 0)
(-4.87538e-14 0 0)
(2.04626e-14 0 0)
(4.48627e-14 0 0)
(-8.56894e-15 0 0)
(-4.87425e-14 0 0)
(-3.89627e-16 0 0)
(7.7646e-14 0 0)
(1.18009e-13 0 0)
(5.64455e-14 0 0)
(2.34517e-14 0 0)
(9.34642e-15 0 0)
(1.94146e-14 0 0)
(-2.24153e-14 0 0)
(-5.59679e-15 0 0)
(-4.1455e-14 0 0)
(-1.03613e-13 0 0)
(5.20436e-13 0 0)
(1.46344e-09 0 0)
(1.53363e-06 0 0)
(0.000656413 0 0)
(0.0924895 0 0)
(3.049 0 0)
(23.2658 0 0)
(64.6619 0 0)
(120.901 0 0)
(161.731 0 0)
(213.857 0 0)
(279.675 0 0)
(281.888 0 0)
(285.602 0 0)
(295.958 0 0)
(298.583 0 0)
(238.146 0 0)
(44.9257 0 0)
(0.333858 0 0)
(0.000213512 0 0)
(3.46902e-08 0 0)
(4.58188e-12 0 0)
(-1.94788e-14 0 0)
(-9.8667e-17 0 0)
(7.11331e-15 0 0)
(5.9195e-14 0 0)
(8.07248e-14 0 0)
(1.18868e-15 0 0)
(-2.80009e-14 0 0)
(-4.24549e-14 0 0)
(-1.40686e-14 0 0)
(-2.17979e-14 0 0)
(-4.34042e-14 0 0)
(2.04587e-14 0 0)
(5.7562e-14 0 0)
(-2.04389e-14 0 0)
(-7.15089e-15 0 0)
(1.38349e-14 0 0)
(6.98183e-15 0 0)
(1.25048e-15 0 0)
(-3.63201e-14 0 0)
(2.83848e-14 0 0)
(1.00963e-13 0 0)
(4.90223e-15 0 0)
(-1.12061e-13 0 0)
(-2.92114e-14 0 0)
(2.83121e-14 0 0)
(9.39369e-14 0 0)
(-1.61525e-14 0 0)
(-6.26118e-14 0 0)
(-1.01219e-13 0 0)
(-7.88494e-14 0 0)
(-1.35408e-14 0 0)
(6.44634e-14 0 0)
(6.86167e-15 0 0)
(-4.36689e-14 0 0)
(7.62085e-15 0 0)
(-1.37376e-14 0 0)
(4.28179e-14 0 0)
(6.98796e-15 0 0)
(-5.76268e-14 0 0)
)
;

boundaryField
{
    sides
    {
        type            fixedValue;
        value           uniform (0 0 0);
    }
    empty
    {
        type            empty;
    }
}


// ************************************************************************* //
