/*--------------------------------*- C++ -*----------------------------------*\
| =========                 |                                                 |
| \\      /  F ield         | OpenFOAM: The Open Source CFD Toolbox           |
|  \\    /   O peration     | Version:  2412                                  |
|   \\  /    A nd           | Website:  www.openfoam.com                      |
|    \\/     M anipulation  |                                                 |
\*---------------------------------------------------------------------------*/
FoamFile
{
    version     2.0;
    format      ascii;
    arch        "LSB;label=32;scalar=64";
    class       volVectorField;
    location    "0.0480113";
    object      U;
}
// * * * * * * * * * * * * * * * * * * * * * * * * * * * * * * * * * * * * * //

dimensions      [0 1 -1 0 0 0 0];

internalField   nonuniform List<vector> 
100
(
(43.9119 0 0)
(39.0442 0 0)
(52.1859 0 0)
(43.7023 0 0)
(-81.0981 0 0)
(-244.504 0 0)
(-254.023 0 0)
(-246.132 0 0)
(-236.496 0 0)
(-231.537 0 0)
(-230.049 0 0)
(-229.939 0 0)
(-234.272 0 0)
(-235.313 0 0)
(-234.065 0 0)
(-230.774 0 0)
(-221.417 0 0)
(-215.044 0 0)
(-212.96 0 0)
(-213.381 0 0)
(-218.758 0 0)
(-221.188 0 0)
(-219.759 0 0)
(-216.231 0 0)
(-205.648 0 0)
(-198.308 0 0)
(-195.708 0 0)
(-196.273 0 0)
(-206.374 0 0)
(-213.928 0 0)
(-213.382 0 0)
(-210.996 0 0)
(-201.738 0 0)
(-184.215 0 0)
(-175.539 0 0)
(-172.862 0 0)
(-171.886 0 0)
(-173.915 0 0)
(-182.68 0 0)
(-186.861 0 0)
(-185.995 0 0)
(-183.953 0 0)
(-180.039 0 0)
(-175.958 0 0)
(-173.413 0 0)
(-171.402 0 0)
(-167.858 0 0)
(-163.318 0 0)
(-160.489 0 0)
(-159.357 0 0)
(-159.758 0 0)
(-161.233 0 0)
(-160.809 0 0)
(-158.708 0 0)
(-153.4 0 0)
(-147.288 0 0)
(-144.589 0 0)
(-145.367 0 0)
(-157.514 0 0)
(-169.049 0 0)
(-170.042 0 0)
(-168.359 0 0)
(-163.794 0 0)
(-148.575 0 0)
(-127.006 0 0)
(-114.131 0 0)
(-108.173 0 0)
(-104.388 0 0)
(-101.34 0 0)
(-97.7486 0 0)
(-94.8952 0 0)
(-92.7672 0 0)
(-91.9861 0 0)
(-90.7862 0 0)
(-90.4839 0 0)
(-89.734 0 0)
(-86.8641 0 0)
(-82.696 0 0)
(-76.1427 0 0)
(-70.7861 0 0)
(-64.3276 0 0)
(-61.1345 0 0)
(-58.6062 0 0)
(-56.7113 0 0)
(-55.724 0 0)
(-53.1519 0 0)
(-50.8025 0 0)
(-46.3437 0 0)
(-42.2017 0 0)
(-37.6759 0 0)
(-33.9664 0 0)
(-30.3067 0 0)
(-27.0655 0 0)
(-23.2425 0 0)
(-19.4996 0 0)
(-15.7871 0 0)
(-11.8912 0 0)
(-8.64003 0 0)
(-4.784 0 0)
(-1.85241 0 0)
)
;

boundaryField
{
    sides
    {
        type            fixedValue;
        value           uniform (0 0 0);
    }
    empty
    {
        type            empty;
    }
}


// ************************************************************************* //
