/*--------------------------------*- C++ -*----------------------------------*\
| =========                 |                                                 |
| \\      /  F ield         | OpenFOAM: The Open Source CFD Toolbox           |
|  \\    /   O peration     | Version:  2412                                  |
|   \\  /    A nd           | Website:  www.openfoam.com                      |
|    \\/     M anipulation  |                                                 |
\*---------------------------------------------------------------------------*/
FoamFile
{
    version     2.0;
    format      ascii;
    arch        "LSB;label=32;scalar=64";
    class       volVectorField;
    location    "0.0380185";
    object      U;
}
// * * * * * * * * * * * * * * * * * * * * * * * * * * * * * * * * * * * * * //

dimensions      [0 1 -1 0 0 0 0];

internalField   nonuniform List<vector> 
100
(
(1.71835 0 0)
(5.216 0 0)
(8.6473 0 0)
(12.0514 0 0)
(15.3219 0 0)
(18.8302 0 0)
(22.0857 0 0)
(25.7888 0 0)
(29.2562 0 0)
(32.9926 0 0)
(36.6051 0 0)
(40.2048 0 0)
(43.9238 0 0)
(47.3936 0 0)
(51.1119 0 0)
(54.5 0 0)
(58.1618 0 0)
(61.4924 0 0)
(64.9815 0 0)
(68.3238 0 0)
(71.6865 0 0)
(75.0765 0 0)
(78.5286 0 0)
(81.9775 0 0)
(85.4423 0 0)
(88.903 0 0)
(92.3651 0 0)
(95.796 0 0)
(99.2395 0 0)
(103.003 0 0)
(106.465 0 0)
(60.8284 0 0)
(-120.098 0 0)
(-165.634 0 0)
(-162.365 0 0)
(-156.987 0 0)
(-158.469 0 0)
(-159.144 0 0)
(-155.185 0 0)
(-145.771 0 0)
(-139.866 0 0)
(-137.928 0 0)
(-137.752 0 0)
(-140.035 0 0)
(-142.689 0 0)
(-142.769 0 0)
(-141.334 0 0)
(-137.411 0 0)
(-127.461 0 0)
(-116.576 0 0)
(-111.919 0 0)
(-111.001 0 0)
(-112.276 0 0)
(-114.112 0 0)
(-113.974 0 0)
(-112.934 0 0)
(-111.27 0 0)
(-107.679 0 0)
(-102.488 0 0)
(-99.2648 0 0)
(-98.177 0 0)
(-97.5004 0 0)
(-96.4702 0 0)
(-91.4192 0 0)
(-86.3446 0 0)
(-80.9932 0 0)
(-81.4916 0 0)
(-80.5206 0 0)
(-79.9371 0 0)
(-78.9051 0 0)
(-71.7084 0 0)
(-67.9798 0 0)
(-62.1937 0 0)
(-65.3674 0 0)
(-67.4304 0 0)
(-67.5434 0 0)
(-66.5685 0 0)
(-59.4346 0 0)
(-51.0437 0 0)
(-43.6149 0 0)
(-41.9765 0 0)
(-42.8328 0 0)
(-44.7109 0 0)
(-44.9964 0 0)
(-42.2664 0 0)
(-38.7344 0 0)
(-35.3848 0 0)
(-33.8219 0 0)
(-32.3034 0 0)
(-31.2158 0 0)
(-29.9713 0 0)
(-27.2852 0 0)
(-23.0057 0 0)
(-14.3661 0 0)
(-4.90618 0 0)
(6.39474 0 0)
(14.5578 0 0)
(16.0243 0 0)
(16.1571 0 0)
(6.00675 0 0)
)
;

boundaryField
{
    sides
    {
        type            fixedValue;
        value           uniform (0 0 0);
    }
    empty
    {
        type            empty;
    }
}


// ************************************************************************* //
