/*--------------------------------*- C++ -*----------------------------------*\
| =========                 |                                                 |
| \\      /  F ield         | OpenFOAM: The Open Source CFD Toolbox           |
|  \\    /   O peration     | Version:  2412                                  |
|   \\  /    A nd           | Website:  www.openfoam.com                      |
|    \\/     M anipulation  |                                                 |
\*---------------------------------------------------------------------------*/
FoamFile
{
    version     2.0;
    format      ascii;
    arch        "LSB;label=32;scalar=64";
    class       volVectorField;
    location    "0.0284577";
    object      U;
}
// * * * * * * * * * * * * * * * * * * * * * * * * * * * * * * * * * * * * * //

dimensions      [0 1 -1 0 0 0 0];

internalField   nonuniform List<vector> 
100
(
(2.4547 0 0)
(7.40775 0 0)
(12.3095 0 0)
(17.2404 0 0)
(22.1019 0 0)
(27.023 0 0)
(31.8134 0 0)
(36.8339 0 0)
(41.5471 0 0)
(46.7459 0 0)
(51.3331 0 0)
(56.5776 0 0)
(61.1498 0 0)
(66.3218 0 0)
(71.1412 0 0)
(76.0839 0 0)
(81.1443 0 0)
(85.8715 0 0)
(91.0697 0 0)
(95.7256 0 0)
(100.958 0 0)
(105.658 0 0)
(110.84 0 0)
(115.613 0 0)
(120.723 0 0)
(125.567 0 0)
(130.615 0 0)
(135.514 0 0)
(140.52 0 0)
(145.437 0 0)
(150.413 0 0)
(155.354 0 0)
(160.322 0 0)
(165.279 0 0)
(170.245 0 0)
(175.188 0 0)
(180.088 0 0)
(184.972 0 0)
(189.846 0 0)
(194.639 0 0)
(199.412 0 0)
(204.265 0 0)
(209.245 0 0)
(213.982 0 0)
(218.815 0 0)
(223.713 0 0)
(227.792 0 0)
(230.925 0 0)
(233.453 0 0)
(235.788 0 0)
(237.324 0 0)
(237.621 0 0)
(237.975 0 0)
(240.046 0 0)
(245.815 0 0)
(252.002 0 0)
(252.947 0 0)
(254.221 0 0)
(253.956 0 0)
(252.187 0 0)
(212.042 0 0)
(45.1413 0 0)
(-5.21722 0 0)
(9.04054 0 0)
(9.35272 0 0)
(1.04588 0 0)
(-5.77086 0 0)
(-9.93626 0 0)
(-1.27787 0 0)
(-3.34261 0 0)
(7.06977 0 0)
(5.35232 0 0)
(3.376 0 0)
(2.65103 0 0)
(-5.12347 0 0)
(-0.596834 0 0)
(-3.22909 0 0)
(2.9836 0 0)
(6.0609 0 0)
(3.40788 0 0)
(4.33514 0 0)
(-1.41904 0 0)
(-5.52341 0 0)
(-7.11966 0 0)
(-5.81588 0 0)
(-0.700041 0 0)
(4.08385 0 0)
(8.29256 0 0)
(5.46943 0 0)
(0.795994 0 0)
(-1.60356 0 0)
(-3.17006 0 0)
(-3.84346 0 0)
(-3.21845 0 0)
(-0.137781 0 0)
(1.02102 0 0)
(0.154275 0 0)
(-2.27316 0 0)
(-2.5277 0 0)
(-2.66557 0 0)
)
;

boundaryField
{
    sides
    {
        type            fixedValue;
        value           uniform (0 0 0);
    }
    empty
    {
        type            empty;
    }
}


// ************************************************************************* //
