/*--------------------------------*- C++ -*----------------------------------*\
| =========                 |                                                 |
| \\      /  F ield         | OpenFOAM: The Open Source CFD Toolbox           |
|  \\    /   O peration     | Version:  2412                                  |
|   \\  /    A nd           | Website:  www.openfoam.com                      |
|    \\/     M anipulation  |                                                 |
\*---------------------------------------------------------------------------*/
FoamFile
{
    version     2.0;
    format      ascii;
    arch        "LSB;label=32;scalar=64";
    class       volVectorField;
    location    "0.0118758";
    object      U;
}
// * * * * * * * * * * * * * * * * * * * * * * * * * * * * * * * * * * * * * //

dimensions      [0 1 -1 0 0 0 0];

internalField   nonuniform List<vector> 
100
(
(2.85332e-14 0 0)
(-1.02023e-14 0 0)
(7.8442e-14 0 0)
(9.639e-14 0 0)
(5.72782e-16 0 0)
(5.35733e-12 0 0)
(2.69012e-09 0 0)
(9.98501e-07 0 0)
(0.000224538 0 0)
(0.0221877 0 0)
(0.667518 0 0)
(5.36477 0 0)
(16.2033 0 0)
(28.4473 0 0)
(38.7079 0 0)
(47.103 0 0)
(54.5408 0 0)
(61.6146 0 0)
(68.5896 0 0)
(75.5563 0 0)
(82.5349 0 0)
(89.5284 0 0)
(96.5316 0 0)
(103.559 0 0)
(110.579 0 0)
(117.669 0 0)
(124.646 0 0)
(131.866 0 0)
(138.612 0 0)
(146.084 0 0)
(152.446 0 0)
(160.117 0 0)
(166.51 0 0)
(173.645 0 0)
(180.813 0 0)
(187.129 0 0)
(194.547 0 0)
(201.002 0 0)
(208.439 0 0)
(214.833 0 0)
(222.224 0 0)
(229.073 0 0)
(236.281 0 0)
(243.099 0 0)
(250.367 0 0)
(256.656 0 0)
(263.191 0 0)
(270.359 0 0)
(276.58 0 0)
(281.043 0 0)
(282.227 0 0)
(282.221 0 0)
(285.377 0 0)
(287.01 0 0)
(284.657 0 0)
(277.998 0 0)
(276.777 0 0)
(287.701 0 0)
(289.92 0 0)
(284.626 0 0)
(276.261 0 0)
(275.896 0 0)
(287.517 0 0)
(289.359 0 0)
(285.279 0 0)
(276.888 0 0)
(276.713 0 0)
(283.734 0 0)
(288.792 0 0)
(287.808 0 0)
(279.963 0 0)
(277.638 0 0)
(278.469 0 0)
(285.004 0 0)
(288.364 0 0)
(284.212 0 0)
(283.65 0 0)
(278.495 0 0)
(277.852 0 0)
(279.233 0 0)
(281.657 0 0)
(283.23 0 0)
(280.966 0 0)
(280.031 0 0)
(282.437 0 0)
(284.207 0 0)
(284.388 0 0)
(280.709 0 0)
(278.005 0 0)
(277.869 0 0)
(278.13 0 0)
(280.544 0 0)
(282.93 0 0)
(284.143 0 0)
(281.898 0 0)
(271.164 0 0)
(92.4579 0 0)
(-13.5138 0 0)
(-40.3911 0 0)
(-50.3448 0 0)
)
;

boundaryField
{
    sides
    {
        type            fixedValue;
        value           uniform (0 0 0);
    }
    empty
    {
        type            empty;
    }
}


// ************************************************************************* //
