/*--------------------------------*- C++ -*----------------------------------*\
| =========                 |                                                 |
| \\      /  F ield         | OpenFOAM: The Open Source CFD Toolbox           |
|  \\    /   O peration     | Version:  2412                                  |
|   \\  /    A nd           | Website:  www.openfoam.com                      |
|    \\/     M anipulation  |                                                 |
\*---------------------------------------------------------------------------*/
FoamFile
{
    version     2.0;
    format      ascii;
    arch        "LSB;label=32;scalar=64";
    class       volVectorField;
    location    "0.0490446";
    object      U;
}
// * * * * * * * * * * * * * * * * * * * * * * * * * * * * * * * * * * * * * //

dimensions      [0 1 -1 0 0 0 0];

internalField   nonuniform List<vector> 
100
(
(-8.04997 0 0)
(-32.1324 0 0)
(-33.0913 0 0)
(-19.3638 0 0)
(12.7016 0 0)
(43.4643 0 0)
(13.4358 0 0)
(-135.416 0 0)
(-244.949 0 0)
(-244.61 0 0)
(-237.884 0 0)
(-227.695 0 0)
(-224.591 0 0)
(-223.249 0 0)
(-226.786 0 0)
(-232.479 0 0)
(-232.608 0 0)
(-230.808 0 0)
(-224.346 0 0)
(-212.957 0 0)
(-208.158 0 0)
(-206.74 0 0)
(-210.177 0 0)
(-223.573 0 0)
(-227.525 0 0)
(-226.299 0 0)
(-222.768 0 0)
(-209.4 0 0)
(-192.036 0 0)
(-185.943 0 0)
(-183.902 0 0)
(-183.074 0 0)
(-186.331 0 0)
(-196.435 0 0)
(-199.569 0 0)
(-198.371 0 0)
(-195.976 0 0)
(-191.701 0 0)
(-187.67 0 0)
(-185.35 0 0)
(-183.168 0 0)
(-179.286 0 0)
(-174.733 0 0)
(-172.196 0 0)
(-171.104 0 0)
(-171.682 0 0)
(-173.582 0 0)
(-173.2 0 0)
(-171.214 0 0)
(-166.04 0 0)
(-159.546 0 0)
(-156.668 0 0)
(-156.934 0 0)
(-169.018 0 0)
(-182.462 0 0)
(-183.976 0 0)
(-182.406 0 0)
(-178.579 0 0)
(-165.218 0 0)
(-142.12 0 0)
(-127.421 0 0)
(-121.302 0 0)
(-117.781 0 0)
(-114.852 0 0)
(-111.531 0 0)
(-108.08 0 0)
(-105.496 0 0)
(-104.352 0 0)
(-103.641 0 0)
(-102.917 0 0)
(-102.638 0 0)
(-101.533 0 0)
(-99.3568 0 0)
(-94.2482 0 0)
(-87.6806 0 0)
(-81.1352 0 0)
(-75.9591 0 0)
(-72.6368 0 0)
(-69.5634 0 0)
(-68.7236 0 0)
(-66.7033 0 0)
(-66.2522 0 0)
(-62.7499 0 0)
(-58.817 0 0)
(-54.5453 0 0)
(-50.2818 0 0)
(-47.6407 0 0)
(-43.236 0 0)
(-39.4762 0 0)
(-35.5958 0 0)
(-32.351 0 0)
(-28.7306 0 0)
(-25.3847 0 0)
(-21.783 0 0)
(-18.5977 0 0)
(-15.4862 0 0)
(-12.1012 0 0)
(-8.96803 0 0)
(-5.07924 0 0)
(-1.85887 0 0)
)
;

boundaryField
{
    sides
    {
        type            fixedValue;
        value           uniform (0 0 0);
    }
    empty
    {
        type            empty;
    }
}


// ************************************************************************* //
