/*--------------------------------*- C++ -*----------------------------------*\
| =========                 |                                                 |
| \\      /  F ield         | OpenFOAM: The Open Source CFD Toolbox           |
|  \\    /   O peration     | Version:  2412                                  |
|   \\  /    A nd           | Website:  www.openfoam.com                      |
|    \\/     M anipulation  |                                                 |
\*---------------------------------------------------------------------------*/
FoamFile
{
    version     2.0;
    format      ascii;
    arch        "LSB;label=32;scalar=64";
    class       volVectorField;
    location    "0.0315835";
    object      U;
}
// * * * * * * * * * * * * * * * * * * * * * * * * * * * * * * * * * * * * * //

dimensions      [0 1 -1 0 0 0 0];

internalField   nonuniform List<vector> 
100
(
(2.14898 0 0)
(6.5133 0 0)
(10.7934 0 0)
(15.1656 0 0)
(19.3944 0 0)
(23.8318 0 0)
(27.9612 0 0)
(32.5528 0 0)
(36.5611 0 0)
(41.2392 0 0)
(45.2015 0 0)
(49.838 0 0)
(54.0229 0 0)
(58.4398 0 0)
(62.8825 0 0)
(67.0537 0 0)
(71.6341 0 0)
(75.6704 0 0)
(80.293 0 0)
(84.3752 0 0)
(88.994 0 0)
(93.1717 0 0)
(97.7281 0 0)
(101.981 0 0)
(106.46 0 0)
(110.765 0 0)
(115.194 0 0)
(119.531 0 0)
(123.93 0 0)
(128.283 0 0)
(132.654 0 0)
(137 0 0)
(141.346 0 0)
(145.685 0 0)
(150.028 0 0)
(154.357 0 0)
(158.681 0 0)
(162.965 0 0)
(167.273 0 0)
(171.403 0 0)
(175.551 0 0)
(179.741 0 0)
(183.72 0 0)
(187.533 0 0)
(191.008 0 0)
(193.933 0 0)
(196.423 0 0)
(198.352 0 0)
(199.711 0 0)
(201.455 0 0)
(204.165 0 0)
(206.492 0 0)
(141.76 0 0)
(-43.4861 0 0)
(-84.5037 0 0)
(-78.2047 0 0)
(-68.0825 0 0)
(-62.7747 0 0)
(-57.8633 0 0)
(-52.3164 0 0)
(-47.7812 0 0)
(-42.9684 0 0)
(-45.9801 0 0)
(-45.7954 0 0)
(-47.3522 0 0)
(-40.4653 0 0)
(-31.8278 0 0)
(-31.5564 0 0)
(-28.2897 0 0)
(-32.5913 0 0)
(-25.0162 0 0)
(-23.7861 0 0)
(-10.1749 0 0)
(5.61508 0 0)
(7.6021 0 0)
(13.5538 0 0)
(9.68309 0 0)
(6.30918 0 0)
(0.800861 0 0)
(-2.55108 0 0)
(-1.76252 0 0)
(-2.23443 0 0)
(-1.30186 0 0)
(-1.00933 0 0)
(-1.71111 0 0)
(-2.10254 0 0)
(-1.08985 0 0)
(0.712666 0 0)
(2.60001 0 0)
(2.52437 0 0)
(0.392945 0 0)
(-0.628303 0 0)
(-0.11044 0 0)
(0.44842 0 0)
(-0.07306 0 0)
(-0.873991 0 0)
(-0.939439 0 0)
(-2.88101 0 0)
(-2.628 0 0)
(0.227895 0 0)
)
;

boundaryField
{
    sides
    {
        type            fixedValue;
        value           uniform (0 0 0);
    }
    empty
    {
        type            empty;
    }
}


// ************************************************************************* //
