/*--------------------------------*- C++ -*----------------------------------*\
| =========                 |                                                 |
| \\      /  F ield         | OpenFOAM: The Open Source CFD Toolbox           |
|  \\    /   O peration     | Version:  2412                                  |
|   \\  /    A nd           | Website:  www.openfoam.com                      |
|    \\/     M anipulation  |                                                 |
\*---------------------------------------------------------------------------*/
FoamFile
{
    version     2.0;
    format      ascii;
    arch        "LSB;label=32;scalar=64";
    class       volVectorField;
    location    "0.0132506";
    object      U;
}
// * * * * * * * * * * * * * * * * * * * * * * * * * * * * * * * * * * * * * //

dimensions      [0 1 -1 0 0 0 0];

internalField   nonuniform List<vector> 
100
(
(1.02268e-13 0 0)
(4.8261e-11 0 0)
(2.20971e-08 0 0)
(7.12076e-06 0 0)
(0.00124604 0 0)
(0.0842577 0 0)
(1.56345 0 0)
(8.39539 0 0)
(19.9068 0 0)
(30.9585 0 0)
(39.7592 0 0)
(47.0061 0 0)
(53.5465 0 0)
(59.8461 0 0)
(66.0958 0 0)
(72.3534 0 0)
(78.6273 0 0)
(84.9147 0 0)
(91.2121 0 0)
(97.5214 0 0)
(103.837 0 0)
(110.178 0 0)
(116.501 0 0)
(122.896 0 0)
(129.16 0 0)
(135.669 0 0)
(141.707 0 0)
(148.43 0 0)
(154.147 0 0)
(161.024 0 0)
(166.801 0 0)
(173.253 0 0)
(179.653 0 0)
(185.438 0 0)
(192.083 0 0)
(197.88 0 0)
(204.573 0 0)
(210.32 0 0)
(216.974 0 0)
(223.092 0 0)
(229.627 0 0)
(235.705 0 0)
(242.152 0 0)
(248.416 0 0)
(254.498 0 0)
(260.624 0 0)
(266.904 0 0)
(272.432 0 0)
(276.471 0 0)
(280.545 0 0)
(284.876 0 0)
(286.567 0 0)
(285.548 0 0)
(280.458 0 0)
(278.679 0 0)
(284.845 0 0)
(288.681 0 0)
(285.66 0 0)
(276.706 0 0)
(275.318 0 0)
(286.842 0 0)
(290.3 0 0)
(286.026 0 0)
(276.179 0 0)
(275.624 0 0)
(285.784 0 0)
(290.255 0 0)
(287.634 0 0)
(277.035 0 0)
(277.163 0 0)
(280.381 0 0)
(288.162 0 0)
(287.677 0 0)
(282.584 0 0)
(276.209 0 0)
(277.508 0 0)
(279.681 0 0)
(287.691 0 0)
(287.35 0 0)
(284.335 0 0)
(282.157 0 0)
(278.609 0 0)
(278.202 0 0)
(280.321 0 0)
(281.136 0 0)
(280.578 0 0)
(282.32 0 0)
(283.959 0 0)
(281.927 0 0)
(280.142 0 0)
(279.675 0 0)
(280.95 0 0)
(178.728 0 0)
(10.9467 0 0)
(-22.9396 0 0)
(-5.78065 0 0)
(5.63543 0 0)
(4.98393 0 0)
(0.966299 0 0)
(-6.20491 0 0)
)
;

boundaryField
{
    sides
    {
        type            fixedValue;
        value           uniform (0 0 0);
    }
    empty
    {
        type            empty;
    }
}


// ************************************************************************* //
