/*--------------------------------*- C++ -*----------------------------------*\
| =========                 |                                                 |
| \\      /  F ield         | OpenFOAM: The Open Source CFD Toolbox           |
|  \\    /   O peration     | Version:  2412                                  |
|   \\  /    A nd           | Website:  www.openfoam.com                      |
|    \\/     M anipulation  |                                                 |
\*---------------------------------------------------------------------------*/
FoamFile
{
    version     2.0;
    format      ascii;
    arch        "LSB;label=32;scalar=64";
    class       volVectorField;
    location    "0.0197114";
    object      U;
}
// * * * * * * * * * * * * * * * * * * * * * * * * * * * * * * * * * * * * * //

dimensions      [0 1 -1 0 0 0 0];

internalField   nonuniform List<vector> 
100
(
(3.81609 0 0)
(11.6514 0 0)
(19.3622 0 0)
(27.0434 0 0)
(34.8649 0 0)
(42.6066 0 0)
(50.2818 0 0)
(57.789 0 0)
(65.198 0 0)
(72.6973 0 0)
(80.4775 0 0)
(88.6926 0 0)
(97.4186 0 0)
(107.237 0 0)
(118.075 0 0)
(129.753 0 0)
(140.678 0 0)
(151.362 0 0)
(159.634 0 0)
(165.159 0 0)
(167.634 0 0)
(170.636 0 0)
(173.456 0 0)
(176.883 0 0)
(181.464 0 0)
(186.134 0 0)
(191.004 0 0)
(194.95 0 0)
(199.402 0 0)
(203.309 0 0)
(207.788 0 0)
(211.877 0 0)
(216.361 0 0)
(220.542 0 0)
(224.924 0 0)
(229.156 0 0)
(233.527 0 0)
(237.826 0 0)
(242.135 0 0)
(246.397 0 0)
(250.644 0 0)
(254.91 0 0)
(259.216 0 0)
(263.433 0 0)
(267.17 0 0)
(271.297 0 0)
(275.44 0 0)
(278.629 0 0)
(281.43 0 0)
(283.736 0 0)
(284.316 0 0)
(284.075 0 0)
(283.68 0 0)
(282.757 0 0)
(281.989 0 0)
(283.74 0 0)
(285.434 0 0)
(283.908 0 0)
(279.746 0 0)
(279.185 0 0)
(287.455 0 0)
(289.533 0 0)
(281.712 0 0)
(275.328 0 0)
(278.236 0 0)
(291.24 0 0)
(292.462 0 0)
(278.105 0 0)
(271.917 0 0)
(276.627 0 0)
(292.067 0 0)
(291.879 0 0)
(279.719 0 0)
(272.111 0 0)
(274.24 0 0)
(290.686 0 0)
(291.256 0 0)
(286.761 0 0)
(223.052 0 0)
(56.2703 0 0)
(9.66399 0 0)
(-0.324972 0 0)
(7.36772 0 0)
(25.2839 0 0)
(13.7984 0 0)
(16.7966 0 0)
(21.4109 0 0)
(17.7221 0 0)
(10.5763 0 0)
(7.54895 0 0)
(5.2129 0 0)
(9.76683 0 0)
(11.589 0 0)
(6.20757 0 0)
(-4.64664 0 0)
(-15.7238 0 0)
(-19.5364 0 0)
(-16.9831 0 0)
(-9.08197 0 0)
(-6.02564 0 0)
)
;

boundaryField
{
    sides
    {
        type            fixedValue;
        value           uniform (0 0 0);
    }
    empty
    {
        type            empty;
    }
}


// ************************************************************************* //
