/*--------------------------------*- C++ -*----------------------------------*\
| =========                 |                                                 |
| \\      /  F ield         | OpenFOAM: The Open Source CFD Toolbox           |
|  \\    /   O peration     | Version:  2412                                  |
|   \\  /    A nd           | Website:  www.openfoam.com                      |
|    \\/     M anipulation  |                                                 |
\*---------------------------------------------------------------------------*/
FoamFile
{
    version     2.0;
    format      ascii;
    arch        "LSB;label=32;scalar=64";
    class       volVectorField;
    location    "0.0517539";
    object      U;
}
// * * * * * * * * * * * * * * * * * * * * * * * * * * * * * * * * * * * * * //

dimensions      [0 1 -1 0 0 0 0];

internalField   nonuniform List<vector> 
100
(
(4.21305 0 0)
(10.5116 0 0)
(4.84667 0 0)
(-1.94939 0 0)
(-10.1707 0 0)
(-3.89666 0 0)
(5.8601 0 0)
(19.2622 0 0)
(9.96352 0 0)
(-13.8893 0 0)
(-32.9346 0 0)
(-36.6645 0 0)
(-21.0032 0 0)
(-32.2766 0 0)
(-154.753 0 0)
(-213.809 0 0)
(-212.192 0 0)
(-209.974 0 0)
(-215.367 0 0)
(-228.802 0 0)
(-232.125 0 0)
(-230.749 0 0)
(-228.147 0 0)
(-222.592 0 0)
(-218.156 0 0)
(-216.07 0 0)
(-214.127 0 0)
(-210.482 0 0)
(-205.346 0 0)
(-202.745 0 0)
(-201.261 0 0)
(-201.23 0 0)
(-204.217 0 0)
(-205.28 0 0)
(-203.773 0 0)
(-200.69 0 0)
(-193.02 0 0)
(-187.691 0 0)
(-185.891 0 0)
(-190.3 0 0)
(-210.593 0 0)
(-218.742 0 0)
(-217.833 0 0)
(-215.852 0 0)
(-211.224 0 0)
(-192.404 0 0)
(-166.124 0 0)
(-154.126 0 0)
(-150.05 0 0)
(-148.175 0 0)
(-146.557 0 0)
(-143.816 0 0)
(-139.844 0 0)
(-136.244 0 0)
(-134.523 0 0)
(-133.63 0 0)
(-132.971 0 0)
(-132.954 0 0)
(-133.208 0 0)
(-132.898 0 0)
(-131.953 0 0)
(-129.331 0 0)
(-123.089 0 0)
(-114.155 0 0)
(-107.513 0 0)
(-103.249 0 0)
(-100.138 0 0)
(-98.6489 0 0)
(-97.9317 0 0)
(-97.3091 0 0)
(-96.7432 0 0)
(-95.046 0 0)
(-91.5773 0 0)
(-86.3262 0 0)
(-81.6829 0 0)
(-77.2736 0 0)
(-74.4591 0 0)
(-71.7784 0 0)
(-68.6877 0 0)
(-65.5058 0 0)
(-61.4555 0 0)
(-58.9817 0 0)
(-55.1142 0 0)
(-52.1807 0 0)
(-48.9615 0 0)
(-46.0775 0 0)
(-43.5405 0 0)
(-39.5364 0 0)
(-36.974 0 0)
(-33.2919 0 0)
(-29.9666 0 0)
(-26.3404 0 0)
(-23.3745 0 0)
(-20.2147 0 0)
(-17.3575 0 0)
(-14.3548 0 0)
(-10.9784 0 0)
(-7.91772 0 0)
(-4.36362 0 0)
(-1.66133 0 0)
)
;

boundaryField
{
    sides
    {
        type            fixedValue;
        value           uniform (0 0 0);
    }
    empty
    {
        type            empty;
    }
}


// ************************************************************************* //
