/*--------------------------------*- C++ -*----------------------------------*\
| =========                 |                                                 |
| \\      /  F ield         | OpenFOAM: The Open Source CFD Toolbox           |
|  \\    /   O peration     | Version:  2412                                  |
|   \\  /    A nd           | Website:  www.openfoam.com                      |
|    \\/     M anipulation  |                                                 |
\*---------------------------------------------------------------------------*/
FoamFile
{
    version     2.0;
    format      ascii;
    arch        "LSB;label=32;scalar=64";
    class       volVectorField;
    location    "0.0283221";
    object      U;
}
// * * * * * * * * * * * * * * * * * * * * * * * * * * * * * * * * * * * * * //

dimensions      [0 1 -1 0 0 0 0];

internalField   nonuniform List<vector> 
100
(
(2.46824 0 0)
(7.45003 0 0)
(12.3782 0 0)
(17.3356 0 0)
(22.2278 0 0)
(27.1746 0 0)
(31.9972 0 0)
(37.0427 0 0)
(41.7967 0 0)
(47.0228 0 0)
(51.6459 0 0)
(56.9198 0 0)
(61.5152 0 0)
(66.7227 0 0)
(71.5605 0 0)
(76.5405 0 0)
(81.6193 0 0)
(86.3788 0 0)
(91.6011 0 0)
(96.2857 0 0)
(101.547 0 0)
(106.272 0 0)
(111.483 0 0)
(116.279 0 0)
(121.422 0 0)
(126.293 0 0)
(131.37 0 0)
(136.295 0 0)
(141.329 0 0)
(146.274 0 0)
(151.283 0 0)
(156.256 0 0)
(161.258 0 0)
(166.246 0 0)
(171.24 0 0)
(176.202 0 0)
(181.119 0 0)
(186.019 0 0)
(190.905 0 0)
(195.725 0 0)
(200.577 0 0)
(205.555 0 0)
(210.588 0 0)
(215.403 0 0)
(220.283 0 0)
(225.096 0 0)
(229.063 0 0)
(232.217 0 0)
(234.871 0 0)
(237.098 0 0)
(238.102 0 0)
(238.069 0 0)
(239.18 0 0)
(243.612 0 0)
(250.829 0 0)
(252.958 0 0)
(253.338 0 0)
(254.174 0 0)
(252.907 0 0)
(253.466 0 0)
(255.037 0 0)
(99.5153 0 0)
(6.91746 0 0)
(10.764 0 0)
(9.09013 0 0)
(-2.13965 0 0)
(-8.24944 0 0)
(-10.6335 0 0)
(-1.67174 0 0)
(-4.16152 0 0)
(5.86959 0 0)
(4.49231 0 0)
(3.46871 0 0)
(4.32199 0 0)
(-2.83857 0 0)
(0.738592 0 0)
(-3.47848 0 0)
(0.609687 0 0)
(3.82923 0 0)
(3.56182 0 0)
(6.7477 0 0)
(0.859547 0 0)
(-5.2502 0 0)
(-8.55549 0 0)
(-7.83443 0 0)
(-2.00214 0 0)
(4.4877 0 0)
(8.83994 0 0)
(7.37892 0 0)
(1.8398 0 0)
(-2.47615 0 0)
(-4.85646 0 0)
(-4.7895 0 0)
(-2.52894 0 0)
(1.17987 0 0)
(1.81982 0 0)
(-0.0132842 0 0)
(-3.26393 0 0)
(-3.96853 0 0)
(-2.72732 0 0)
)
;

boundaryField
{
    sides
    {
        type            fixedValue;
        value           uniform (0 0 0);
    }
    empty
    {
        type            empty;
    }
}


// ************************************************************************* //
