/*--------------------------------*- C++ -*----------------------------------*\
| =========                 |                                                 |
| \\      /  F ield         | OpenFOAM: The Open Source CFD Toolbox           |
|  \\    /   O peration     | Version:  2412                                  |
|   \\  /    A nd           | Website:  www.openfoam.com                      |
|    \\/     M anipulation  |                                                 |
\*---------------------------------------------------------------------------*/
FoamFile
{
    version     2.0;
    format      ascii;
    arch        "LSB;label=32;scalar=64";
    class       volVectorField;
    location    "0.0489755";
    object      U;
}
// * * * * * * * * * * * * * * * * * * * * * * * * * * * * * * * * * * * * * //

dimensions      [0 1 -1 0 0 0 0];

internalField   nonuniform List<vector> 
100
(
(-6.71581 0 0)
(-30.2131 0 0)
(-31.1751 0 0)
(-18.1589 0 0)
(16.7199 0 0)
(45.2207 0 0)
(2.88881 0 0)
(-169.716 0 0)
(-246.727 0 0)
(-244.717 0 0)
(-240.549 0 0)
(-229.85 0 0)
(-224.671 0 0)
(-222.774 0 0)
(-223.974 0 0)
(-230.232 0 0)
(-232.212 0 0)
(-230.856 0 0)
(-226.964 0 0)
(-215.899 0 0)
(-208.51 0 0)
(-206.367 0 0)
(-206.763 0 0)
(-218.208 0 0)
(-226.406 0 0)
(-226.057 0 0)
(-223.612 0 0)
(-215.137 0 0)
(-196.108 0 0)
(-186.549 0 0)
(-183.608 0 0)
(-182.536 0 0)
(-183.304 0 0)
(-192.328 0 0)
(-198.507 0 0)
(-198.065 0 0)
(-196.194 0 0)
(-192.521 0 0)
(-188.077 0 0)
(-185.245 0 0)
(-183.258 0 0)
(-180.042 0 0)
(-175.369 0 0)
(-172.023 0 0)
(-170.601 0 0)
(-170.37 0 0)
(-172.286 0 0)
(-172.744 0 0)
(-171.342 0 0)
(-167.367 0 0)
(-160.591 0 0)
(-156.536 0 0)
(-155.423 0 0)
(-162.47 0 0)
(-178.701 0 0)
(-183.231 0 0)
(-182.148 0 0)
(-179.386 0 0)
(-170.481 0 0)
(-148.607 0 0)
(-130.199 0 0)
(-122.004 0 0)
(-118.003 0 0)
(-114.961 0 0)
(-111.774 0 0)
(-108.321 0 0)
(-105.34 0 0)
(-103.825 0 0)
(-103.044 0 0)
(-102.276 0 0)
(-101.994 0 0)
(-101.026 0 0)
(-99.472 0 0)
(-95.0563 0 0)
(-88.8065 0 0)
(-81.9949 0 0)
(-76.5002 0 0)
(-72.8657 0 0)
(-69.3061 0 0)
(-68.2988 0 0)
(-66.2515 0 0)
(-65.8425 0 0)
(-62.7932 0 0)
(-59.199 0 0)
(-54.9853 0 0)
(-50.5867 0 0)
(-47.8107 0 0)
(-43.2778 0 0)
(-39.487 0 0)
(-35.6807 0 0)
(-32.4814 0 0)
(-28.8265 0 0)
(-25.4758 0 0)
(-21.8775 0 0)
(-18.6968 0 0)
(-15.5365 0 0)
(-12.0834 0 0)
(-8.90164 0 0)
(-5.01179 0 0)
(-1.83965 0 0)
)
;

boundaryField
{
    sides
    {
        type            fixedValue;
        value           uniform (0 0 0);
    }
    empty
    {
        type            empty;
    }
}


// ************************************************************************* //
