/*--------------------------------*- C++ -*----------------------------------*\
| =========                 |                                                 |
| \\      /  F ield         | OpenFOAM: The Open Source CFD Toolbox           |
|  \\    /   O peration     | Version:  2412                                  |
|   \\  /    A nd           | Website:  www.openfoam.com                      |
|    \\/     M anipulation  |                                                 |
\*---------------------------------------------------------------------------*/
FoamFile
{
    version     2.0;
    format      ascii;
    arch        "LSB;label=32;scalar=64";
    class       volVectorField;
    location    "0.0450004";
    object      U;
}
// * * * * * * * * * * * * * * * * * * * * * * * * * * * * * * * * * * * * * //

dimensions      [0 1 -1 0 0 0 0];

internalField   nonuniform List<vector> 
100
(
(1.37486 0 0)
(4.675 0 0)
(7.46512 0 0)
(-21.1695 0 0)
(-187.696 0 0)
(-241.152 0 0)
(-238.599 0 0)
(-230.934 0 0)
(-233.313 0 0)
(-244.278 0 0)
(-245.068 0 0)
(-243.474 0 0)
(-240.981 0 0)
(-234.262 0 0)
(-215.773 0 0)
(-204.713 0 0)
(-201.498 0 0)
(-200.478 0 0)
(-201.431 0 0)
(-211.773 0 0)
(-217.863 0 0)
(-217.316 0 0)
(-215.412 0 0)
(-211.226 0 0)
(-202.52 0 0)
(-197.342 0 0)
(-195.34 0 0)
(-195.453 0 0)
(-197.971 0 0)
(-197.948 0 0)
(-195.938 0 0)
(-190.277 0 0)
(-181.818 0 0)
(-178.044 0 0)
(-177.022 0 0)
(-179.98 0 0)
(-183.02 0 0)
(-182.201 0 0)
(-178.861 0 0)
(-170.369 0 0)
(-162.954 0 0)
(-160.199 0 0)
(-160.709 0 0)
(-168.716 0 0)
(-174.511 0 0)
(-173.963 0 0)
(-170.856 0 0)
(-161.014 0 0)
(-146.911 0 0)
(-140.554 0 0)
(-138.376 0 0)
(-138.361 0 0)
(-142.444 0 0)
(-147.176 0 0)
(-147.614 0 0)
(-146.327 0 0)
(-143.63 0 0)
(-139.635 0 0)
(-136.495 0 0)
(-134.75 0 0)
(-131.918 0 0)
(-127.628 0 0)
(-123.805 0 0)
(-122.385 0 0)
(-122.145 0 0)
(-122.515 0 0)
(-122.053 0 0)
(-118.973 0 0)
(-114.005 0 0)
(-108.677 0 0)
(-107.28 0 0)
(-109.244 0 0)
(-120.769 0 0)
(-127.571 0 0)
(-126.506 0 0)
(-124.986 0 0)
(-114.921 0 0)
(-97.793 0 0)
(-80.2453 0 0)
(-71.866 0 0)
(-66.1063 0 0)
(-61.8569 0 0)
(-59.9046 0 0)
(-56.726 0 0)
(-55.2272 0 0)
(-53.2925 0 0)
(-52.7528 0 0)
(-50.899 0 0)
(-47.6815 0 0)
(-42.5058 0 0)
(-37.0166 0 0)
(-31.4672 0 0)
(-26.4975 0 0)
(-21.9205 0 0)
(-18.5646 0 0)
(-16.2945 0 0)
(-13.5925 0 0)
(-11.0096 0 0)
(-7.31664 0 0)
(-2.63806 0 0)
)
;

boundaryField
{
    sides
    {
        type            fixedValue;
        value           uniform (0 0 0);
    }
    empty
    {
        type            empty;
    }
}


// ************************************************************************* //
