/*--------------------------------*- C++ -*----------------------------------*\
| =========                 |                                                 |
| \\      /  F ield         | OpenFOAM: The Open Source CFD Toolbox           |
|  \\    /   O peration     | Version:  2412                                  |
|   \\  /    A nd           | Website:  www.openfoam.com                      |
|    \\/     M anipulation  |                                                 |
\*---------------------------------------------------------------------------*/
FoamFile
{
    version     2.0;
    format      ascii;
    arch        "LSB;label=32;scalar=64";
    class       volVectorField;
    location    "0.0343162";
    object      U;
}
// * * * * * * * * * * * * * * * * * * * * * * * * * * * * * * * * * * * * * //

dimensions      [0 1 -1 0 0 0 0];

internalField   nonuniform List<vector> 
100
(
(1.92758 0 0)
(5.90724 0 0)
(9.75334 0 0)
(13.7717 0 0)
(17.5415 0 0)
(21.6789 0 0)
(25.3345 0 0)
(29.6116 0 0)
(33.164 0 0)
(37.4405 0 0)
(41.0819 0 0)
(45.1882 0 0)
(49.0969 0 0)
(52.9658 0 0)
(57.1148 0 0)
(60.7895 0 0)
(65.0258 0 0)
(68.6723 0 0)
(72.908 0 0)
(76.6192 0 0)
(80.7846 0 0)
(84.5759 0 0)
(88.6622 0 0)
(92.5162 0 0)
(96.536 0 0)
(100.416 0 0)
(104.36 0 0)
(108.233 0 0)
(112.136 0 0)
(116.027 0 0)
(119.953 0 0)
(123.883 0 0)
(127.834 0 0)
(131.745 0 0)
(135.645 0 0)
(139.449 0 0)
(143.232 0 0)
(147.035 0 0)
(150.714 0 0)
(154.388 0 0)
(157.917 0 0)
(161.204 0 0)
(164.439 0 0)
(163.749 0 0)
(30.5172 0 0)
(-112.736 0 0)
(-124.832 0 0)
(-107.986 0 0)
(-98.9228 0 0)
(-96.9227 0 0)
(-96.2342 0 0)
(-95.4737 0 0)
(-96.2381 0 0)
(-96.1162 0 0)
(-93.2527 0 0)
(-88.1649 0 0)
(-82.0575 0 0)
(-79.7122 0 0)
(-78.5082 0 0)
(-77.6683 0 0)
(-77.4473 0 0)
(-76.5181 0 0)
(-76.3782 0 0)
(-69.1672 0 0)
(-63.6083 0 0)
(-54.7935 0 0)
(-51.1848 0 0)
(-50.7048 0 0)
(-48.5013 0 0)
(-52.2215 0 0)
(-48.3326 0 0)
(-48.3079 0 0)
(-44.2697 0 0)
(-40.8759 0 0)
(-37.736 0 0)
(-32.5051 0 0)
(-33.8058 0 0)
(-31.4718 0 0)
(-28.6603 0 0)
(-23.2862 0 0)
(-18.2281 0 0)
(-6.89521 0 0)
(4.38002 0 0)
(9.1739 0 0)
(11.1219 0 0)
(10.6329 0 0)
(6.15836 0 0)
(0.796144 0 0)
(-5.59999 0 0)
(-7.98432 0 0)
(-5.57126 0 0)
(-0.379138 0 0)
(2.16043 0 0)
(2.16561 0 0)
(2.30247 0 0)
(1.43313 0 0)
(0.214717 0 0)
(-0.314829 0 0)
(-0.411063 0 0)
(-1.09754 0 0)
)
;

boundaryField
{
    sides
    {
        type            fixedValue;
        value           uniform (0 0 0);
    }
    empty
    {
        type            empty;
    }
}


// ************************************************************************* //
