/*--------------------------------*- C++ -*----------------------------------*\
| =========                 |                                                 |
| \\      /  F ield         | OpenFOAM: The Open Source CFD Toolbox           |
|  \\    /   O peration     | Version:  2412                                  |
|   \\  /    A nd           | Website:  www.openfoam.com                      |
|    \\/     M anipulation  |                                                 |
\*---------------------------------------------------------------------------*/
FoamFile
{
    version     2.0;
    format      ascii;
    arch        "LSB;label=32;scalar=64";
    class       volVectorField;
    location    "0.0216243";
    object      U;
}
// * * * * * * * * * * * * * * * * * * * * * * * * * * * * * * * * * * * * * //

dimensions      [0 1 -1 0 0 0 0];

internalField   nonuniform List<vector> 
100
(
(3.43831 0 0)
(10.4004 0 0)
(17.2963 0 0)
(24.1913 0 0)
(31.122 0 0)
(38.037 0 0)
(44.9754 0 0)
(51.8803 0 0)
(58.7697 0 0)
(65.688 0 0)
(72.5887 0 0)
(79.6072 0 0)
(86.4379 0 0)
(93.4194 0 0)
(99.895 0 0)
(106.812 0 0)
(113.035 0 0)
(119.834 0 0)
(126.362 0 0)
(133.688 0 0)
(141.032 0 0)
(148.855 0 0)
(157.698 0 0)
(166.499 0 0)
(176.783 0 0)
(189.015 0 0)
(201.949 0 0)
(208.876 0 0)
(212.62 0 0)
(215.39 0 0)
(217.581 0 0)
(219.495 0 0)
(222.484 0 0)
(225.667 0 0)
(229.339 0 0)
(234.208 0 0)
(239.346 0 0)
(243.293 0 0)
(246.905 0 0)
(250.574 0 0)
(254.399 0 0)
(258.342 0 0)
(262.364 0 0)
(265.979 0 0)
(269.483 0 0)
(273.515 0 0)
(276.977 0 0)
(279.58 0 0)
(282.241 0 0)
(283.985 0 0)
(284.186 0 0)
(283.854 0 0)
(283.49 0 0)
(282.85 0 0)
(282.555 0 0)
(283.909 0 0)
(284.781 0 0)
(282.185 0 0)
(280.443 0 0)
(283.131 0 0)
(287.241 0 0)
(286.391 0 0)
(278.299 0 0)
(276.188 0 0)
(287.56 0 0)
(291.376 0 0)
(284.657 0 0)
(272.894 0 0)
(271.33 0 0)
(289.808 0 0)
(291.606 0 0)
(283.331 0 0)
(272.55 0 0)
(267.414 0 0)
(245.911 0 0)
(69.3913 0 0)
(8.35577 0 0)
(18.1282 0 0)
(22.7239 0 0)
(9.02231 0 0)
(18.6565 0 0)
(13.1576 0 0)
(11.6617 0 0)
(19.7188 0 0)
(12.9114 0 0)
(8.29572 0 0)
(0.308121 0 0)
(-8.62566 0 0)
(-15.7364 0 0)
(-13.2835 0 0)
(-8.44554 0 0)
(-0.708671 0 0)
(5.08038 0 0)
(8.4763 0 0)
(7.72925 0 0)
(4.80194 0 0)
(3.31697 0 0)
(-2.23909 0 0)
(-4.20442 0 0)
(2.1334 0 0)
)
;

boundaryField
{
    sides
    {
        type            fixedValue;
        value           uniform (0 0 0);
    }
    empty
    {
        type            empty;
    }
}


// ************************************************************************* //
