/*--------------------------------*- C++ -*----------------------------------*\
| =========                 |                                                 |
| \\      /  F ield         | OpenFOAM: The Open Source CFD Toolbox           |
|  \\    /   O peration     | Version:  2412                                  |
|   \\  /    A nd           | Website:  www.openfoam.com                      |
|    \\/     M anipulation  |                                                 |
\*---------------------------------------------------------------------------*/
FoamFile
{
    version     2.0;
    format      ascii;
    arch        "LSB;label=32;scalar=64";
    class       volVectorField;
    location    "0.0344795";
    object      U;
}
// * * * * * * * * * * * * * * * * * * * * * * * * * * * * * * * * * * * * * //

dimensions      [0 1 -1 0 0 0 0];

internalField   nonuniform List<vector> 
100
(
(1.91506 0 0)
(5.87567 0 0)
(9.6989 0 0)
(13.701 0 0)
(17.4479 0 0)
(21.57 0 0)
(25.1985 0 0)
(29.4546 0 0)
(32.9796 0 0)
(37.2368 0 0)
(40.865 0 0)
(44.9426 0 0)
(48.8382 0 0)
(52.6791 0 0)
(56.8089 0 0)
(60.455 0 0)
(64.6673 0 0)
(68.2905 0 0)
(72.5004 0 0)
(76.1909 0 0)
(80.3337 0 0)
(84.1052 0 0)
(88.1657 0 0)
(91.9998 0 0)
(95.9978 0 0)
(99.8619 0 0)
(103.79 0 0)
(107.645 0 0)
(111.52 0 0)
(115.378 0 0)
(119.27 0 0)
(123.168 0 0)
(127.095 0 0)
(130.98 0 0)
(134.852 0 0)
(138.628 0 0)
(142.381 0 0)
(146.157 0 0)
(149.803 0 0)
(153.429 0 0)
(156.898 0 0)
(160.319 0 0)
(163.531 0 0)
(123.673 0 0)
(-71.6962 0 0)
(-126.057 0 0)
(-119.102 0 0)
(-103.97 0 0)
(-99.3251 0 0)
(-99.353 0 0)
(-98.4911 0 0)
(-98.8831 0 0)
(-99.3987 0 0)
(-97.9471 0 0)
(-92.4782 0 0)
(-86.635 0 0)
(-82.707 0 0)
(-82.1331 0 0)
(-80.9103 0 0)
(-80.2556 0 0)
(-80.0615 0 0)
(-78.4622 0 0)
(-76.2873 0 0)
(-67.7551 0 0)
(-61.7689 0 0)
(-54.6076 0 0)
(-53.6673 0 0)
(-54.1426 0 0)
(-51.6372 0 0)
(-54.0101 0 0)
(-48.8176 0 0)
(-48.7791 0 0)
(-45.4308 0 0)
(-42.8413 0 0)
(-39.3279 0 0)
(-33.9685 0 0)
(-35.0618 0 0)
(-31.6008 0 0)
(-27.9184 0 0)
(-24.1165 0 0)
(-23.2365 0 0)
(-16.0387 0 0)
(-1.83815 0 0)
(8.62194 0 0)
(12.3861 0 0)
(12.7594 0 0)
(7.91833 0 0)
(-0.182934 0 0)
(-7.01024 0 0)
(-7.39391 0 0)
(-3.75028 0 0)
(1.82752 0 0)
(3.91807 0 0)
(2.66258 0 0)
(1.28571 0 0)
(-1.1078 0 0)
(-1.68154 0 0)
(-0.796469 0 0)
(-0.0577291 0 0)
(-0.963429 0 0)
)
;

boundaryField
{
    sides
    {
        type            fixedValue;
        value           uniform (0 0 0);
    }
    empty
    {
        type            empty;
    }
}


// ************************************************************************* //
