/*--------------------------------*- C++ -*----------------------------------*\
| =========                 |                                                 |
| \\      /  F ield         | OpenFOAM: The Open Source CFD Toolbox           |
|  \\    /   O peration     | Version:  2412                                  |
|   \\  /    A nd           | Website:  www.openfoam.com                      |
|    \\/     M anipulation  |                                                 |
\*---------------------------------------------------------------------------*/
FoamFile
{
    version     2.0;
    format      ascii;
    arch        "LSB;label=32;scalar=64";
    class       volVectorField;
    location    "0.0220124";
    object      U;
}
// * * * * * * * * * * * * * * * * * * * * * * * * * * * * * * * * * * * * * //

dimensions      [0 1 -1 0 0 0 0];

internalField   nonuniform List<vector> 
100
(
(3.36759 0 0)
(10.1782 0 0)
(16.9349 0 0)
(23.6838 0 0)
(30.458 0 0)
(37.2232 0 0)
(44.0148 0 0)
(50.7837 0 0)
(57.5315 0 0)
(64.2949 0 0)
(70.9897 0 0)
(77.8059 0 0)
(84.415 0 0)
(91.3537 0 0)
(97.8829 0 0)
(104.918 0 0)
(111.066 0 0)
(117.779 0 0)
(123.977 0 0)
(130.496 0 0)
(137.191 0 0)
(144.039 0 0)
(151.626 0 0)
(159.112 0 0)
(167.77 0 0)
(176.16 0 0)
(186.5 0 0)
(199.753 0 0)
(212.512 0 0)
(218.411 0 0)
(221.928 0 0)
(224.765 0 0)
(226.8 0 0)
(228.554 0 0)
(231.39 0 0)
(234.635 0 0)
(238.153 0 0)
(242.722 0 0)
(248.017 0 0)
(251.929 0 0)
(255.457 0 0)
(258.955 0 0)
(262.674 0 0)
(266.506 0 0)
(269.831 0 0)
(273.551 0 0)
(277.349 0 0)
(280.201 0 0)
(282.253 0 0)
(283.906 0 0)
(284.232 0 0)
(283.707 0 0)
(283.408 0 0)
(283.291 0 0)
(282.661 0 0)
(282.572 0 0)
(284.277 0 0)
(285.002 0 0)
(281.488 0 0)
(279.883 0 0)
(284.459 0 0)
(288.11 0 0)
(285.32 0 0)
(277.322 0 0)
(275.964 0 0)
(289.465 0 0)
(291.512 0 0)
(281.998 0 0)
(271.349 0 0)
(272.217 0 0)
(291.612 0 0)
(291.489 0 0)
(283.239 0 0)
(248.714 0 0)
(96.2062 0 0)
(10.4143 0 0)
(-5.85369 0 0)
(12.6149 0 0)
(25.2714 0 0)
(14.3624 0 0)
(22.3266 0 0)
(15.3524 0 0)
(10.2218 0 0)
(13.175 0 0)
(3.32174 0 0)
(-1.9703 0 0)
(-5.07188 0 0)
(-7.54762 0 0)
(-13.4127 0 0)
(-12.536 0 0)
(-8.03836 0 0)
(0.0733764 0 0)
(7.03426 0 0)
(14.835 0 0)
(17.303 0 0)
(11.3391 0 0)
(-0.456142 0 0)
(-13.3174 0 0)
(-16.0718 0 0)
(-7.38248 0 0)
)
;

boundaryField
{
    sides
    {
        type            fixedValue;
        value           uniform (0 0 0);
    }
    empty
    {
        type            empty;
    }
}


// ************************************************************************* //
