/*--------------------------------*- C++ -*----------------------------------*\
| =========                 |                                                 |
| \\      /  F ield         | OpenFOAM: The Open Source CFD Toolbox           |
|  \\    /   O peration     | Version:  2412                                  |
|   \\  /    A nd           | Website:  www.openfoam.com                      |
|    \\/     M anipulation  |                                                 |
\*---------------------------------------------------------------------------*/
FoamFile
{
    version     2.0;
    format      ascii;
    arch        "LSB;label=32;scalar=64";
    class       volVectorField;
    location    "0.0121253";
    object      U;
}
// * * * * * * * * * * * * * * * * * * * * * * * * * * * * * * * * * * * * * //

dimensions      [0 1 -1 0 0 0 0];

internalField   nonuniform List<vector> 
100
(
(1.24338e-14 0 0)
(-4.27293e-14 0 0)
(1.02968e-13 0 0)
(1.36921e-13 0 0)
(1.46767e-12 0 0)
(7.40573e-10 0 0)
(2.97206e-07 0 0)
(7.61197e-05 0 0)
(0.00918881 0 0)
(0.364359 0 0)
(3.79495 0 0)
(13.5254 0 0)
(25.797 0 0)
(36.4046 0 0)
(44.9734 0 0)
(52.4083 0 0)
(59.3861 0 0)
(66.2288 0 0)
(73.0529 0 0)
(79.8884 0 0)
(86.7373 0 0)
(93.6009 0 0)
(100.472 0 0)
(107.373 0 0)
(114.254 0 0)
(121.224 0 0)
(128.035 0 0)
(135.15 0 0)
(141.69 0 0)
(149.067 0 0)
(155.256 0 0)
(162.744 0 0)
(169.115 0 0)
(175.946 0 0)
(183.077 0 0)
(189.252 0 0)
(196.494 0 0)
(202.832 0 0)
(210.16 0 0)
(216.467 0 0)
(223.639 0 0)
(230.375 0 0)
(237.482 0 0)
(244.13 0 0)
(251.113 0 0)
(257.752 0 0)
(263.611 0 0)
(270.349 0 0)
(276.967 0 0)
(282.174 0 0)
(283.137 0 0)
(282.396 0 0)
(281.966 0 0)
(286.276 0 0)
(287.838 0 0)
(280.421 0 0)
(276.869 0 0)
(280.477 0 0)
(289.441 0 0)
(290.286 0 0)
(278.742 0 0)
(275.937 0 0)
(280.159 0 0)
(289.463 0 0)
(289.357 0 0)
(280.4 0 0)
(276.097 0 0)
(278.056 0 0)
(287.65 0 0)
(287.653 0 0)
(285.679 0 0)
(278.103 0 0)
(278.329 0 0)
(279.269 0 0)
(287.508 0 0)
(287.324 0 0)
(283.867 0 0)
(282.09 0 0)
(278.025 0 0)
(277.806 0 0)
(279.761 0 0)
(282.017 0 0)
(283.613 0 0)
(280.925 0 0)
(279.635 0 0)
(281.603 0 0)
(283.63 0 0)
(284.457 0 0)
(283.153 0 0)
(278.914 0 0)
(277.901 0 0)
(278.019 0 0)
(278.522 0 0)
(283.412 0 0)
(280.746 0 0)
(175.914 0 0)
(-4.78504 0 0)
(-21.1843 0 0)
(-17.8508 0 0)
(-48.4563 0 0)
)
;

boundaryField
{
    sides
    {
        type            fixedValue;
        value           uniform (0 0 0);
    }
    empty
    {
        type            empty;
    }
}


// ************************************************************************* //
