/*--------------------------------*- C++ -*----------------------------------*\
| =========                 |                                                 |
| \\      /  F ield         | OpenFOAM: The Open Source CFD Toolbox           |
|  \\    /   O peration     | Version:  2412                                  |
|   \\  /    A nd           | Website:  www.openfoam.com                      |
|    \\/     M anipulation  |                                                 |
\*---------------------------------------------------------------------------*/
FoamFile
{
    version     2.0;
    format      ascii;
    arch        "LSB;label=32;scalar=64";
    class       volVectorField;
    location    "0.0505728";
    object      U;
}
// * * * * * * * * * * * * * * * * * * * * * * * * * * * * * * * * * * * * * //

dimensions      [0 1 -1 0 0 0 0];

internalField   nonuniform List<vector> 
100
(
(17.5372 0 0)
(2.96979 0 0)
(1.60793 0 0)
(0.499491 0 0)
(-1.65907 0 0)
(-8.66895 0 0)
(-15.449 0 0)
(-15.9857 0 0)
(-16.0067 0 0)
(2.32091 0 0)
(-11.1944 0 0)
(-140.083 0 0)
(-223.297 0 0)
(-222.378 0 0)
(-227.699 0 0)
(-242.233 0 0)
(-245.585 0 0)
(-244.076 0 0)
(-240.884 0 0)
(-225.637 0 0)
(-207.398 0 0)
(-201.681 0 0)
(-199.953 0 0)
(-199.117 0 0)
(-201.6 0 0)
(-213.536 0 0)
(-218.569 0 0)
(-217.719 0 0)
(-215.276 0 0)
(-210.88 0 0)
(-205.924 0 0)
(-203.347 0 0)
(-201.201 0 0)
(-197.701 0 0)
(-192.706 0 0)
(-189.642 0 0)
(-188.195 0 0)
(-188.029 0 0)
(-190.593 0 0)
(-191.516 0 0)
(-190.322 0 0)
(-187.023 0 0)
(-179.757 0 0)
(-174.828 0 0)
(-173.094 0 0)
(-178.047 0 0)
(-196.672 0 0)
(-203.766 0 0)
(-202.895 0 0)
(-200.873 0 0)
(-195.137 0 0)
(-174.597 0 0)
(-151.633 0 0)
(-141.316 0 0)
(-137.207 0 0)
(-134.726 0 0)
(-132.358 0 0)
(-129.005 0 0)
(-125.292 0 0)
(-122.619 0 0)
(-121.543 0 0)
(-120.806 0 0)
(-120.343 0 0)
(-120.287 0 0)
(-119.914 0 0)
(-118.95 0 0)
(-116.035 0 0)
(-110.006 0 0)
(-102.028 0 0)
(-95.8189 0 0)
(-91.5844 0 0)
(-87.7657 0 0)
(-86.1461 0 0)
(-85.0973 0 0)
(-84.5207 0 0)
(-83.2098 0 0)
(-80.7326 0 0)
(-77.3368 0 0)
(-72.1201 0 0)
(-67.9332 0 0)
(-63.2733 0 0)
(-60.8122 0 0)
(-57.3691 0 0)
(-54.6003 0 0)
(-51.1924 0 0)
(-47.6051 0 0)
(-44.6029 0 0)
(-40.116 0 0)
(-37.3032 0 0)
(-34.1141 0 0)
(-31.5435 0 0)
(-27.917 0 0)
(-24.8065 0 0)
(-21.1872 0 0)
(-17.7053 0 0)
(-14.4183 0 0)
(-10.8479 0 0)
(-7.78887 0 0)
(-4.23161 0 0)
(-1.67761 0 0)
)
;

boundaryField
{
    sides
    {
        type            fixedValue;
        value           uniform (0 0 0);
    }
    empty
    {
        type            empty;
    }
}


// ************************************************************************* //
