/*--------------------------------*- C++ -*----------------------------------*\
| =========                 |                                                 |
| \\      /  F ield         | OpenFOAM: The Open Source CFD Toolbox           |
|  \\    /   O peration     | Version:  2412                                  |
|   \\  /    A nd           | Website:  www.openfoam.com                      |
|    \\/     M anipulation  |                                                 |
\*---------------------------------------------------------------------------*/
FoamFile
{
    version     2.0;
    format      ascii;
    arch        "LSB;label=32;scalar=64";
    class       volVectorField;
    location    "0.0442985";
    object      U;
}
// * * * * * * * * * * * * * * * * * * * * * * * * * * * * * * * * * * * * * //

dimensions      [0 1 -1 0 0 0 0];

internalField   nonuniform List<vector> 
100
(
(1.46641 0 0)
(4.31638 0 0)
(7.19799 0 0)
(10.2286 0 0)
(13.715 0 0)
(16.7814 0 0)
(-12.8063 0 0)
(-182.253 0 0)
(-236.05 0 0)
(-232.248 0 0)
(-220.123 0 0)
(-218.981 0 0)
(-230.408 0 0)
(-237.212 0 0)
(-235.755 0 0)
(-233.935 0 0)
(-230.934 0 0)
(-221.435 0 0)
(-202.942 0 0)
(-195.479 0 0)
(-193.218 0 0)
(-192.465 0 0)
(-196.084 0 0)
(-205.835 0 0)
(-208.217 0 0)
(-206.863 0 0)
(-204.478 0 0)
(-198.677 0 0)
(-190.89 0 0)
(-187.358 0 0)
(-186.121 0 0)
(-187.58 0 0)
(-189.304 0 0)
(-188.253 0 0)
(-184.89 0 0)
(-176.89 0 0)
(-170.695 0 0)
(-168.458 0 0)
(-169.201 0 0)
(-173.04 0 0)
(-173.602 0 0)
(-171.534 0 0)
(-165.381 0 0)
(-156.58 0 0)
(-152.436 0 0)
(-151.431 0 0)
(-156.366 0 0)
(-163.907 0 0)
(-164.774 0 0)
(-162.672 0 0)
(-155.906 0 0)
(-141.731 0 0)
(-133.361 0 0)
(-130.245 0 0)
(-129.695 0 0)
(-132.317 0 0)
(-136.979 0 0)
(-138.056 0 0)
(-136.957 0 0)
(-134.895 0 0)
(-131.003 0 0)
(-127.654 0 0)
(-125.668 0 0)
(-123.347 0 0)
(-119.143 0 0)
(-114.992 0 0)
(-113.365 0 0)
(-112.652 0 0)
(-113.163 0 0)
(-111.988 0 0)
(-110.1 0 0)
(-104.56 0 0)
(-99.8267 0 0)
(-97.9368 0 0)
(-99.7573 0 0)
(-110.744 0 0)
(-116.423 0 0)
(-117.326 0 0)
(-112.946 0 0)
(-105.025 0 0)
(-87.3804 0 0)
(-70.6103 0 0)
(-62.0498 0 0)
(-55.8971 0 0)
(-53.1807 0 0)
(-49.5866 0 0)
(-47.2762 0 0)
(-45.3283 0 0)
(-44.5612 0 0)
(-42.8243 0 0)
(-39.5896 0 0)
(-35.3989 0 0)
(-30.8703 0 0)
(-25.2213 0 0)
(-19.3659 0 0)
(-14.3366 0 0)
(-9.86432 0 0)
(-7.02882 0 0)
(-3.36659 0 0)
(-0.507407 0 0)
)
;

boundaryField
{
    sides
    {
        type            fixedValue;
        value           uniform (0 0 0);
    }
    empty
    {
        type            empty;
    }
}


// ************************************************************************* //
