/*--------------------------------*- C++ -*----------------------------------*\
| =========                 |                                                 |
| \\      /  F ield         | OpenFOAM: The Open Source CFD Toolbox           |
|  \\    /   O peration     | Version:  2412                                  |
|   \\  /    A nd           | Website:  www.openfoam.com                      |
|    \\/     M anipulation  |                                                 |
\*---------------------------------------------------------------------------*/
FoamFile
{
    version     2.0;
    format      ascii;
    arch        "LSB;label=32;scalar=64";
    class       volVectorField;
    location    "0.00999912";
    object      U;
}
// * * * * * * * * * * * * * * * * * * * * * * * * * * * * * * * * * * * * * //

dimensions      [0 1 -1 0 0 0 0];

internalField   nonuniform List<vector> 
100
(
(-2.95145e-14 0 0)
(-4.10833e-14 0 0)
(3.84927e-14 0 0)
(4.71164e-14 0 0)
(1.70368e-14 0 0)
(4.30152e-14 0 0)
(3.91748e-14 0 0)
(1.50754e-13 0 0)
(1.36327e-13 0 0)
(1.07109e-13 0 0)
(1.79146e-13 0 0)
(9.04183e-12 0 0)
(4.33052e-09 0 0)
(1.55084e-06 0 0)
(0.000329598 0 0)
(0.0301748 0 0)
(0.828756 0 0)
(6.19463 0 0)
(18.0204 0 0)
(31.2786 0 0)
(42.6244 0 0)
(52.1924 0 0)
(60.8644 0 0)
(69.2041 0 0)
(77.4528 0 0)
(85.6952 0 0)
(93.9417 0 0)
(102.231 0 0)
(110.487 0 0)
(118.894 0 0)
(127.031 0 0)
(135.694 0 0)
(143.415 0 0)
(152.463 0 0)
(159.845 0 0)
(168.629 0 0)
(176.741 0 0)
(184.254 0 0)
(193.142 0 0)
(200.6 0 0)
(209.277 0 0)
(216.865 0 0)
(225.661 0 0)
(233.603 0 0)
(242.232 0 0)
(250.486 0 0)
(257.329 0 0)
(265.054 0 0)
(274.126 0 0)
(281.397 0 0)
(283.768 0 0)
(281.469 0 0)
(280.141 0 0)
(286.839 0 0)
(288.185 0 0)
(282.129 0 0)
(276.369 0 0)
(278.218 0 0)
(289.186 0 0)
(289.521 0 0)
(282.474 0 0)
(277.013 0 0)
(278.49 0 0)
(287.911 0 0)
(287.644 0 0)
(284.102 0 0)
(277.597 0 0)
(277.648 0 0)
(281.601 0 0)
(287.959 0 0)
(286.474 0 0)
(286.025 0 0)
(280.103 0 0)
(278.416 0 0)
(279.565 0 0)
(281.403 0 0)
(283.396 0 0)
(280.908 0 0)
(277.226 0 0)
(278.735 0 0)
(280.685 0 0)
(283.07 0 0)
(283.513 0 0)
(282.4 0 0)
(279.962 0 0)
(279.58 0 0)
(279.81 0 0)
(282.095 0 0)
(283.779 0 0)
(283.601 0 0)
(282.151 0 0)
(278.344 0 0)
(276.462 0 0)
(276.167 0 0)
(276.612 0 0)
(282.845 0 0)
(297.259 0 0)
(285.616 0 0)
(155.166 0 0)
(5.88304 0 0)
)
;

boundaryField
{
    sides
    {
        type            fixedValue;
        value           uniform (0 0 0);
    }
    empty
    {
        type            empty;
    }
}


// ************************************************************************* //
