/*--------------------------------*- C++ -*----------------------------------*\
| =========                 |                                                 |
| \\      /  F ield         | OpenFOAM: The Open Source CFD Toolbox           |
|  \\    /   O peration     | Version:  2412                                  |
|   \\  /    A nd           | Website:  www.openfoam.com                      |
|    \\/     M anipulation  |                                                 |
\*---------------------------------------------------------------------------*/
FoamFile
{
    version     2.0;
    format      ascii;
    arch        "LSB;label=32;scalar=64";
    class       volVectorField;
    location    "0.00429379";
    object      U;
}
// * * * * * * * * * * * * * * * * * * * * * * * * * * * * * * * * * * * * * //

dimensions      [0 1 -1 0 0 0 0];

internalField   nonuniform List<vector> 
100
(
(-3.06666e-14 0 0)
(-1.46558e-13 0 0)
(-9.17855e-14 0 0)
(-1.91329e-14 0 0)
(1.67108e-14 0 0)
(3.28865e-14 0 0)
(5.98872e-15 0 0)
(-1.32212e-13 0 0)
(-1.96171e-13 0 0)
(-1.27296e-13 0 0)
(-4.72443e-14 0 0)
(-7.37054e-14 0 0)
(-6.46083e-14 0 0)
(-2.47507e-14 0 0)
(-7.20167e-14 0 0)
(-6.1317e-14 0 0)
(-1.03259e-14 0 0)
(4.84114e-14 0 0)
(3.93598e-14 0 0)
(9.79272e-15 0 0)
(4.82618e-14 0 0)
(1.51669e-13 0 0)
(2.16464e-13 0 0)
(2.63639e-13 0 0)
(1.40393e-13 0 0)
(1.65433e-13 0 0)
(1.5089e-13 0 0)
(1.10751e-13 0 0)
(1.35083e-13 0 0)
(6.79075e-12 0 0)
(3.52779e-09 0 0)
(1.36113e-06 0 0)
(0.000313753 0 0)
(0.031639 0 0)
(0.974717 0 0)
(8.07839 0 0)
(25.4506 0 0)
(47.1576 0 0)
(67.8599 0 0)
(87.3756 0 0)
(105.306 0 0)
(124.908 0 0)
(141.496 0 0)
(161.978 0 0)
(179.099 0 0)
(193.943 0 0)
(215.206 0 0)
(234.047 0 0)
(247.15 0 0)
(261.357 0 0)
(283.879 0 0)
(292.619 0 0)
(286.464 0 0)
(278.083 0 0)
(278.165 0 0)
(287.328 0 0)
(287.211 0 0)
(282.779 0 0)
(277.094 0 0)
(277.173 0 0)
(278.767 0 0)
(281.044 0 0)
(285.57 0 0)
(286.922 0 0)
(280.899 0 0)
(274.449 0 0)
(274.097 0 0)
(276.505 0 0)
(292.437 0 0)
(293.373 0 0)
(220.684 0 0)
(28.7049 0 0)
(0.122334 0 0)
(4.10108e-05 0 0)
(3.50449e-09 0 0)
(4.51601e-13 0 0)
(7.23158e-15 0 0)
(7.67252e-15 0 0)
(-1.11601e-13 0 0)
(-1.69929e-13 0 0)
(-9.7043e-14 0 0)
(5.31758e-14 0 0)
(4.82002e-15 0 0)
(-1.82905e-13 0 0)
(-1.98102e-13 0 0)
(-1.75061e-13 0 0)
(-1.63309e-13 0 0)
(-1.06111e-13 0 0)
(-2.37681e-13 0 0)
(-2.06473e-13 0 0)
(-9.98816e-14 0 0)
(-9.785e-14 0 0)
(-1.94796e-13 0 0)
(-3.01278e-13 0 0)
(-3.03247e-13 0 0)
(-2.31199e-13 0 0)
(-1.46637e-13 0 0)
(-4.85443e-14 0 0)
(-4.94275e-14 0 0)
(-1.13891e-13 0 0)
)
;

boundaryField
{
    sides
    {
        type            fixedValue;
        value           uniform (0 0 0);
    }
    empty
    {
        type            empty;
    }
}


// ************************************************************************* //
