/*--------------------------------*- C++ -*----------------------------------*\
| =========                 |                                                 |
| \\      /  F ield         | OpenFOAM: The Open Source CFD Toolbox           |
|  \\    /   O peration     | Version:  2412                                  |
|   \\  /    A nd           | Website:  www.openfoam.com                      |
|    \\/     M anipulation  |                                                 |
\*---------------------------------------------------------------------------*/
FoamFile
{
    version     2.0;
    format      ascii;
    arch        "LSB;label=32;scalar=64";
    class       volVectorField;
    location    "0.0421575";
    object      U;
}
// * * * * * * * * * * * * * * * * * * * * * * * * * * * * * * * * * * * * * //

dimensions      [0 1 -1 0 0 0 0];

internalField   nonuniform List<vector> 
100
(
(1.6885 0 0)
(5.09388 0 0)
(8.37749 0 0)
(11.5554 0 0)
(14.6192 0 0)
(17.5974 0 0)
(20.5342 0 0)
(23.4657 0 0)
(26.4223 0 0)
(29.4221 0 0)
(32.4519 0 0)
(35.4846 0 0)
(38.546 0 0)
(42.0474 0 0)
(45.1636 0 0)
(13.7299 0 0)
(-169.471 0 0)
(-225.129 0 0)
(-219.061 0 0)
(-199.389 0 0)
(-194.714 0 0)
(-193.319 0 0)
(-193.319 0 0)
(-200.088 0 0)
(-206.436 0 0)
(-206.162 0 0)
(-204.385 0 0)
(-201.609 0 0)
(-191.456 0 0)
(-175.547 0 0)
(-168.913 0 0)
(-166.76 0 0)
(-166.352 0 0)
(-170.866 0 0)
(-177.2 0 0)
(-177.831 0 0)
(-176.351 0 0)
(-173.898 0 0)
(-168.351 0 0)
(-162.059 0 0)
(-159.291 0 0)
(-158.851 0 0)
(-160.227 0 0)
(-159.984 0 0)
(-157.672 0 0)
(-151.425 0 0)
(-144.377 0 0)
(-141.347 0 0)
(-141.373 0 0)
(-143.833 0 0)
(-144.361 0 0)
(-142.327 0 0)
(-136.649 0 0)
(-128.756 0 0)
(-124.753 0 0)
(-124.092 0 0)
(-128.467 0 0)
(-133.735 0 0)
(-133.775 0 0)
(-130.864 0 0)
(-122.604 0 0)
(-110.721 0 0)
(-104.445 0 0)
(-102.183 0 0)
(-102.74 0 0)
(-105.314 0 0)
(-107.419 0 0)
(-106.281 0 0)
(-106.039 0 0)
(-102.276 0 0)
(-98.8247 0 0)
(-96.238 0 0)
(-93.9092 0 0)
(-91.8483 0 0)
(-86.0154 0 0)
(-84.3664 0 0)
(-82.3049 0 0)
(-82.9027 0 0)
(-82.6021 0 0)
(-79.1951 0 0)
(-75.2699 0 0)
(-69.9864 0 0)
(-69.7206 0 0)
(-71.1391 0 0)
(-78.3793 0 0)
(-83.2209 0 0)
(-84.4625 0 0)
(-81.3704 0 0)
(-66.11 0 0)
(-49.2835 0 0)
(-37.4393 0 0)
(-28.3141 0 0)
(-22.5253 0 0)
(-19.4953 0 0)
(-17.4404 0 0)
(-16.2289 0 0)
(-14.0562 0 0)
(-11.4163 0 0)
(-7.37397 0 0)
(-2.03979 0 0)
)
;

boundaryField
{
    sides
    {
        type            fixedValue;
        value           uniform (0 0 0);
    }
    empty
    {
        type            empty;
    }
}


// ************************************************************************* //
