/*--------------------------------*- C++ -*----------------------------------*\
| =========                 |                                                 |
| \\      /  F ield         | OpenFOAM: The Open Source CFD Toolbox           |
|  \\    /   O peration     | Version:  2412                                  |
|   \\  /    A nd           | Website:  www.openfoam.com                      |
|    \\/     M anipulation  |                                                 |
\*---------------------------------------------------------------------------*/
FoamFile
{
    version     2.0;
    format      ascii;
    arch        "LSB;label=32;scalar=64";
    class       volVectorField;
    location    "0.00280964";
    object      U;
}
// * * * * * * * * * * * * * * * * * * * * * * * * * * * * * * * * * * * * * //

dimensions      [0 1 -1 0 0 0 0];

internalField   nonuniform List<vector> 
100
(
(-6.59713e-15 0 0)
(1.45046e-14 0 0)
(5.18461e-14 0 0)
(5.23587e-14 0 0)
(-1.54749e-14 0 0)
(-3.85348e-14 0 0)
(-1.78151e-14 0 0)
(4.47684e-14 0 0)
(4.42263e-14 0 0)
(-6.6711e-15 0 0)
(-2.39113e-14 0 0)
(-4.96457e-14 0 0)
(-2.43988e-14 0 0)
(6.86213e-15 0 0)
(4.80916e-14 0 0)
(2.66544e-15 0 0)
(-1.8027e-14 0 0)
(8.43416e-15 0 0)
(-5.26409e-16 0 0)
(9.62065e-15 0 0)
(-7.76775e-15 0 0)
(-5.65557e-14 0 0)
(-7.82114e-15 0 0)
(2.29995e-14 0 0)
(1.32062e-13 0 0)
(1.08538e-13 0 0)
(1.75021e-13 0 0)
(1.26888e-13 0 0)
(7.16344e-14 0 0)
(7.74222e-14 0 0)
(1.4218e-13 0 0)
(6.43466e-14 0 0)
(-3.25728e-14 0 0)
(4.16467e-14 0 0)
(2.09355e-11 0 0)
(1.28902e-08 0 0)
(5.26334e-06 0 0)
(0.00115152 0 0)
(0.0980299 0 0)
(2.29642 0 0)
(14.755 0 0)
(39.9404 0 0)
(68.6776 0 0)
(97.9715 0 0)
(122.396 0 0)
(153.076 0 0)
(176.509 0 0)
(199.444 0 0)
(235.395 0 0)
(257.641 0 0)
(270.789 0 0)
(284.011 0 0)
(289.579 0 0)
(288.215 0 0)
(278.742 0 0)
(277.823 0 0)
(280.036 0 0)
(274.441 0 0)
(274.697 0 0)
(278.35 0 0)
(287.047 0 0)
(301.807 0 0)
(290.855 0 0)
(163.215 0 0)
(7.11962 0 0)
(0.0118382 0 0)
(2.50555e-06 0 0)
(2.04321e-10 0 0)
(1.63455e-13 0 0)
(2.30035e-13 0 0)
(8.29224e-14 0 0)
(-1.0636e-13 0 0)
(-1.11974e-13 0 0)
(1.57716e-14 0 0)
(9.1015e-14 0 0)
(5.57983e-14 0 0)
(-6.96508e-14 0 0)
(-2.0812e-14 0 0)
(-4.09348e-14 0 0)
(1.23103e-14 0 0)
(2.83702e-14 0 0)
(-1.64417e-13 0 0)
(-1.06711e-13 0 0)
(6.25681e-14 0 0)
(1.17201e-13 0 0)
(2.82247e-14 0 0)
(-1.78242e-13 0 0)
(-2.25926e-13 0 0)
(-1.32495e-13 0 0)
(-6.60499e-14 0 0)
(-1.90301e-13 0 0)
(-1.74076e-13 0 0)
(2.91491e-14 0 0)
(-1.43639e-14 0 0)
(4.93557e-15 0 0)
(-4.83214e-14 0 0)
(-8.9942e-14 0 0)
(2.14062e-14 0 0)
(-2.12646e-14 0 0)
(-9.94971e-14 0 0)
)
;

boundaryField
{
    sides
    {
        type            fixedValue;
        value           uniform (0 0 0);
    }
    empty
    {
        type            empty;
    }
}


// ************************************************************************* //
