/*--------------------------------*- C++ -*----------------------------------*\
| =========                 |                                                 |
| \\      /  F ield         | OpenFOAM: The Open Source CFD Toolbox           |
|  \\    /   O peration     | Version:  2412                                  |
|   \\  /    A nd           | Website:  www.openfoam.com                      |
|    \\/     M anipulation  |                                                 |
\*---------------------------------------------------------------------------*/
FoamFile
{
    version     2.0;
    format      ascii;
    arch        "LSB;label=32;scalar=64";
    class       volVectorField;
    location    "0.0390428";
    object      U;
}
// * * * * * * * * * * * * * * * * * * * * * * * * * * * * * * * * * * * * * //

dimensions      [0 1 -1 0 0 0 0];

internalField   nonuniform List<vector> 
100
(
(1.64875 0 0)
(4.86201 0 0)
(8.10981 0 0)
(11.3997 0 0)
(14.7427 0 0)
(18.1753 0 0)
(21.6916 0 0)
(25.191 0 0)
(28.6673 0 0)
(32.0992 0 0)
(35.5642 0 0)
(39.0026 0 0)
(42.4323 0 0)
(45.8367 0 0)
(49.242 0 0)
(52.6276 0 0)
(56.039 0 0)
(59.4417 0 0)
(62.829 0 0)
(66.2147 0 0)
(69.5977 0 0)
(72.9435 0 0)
(76.2441 0 0)
(79.5008 0 0)
(82.7741 0 0)
(86.3592 0 0)
(89.9972 0 0)
(77.3086 0 0)
(-92.5862 0 0)
(-178.83 0 0)
(-180.937 0 0)
(-174.638 0 0)
(-172.665 0 0)
(-171.04 0 0)
(-163.617 0 0)
(-155.299 0 0)
(-152.327 0 0)
(-151.734 0 0)
(-154.364 0 0)
(-159.028 0 0)
(-159.795 0 0)
(-158.438 0 0)
(-155.689 0 0)
(-147.505 0 0)
(-134.336 0 0)
(-127.85 0 0)
(-125.735 0 0)
(-126.334 0 0)
(-129.324 0 0)
(-130.936 0 0)
(-130.337 0 0)
(-129.074 0 0)
(-126.285 0 0)
(-120.845 0 0)
(-115.937 0 0)
(-114.355 0 0)
(-114.181 0 0)
(-113.81 0 0)
(-111.41 0 0)
(-106.19 0 0)
(-99.7841 0 0)
(-96.9146 0 0)
(-96.8467 0 0)
(-97.0107 0 0)
(-97.333 0 0)
(-92.7745 0 0)
(-88.2426 0 0)
(-81.3758 0 0)
(-79.627 0 0)
(-80.7615 0 0)
(-83.5076 0 0)
(-86.7478 0 0)
(-81.6002 0 0)
(-78.1775 0 0)
(-66.747 0 0)
(-60.5197 0 0)
(-57.9901 0 0)
(-57.3658 0 0)
(-59.2856 0 0)
(-58.8627 0 0)
(-58.6671 0 0)
(-55.5392 0 0)
(-52.7678 0 0)
(-50.6297 0 0)
(-48.9176 0 0)
(-46.8919 0 0)
(-43.7067 0 0)
(-39.4292 0 0)
(-36.1769 0 0)
(-34.8785 0 0)
(-34.2633 0 0)
(-32.7916 0 0)
(-31.1152 0 0)
(-29.0774 0 0)
(-26.6339 0 0)
(-26.6084 0 0)
(-28.8404 0 0)
(-26.3548 0 0)
(-17.5809 0 0)
(-4.11457 0 0)
)
;

boundaryField
{
    sides
    {
        type            fixedValue;
        value           uniform (0 0 0);
    }
    empty
    {
        type            empty;
    }
}


// ************************************************************************* //
