/*--------------------------------*- C++ -*----------------------------------*\
| =========                 |                                                 |
| \\      /  F ield         | OpenFOAM: The Open Source CFD Toolbox           |
|  \\    /   O peration     | Version:  2412                                  |
|   \\  /    A nd           | Website:  www.openfoam.com                      |
|    \\/     M anipulation  |                                                 |
\*---------------------------------------------------------------------------*/
FoamFile
{
    version     2.0;
    format      ascii;
    arch        "LSB;label=32;scalar=64";
    class       volVectorField;
    location    "0.00385919";
    object      U;
}
// * * * * * * * * * * * * * * * * * * * * * * * * * * * * * * * * * * * * * //

dimensions      [0 1 -1 0 0 0 0];

internalField   nonuniform List<vector> 
100
(
(1.3749e-15 0 0)
(-7.37591e-14 0 0)
(-1.48283e-13 0 0)
(-8.36292e-14 0 0)
(6.8585e-16 0 0)
(9.74833e-14 0 0)
(8.63916e-14 0 0)
(-3.33096e-15 0 0)
(-1.15973e-13 0 0)
(-1.11058e-13 0 0)
(-1.11577e-13 0 0)
(-6.57498e-14 0 0)
(-4.84728e-14 0 0)
(-4.90105e-14 0 0)
(-3.18811e-14 0 0)
(-6.12637e-14 0 0)
(-2.16633e-15 0 0)
(5.63981e-14 0 0)
(3.95169e-14 0 0)
(1.6147e-15 0 0)
(4.82618e-14 0 0)
(1.03379e-13 0 0)
(1.60153e-13 0 0)
(1.83203e-13 0 0)
(1.00185e-13 0 0)
(8.49437e-14 0 0)
(7.84477e-14 0 0)
(1.42676e-13 0 0)
(1.91564e-13 0 0)
(1.41326e-13 0 0)
(5.83939e-13 0 0)
(3.12121e-10 0 0)
(1.42815e-07 0 0)
(4.24458e-05 0 0)
(0.00623241 0 0)
(0.320118 0 0)
(4.34602 0 0)
(18.8914 0 0)
(41.2689 0 0)
(64.4331 0 0)
(85.5996 0 0)
(106.91 0 0)
(125.653 0 0)
(148.661 0 0)
(166.443 0 0)
(184.307 0 0)
(209.162 0 0)
(224.831 0 0)
(241.7 0 0)
(265.15 0 0)
(285.274 0 0)
(288.735 0 0)
(279.333 0 0)
(277.95 0 0)
(287.112 0 0)
(286.886 0 0)
(281.826 0 0)
(276.53 0 0)
(277.15 0 0)
(281.2 0 0)
(286.049 0 0)
(285.251 0 0)
(276.871 0 0)
(274.133 0 0)
(274.628 0 0)
(278.95 0 0)
(296.307 0 0)
(293.455 0 0)
(197.624 0 0)
(16.1077 0 0)
(0.044342 0 0)
(1.21989e-05 0 0)
(9.66147e-10 0 0)
(5.33696e-14 0 0)
(-1.26718e-13 0 0)
(7.69298e-14 0 0)
(-2.08751e-14 0 0)
(-6.64395e-15 0 0)
(-6.92805e-14 0 0)
(-1.62833e-13 0 0)
(-1.32339e-13 0 0)
(-2.41601e-14 0 0)
(6.8304e-14 0 0)
(-1.19569e-13 0 0)
(-1.35128e-13 0 0)
(-2.10234e-13 0 0)
(-2.40673e-13 0 0)
(-1.27335e-13 0 0)
(-1.95521e-13 0 0)
(-1.92393e-13 0 0)
(-2.9357e-14 0 0)
(-7.66776e-14 0 0)
(-1.8088e-13 0 0)
(-2.30658e-13 0 0)
(-2.82009e-13 0 0)
(-1.60833e-13 0 0)
(-2.69897e-14 0 0)
(-2.74406e-14 0 0)
(-9.15419e-14 0 0)
(-1.41836e-13 0 0)
)
;

boundaryField
{
    sides
    {
        type            fixedValue;
        value           uniform (0 0 0);
    }
    empty
    {
        type            empty;
    }
}


// ************************************************************************* //
