/*--------------------------------*- C++ -*----------------------------------*\
| =========                 |                                                 |
| \\      /  F ield         | OpenFOAM: The Open Source CFD Toolbox           |
|  \\    /   O peration     | Version:  2412                                  |
|   \\  /    A nd           | Website:  www.openfoam.com                      |
|    \\/     M anipulation  |                                                 |
\*---------------------------------------------------------------------------*/
FoamFile
{
    version     2.0;
    format      ascii;
    arch        "LSB;label=32;scalar=64";
    class       volVectorField;
    location    "0.00567173";
    object      U;
}
// * * * * * * * * * * * * * * * * * * * * * * * * * * * * * * * * * * * * * //

dimensions      [0 1 -1 0 0 0 0];

internalField   nonuniform List<vector> 
100
(
(5.07799e-14 0 0)
(6.39179e-14 0 0)
(-4.32308e-14 0 0)
(-2.30442e-13 0 0)
(-1.86528e-13 0 0)
(-1.44728e-13 0 0)
(-1.63296e-13 0 0)
(-1.7287e-13 0 0)
(-2.29137e-13 0 0)
(-1.6787e-13 0 0)
(-1.03529e-13 0 0)
(-8.18001e-14 0 0)
(-7.28918e-14 0 0)
(-5.68387e-14 0 0)
(-4.00287e-14 0 0)
(-6.17733e-14 0 0)
(-3.4509e-14 0 0)
(7.32222e-14 0 0)
(1.70035e-13 0 0)
(1.63605e-13 0 0)
(1.04348e-13 0 0)
(1.75651e-13 0 0)
(2.32361e-13 0 0)
(2.47852e-13 0 0)
(3.84527e-13 0 0)
(6.99563e-11 0 0)
(3.18821e-08 0 0)
(1.01974e-05 0 0)
(0.00176529 0 0)
(0.117884 0 0)
(2.17108 0 0)
(11.7684 0 0)
(28.7619 0 0)
(46.7682 0 0)
(63.0331 0 0)
(78.0098 0 0)
(92.2438 0 0)
(106.686 0 0)
(120.305 0 0)
(135.66 0 0)
(148.402 0 0)
(163.875 0 0)
(177.369 0 0)
(189.652 0 0)
(204.875 0 0)
(218.078 0 0)
(232.369 0 0)
(243.392 0 0)
(260.528 0 0)
(275.718 0 0)
(284.381 0 0)
(280.896 0 0)
(278.237 0 0)
(285.667 0 0)
(287.661 0 0)
(283.732 0 0)
(277.889 0 0)
(278.326 0 0)
(287.293 0 0)
(288.335 0 0)
(286.483 0 0)
(279.19 0 0)
(277.987 0 0)
(279.514 0 0)
(282.877 0 0)
(282.573 0 0)
(277.097 0 0)
(277.473 0 0)
(279.077 0 0)
(282.237 0 0)
(285.722 0 0)
(285.907 0 0)
(281.836 0 0)
(276.462 0 0)
(278.452 0 0)
(289.33 0 0)
(281.07 0 0)
(165.847 0 0)
(8.63519 0 0)
(0.0164606 0 0)
(3.80703e-06 0 0)
(3.06193e-10 0 0)
(-1.80149e-13 0 0)
(-1.46872e-13 0 0)
(-1.33548e-13 0 0)
(-1.53647e-13 0 0)
(-4.23937e-14 0 0)
(-7.74394e-14 0 0)
(-2.16656e-13 0 0)
(-3.13437e-13 0 0)
(-3.34583e-13 0 0)
(-3.1056e-13 0 0)
(-2.09292e-13 0 0)
(-1.15871e-13 0 0)
(-2.75213e-13 0 0)
(-4.02101e-13 0 0)
(-4.73729e-13 0 0)
(-3.18058e-13 0 0)
(-1.27549e-13 0 0)
(-4.22742e-14 0 0)
)
;

boundaryField
{
    sides
    {
        type            fixedValue;
        value           uniform (0 0 0);
    }
    empty
    {
        type            empty;
    }
}


// ************************************************************************* //
