/*--------------------------------*- C++ -*----------------------------------*\
| =========                 |                                                 |
| \\      /  F ield         | OpenFOAM: The Open Source CFD Toolbox           |
|  \\    /   O peration     | Version:  2412                                  |
|   \\  /    A nd           | Website:  www.openfoam.com                      |
|    \\/     M anipulation  |                                                 |
\*---------------------------------------------------------------------------*/
FoamFile
{
    version     2.0;
    format      ascii;
    arch        "LSB;label=32;scalar=64";
    class       volVectorField;
    location    "0.053788";
    object      U;
}
// * * * * * * * * * * * * * * * * * * * * * * * * * * * * * * * * * * * * * //

dimensions      [0 1 -1 0 0 0 0];

internalField   nonuniform List<vector> 
100
(
(8.54075 0 0)
(13.9271 0 0)
(3.96116 0 0)
(-16.4953 0 0)
(-27.4263 0 0)
(-19.3355 0 0)
(-0.227562 0 0)
(19.1034 0 0)
(24.1423 0 0)
(17.9437 0 0)
(3.1237 0 0)
(-10.3496 0 0)
(-10.0027 0 0)
(-2.81201 0 0)
(3.00816 0 0)
(-4.50849 0 0)
(-9.37842 0 0)
(-16.0267 0 0)
(-62.168 0 0)
(-190.779 0 0)
(-222.164 0 0)
(-224.914 0 0)
(-227.867 0 0)
(-226.892 0 0)
(-225.126 0 0)
(-218.978 0 0)
(-211.097 0 0)
(-208.25 0 0)
(-208.384 0 0)
(-225.923 0 0)
(-242.928 0 0)
(-243.726 0 0)
(-241.829 0 0)
(-239.716 0 0)
(-230.335 0 0)
(-201.214 0 0)
(-178.267 0 0)
(-171.745 0 0)
(-169.85 0 0)
(-169.341 0 0)
(-168.395 0 0)
(-166.873 0 0)
(-162.91 0 0)
(-158.018 0 0)
(-155.433 0 0)
(-154.514 0 0)
(-153.667 0 0)
(-153.295 0 0)
(-154.028 0 0)
(-154.838 0 0)
(-154.44 0 0)
(-153.411 0 0)
(-151.445 0 0)
(-145.961 0 0)
(-134.86 0 0)
(-126.437 0 0)
(-122.25 0 0)
(-120.118 0 0)
(-119.277 0 0)
(-118.551 0 0)
(-118.264 0 0)
(-118.16 0 0)
(-117.559 0 0)
(-115.71 0 0)
(-111.472 0 0)
(-105.147 0 0)
(-100.369 0 0)
(-96.9879 0 0)
(-94.2891 0 0)
(-91.9392 0 0)
(-89.2889 0 0)
(-86.1266 0 0)
(-83.0008 0 0)
(-79.594 0 0)
(-76.7258 0 0)
(-73.3843 0 0)
(-70.5669 0 0)
(-67.4086 0 0)
(-64.6576 0 0)
(-61.9822 0 0)
(-58.7894 0 0)
(-56.534 0 0)
(-52.7954 0 0)
(-50.129 0 0)
(-46.7162 0 0)
(-43.3946 0 0)
(-40.3536 0 0)
(-36.9496 0 0)
(-34.5643 0 0)
(-31.1889 0 0)
(-28.7296 0 0)
(-25.6985 0 0)
(-23.2317 0 0)
(-20.175 0 0)
(-17.0689 0 0)
(-13.6572 0 0)
(-9.8474 0 0)
(-6.74889 0 0)
(-3.45964 0 0)
(-1.39835 0 0)
)
;

boundaryField
{
    sides
    {
        type            fixedValue;
        value           uniform (0 0 0);
    }
    empty
    {
        type            empty;
    }
}


// ************************************************************************* //
