/*--------------------------------*- C++ -*----------------------------------*\
| =========                 |                                                 |
| \\      /  F ield         | OpenFOAM: The Open Source CFD Toolbox           |
|  \\    /   O peration     | Version:  2412                                  |
|   \\  /    A nd           | Website:  www.openfoam.com                      |
|    \\/     M anipulation  |                                                 |
\*---------------------------------------------------------------------------*/
FoamFile
{
    version     2.0;
    format      ascii;
    arch        "LSB;label=32;scalar=64";
    class       volVectorField;
    location    "0.0278585";
    object      U;
}
// * * * * * * * * * * * * * * * * * * * * * * * * * * * * * * * * * * * * * //

dimensions      [0 1 -1 0 0 0 0];

internalField   nonuniform List<vector> 
100
(
(2.51215 0 0)
(7.58607 0 0)
(12.6075 0 0)
(17.6515 0 0)
(22.6541 0 0)
(27.7103 0 0)
(32.6638 0 0)
(37.8044 0 0)
(42.687 0 0)
(47.9915 0 0)
(52.7347 0 0)
(58.1164 0 0)
(62.8024 0 0)
(68.1289 0 0)
(73.0276 0 0)
(78.1401 0 0)
(83.2873 0 0)
(88.1652 0 0)
(93.4688 0 0)
(98.2496 0 0)
(103.605 0 0)
(108.42 0 0)
(113.735 0 0)
(118.615 0 0)
(123.87 0 0)
(128.834 0 0)
(134.012 0 0)
(139.026 0 0)
(144.166 0 0)
(149.22 0 0)
(154.35 0 0)
(159.432 0 0)
(164.537 0 0)
(169.608 0 0)
(174.665 0 0)
(179.676 0 0)
(184.67 0 0)
(189.686 0 0)
(194.715 0 0)
(199.787 0 0)
(204.995 0 0)
(210.272 0 0)
(215.235 0 0)
(220.041 0 0)
(224.845 0 0)
(229.312 0 0)
(233.16 0 0)
(236.172 0 0)
(238.678 0 0)
(240.064 0 0)
(241.503 0 0)
(246.635 0 0)
(252.071 0 0)
(253.48 0 0)
(253.18 0 0)
(253.265 0 0)
(253.801 0 0)
(258.232 0 0)
(274.811 0 0)
(286.936 0 0)
(292.977 0 0)
(272.077 0 0)
(100.247 0 0)
(18.4102 0 0)
(-2.70502 0 0)
(-2.71715 0 0)
(-5.25754 0 0)
(-8.59658 0 0)
(-1.69145 0 0)
(-8.06587 0 0)
(-1.10549 0 0)
(-2.16198 0 0)
(1.9309 0 0)
(9.10268 0 0)
(4.5343 0 0)
(8.16318 0 0)
(-2.33935 0 0)
(-4.30463 0 0)
(-2.06485 0 0)
(0.32771 0 0)
(5.65216 0 0)
(3.35873 0 0)
(0.435911 0 0)
(-5.1891 0 0)
(-7.50292 0 0)
(-3.60495 0 0)
(2.19143 0 0)
(4.59521 0 0)
(6.48412 0 0)
(3.01159 0 0)
(-1.95692 0 0)
(-3.3905 0 0)
(-2.68751 0 0)
(-0.442109 0 0)
(0.121507 0 0)
(-0.742686 0 0)
(-1.44927 0 0)
(-2.87429 0 0)
(-2.14508 0 0)
(-0.374286 0 0)
)
;

boundaryField
{
    sides
    {
        type            fixedValue;
        value           uniform (0 0 0);
    }
    empty
    {
        type            empty;
    }
}


// ************************************************************************* //
