/*--------------------------------*- C++ -*----------------------------------*\
| =========                 |                                                 |
| \\      /  F ield         | OpenFOAM: The Open Source CFD Toolbox           |
|  \\    /   O peration     | Version:  2412                                  |
|   \\  /    A nd           | Website:  www.openfoam.com                      |
|    \\/     M anipulation  |                                                 |
\*---------------------------------------------------------------------------*/
FoamFile
{
    version     2.0;
    format      ascii;
    arch        "LSB;label=32;scalar=64";
    class       volVectorField;
    location    "0.00213182";
    object      U;
}
// * * * * * * * * * * * * * * * * * * * * * * * * * * * * * * * * * * * * * //

dimensions      [0 1 -1 0 0 0 0];

internalField   nonuniform List<vector> 
100
(
(-6.49858e-15 0 0)
(-6.54536e-14 0 0)
(4.13665e-15 0 0)
(8.42449e-14 0 0)
(8.02081e-14 0 0)
(2.52926e-14 0 0)
(-1.96461e-15 0 0)
(-6.6666e-14 0 0)
(2.81766e-14 0 0)
(2.52587e-14 0 0)
(1.60087e-14 0 0)
(-1.78921e-14 0 0)
(-8.3971e-15 0 0)
(-3.29155e-14 0 0)
(8.13123e-15 0 0)
(8.25033e-14 0 0)
(2.18747e-14 0 0)
(-2.35029e-14 0 0)
(-4.84671e-14 0 0)
(1.69988e-15 0 0)
(-4.76345e-14 0 0)
(-3.27202e-14 0 0)
(8.03039e-15 0 0)
(3.90541e-14 0 0)
(5.22252e-14 0 0)
(1.00594e-13 0 0)
(6.3364e-14 0 0)
(7.10172e-14 0 0)
(3.1628e-14 0 0)
(5.59536e-15 0 0)
(6.22597e-14 0 0)
(9.63248e-14 0 0)
(1.35118e-13 0 0)
(9.73026e-14 0 0)
(3.43347e-15 0 0)
(-8.63464e-14 0 0)
(2.64261e-12 0 0)
(2.44216e-09 0 0)
(1.35266e-06 0 0)
(0.000401335 0 0)
(0.0473975 0 0)
(1.57937 0 0)
(13.1959 0 0)
(41.3073 0 0)
(75.3764 0 0)
(113.184 0 0)
(142.459 0 0)
(178.078 0 0)
(216.26 0 0)
(238.821 0 0)
(280.278 0 0)
(295.262 0 0)
(282.902 0 0)
(273.495 0 0)
(273.069 0 0)
(275.563 0 0)
(283.92 0 0)
(295.44 0 0)
(302.156 0 0)
(268.678 0 0)
(86.5068 0 0)
(1.11513 0 0)
(0.000772767 0 0)
(1.00471e-07 0 0)
(1.05308e-11 0 0)
(5.30426e-14 0 0)
(-4.74937e-14 0 0)
(-2.81321e-14 0 0)
(-7.42801e-15 0 0)
(-7.15082e-15 0 0)
(2.00649e-14 0 0)
(2.64044e-14 0 0)
(-4.25351e-14 0 0)
(-6.80616e-14 0 0)
(1.441e-14 0 0)
(6.97622e-14 0 0)
(-2.08379e-14 0 0)
(-2.79544e-14 0 0)
(-5.50196e-14 0 0)
(1.25549e-14 0 0)
(9.14904e-14 0 0)
(3.12288e-14 0 0)
(-1.60475e-14 0 0)
(-7.70579e-14 0 0)
(-8.42198e-15 0 0)
(7.71023e-14 0 0)
(-2.45986e-14 0 0)
(-6.52338e-14 0 0)
(-7.64647e-14 0 0)
(-1.50131e-13 0 0)
(-1.97508e-13 0 0)
(-1.39135e-13 0 0)
(6.42365e-14 0 0)
(1.3273e-13 0 0)
(5.29434e-15 0 0)
(-4.84208e-14 0 0)
(-4.85509e-14 0 0)
(2.86435e-14 0 0)
(3.49055e-14 0 0)
(-4.36473e-14 0 0)
)
;

boundaryField
{
    sides
    {
        type            fixedValue;
        value           uniform (0 0 0);
    }
    empty
    {
        type            empty;
    }
}


// ************************************************************************* //
