/*--------------------------------*- C++ -*----------------------------------*\
| =========                 |                                                 |
| \\      /  F ield         | OpenFOAM: The Open Source CFD Toolbox           |
|  \\    /   O peration     | Version:  2412                                  |
|   \\  /    A nd           | Website:  www.openfoam.com                      |
|    \\/     M anipulation  |                                                 |
\*---------------------------------------------------------------------------*/
FoamFile
{
    version     2.0;
    format      ascii;
    arch        "LSB;label=32;scalar=64";
    class       volVectorField;
    location    "0.0256401";
    object      U;
}
// * * * * * * * * * * * * * * * * * * * * * * * * * * * * * * * * * * * * * //

dimensions      [0 1 -1 0 0 0 0];

internalField   nonuniform List<vector> 
100
(
(2.79348 0 0)
(8.41183 0 0)
(13.9733 0 0)
(19.5482 0 0)
(25.1294 0 0)
(30.7188 0 0)
(36.3107 0 0)
(41.9647 0 0)
(47.4813 0 0)
(53.2248 0 0)
(58.6144 0 0)
(64.4837 0 0)
(69.7174 0 0)
(75.6156 0 0)
(80.8616 0 0)
(86.6901 0 0)
(92.2032 0 0)
(97.7671 0 0)
(103.485 0 0)
(108.844 0 0)
(114.678 0 0)
(119.966 0 0)
(125.844 0 0)
(131.198 0 0)
(136.995 0 0)
(142.399 0 0)
(148.122 0 0)
(153.646 0 0)
(159.42 0 0)
(165.104 0 0)
(170.917 0 0)
(176.59 0 0)
(182.192 0 0)
(187.576 0 0)
(192.855 0 0)
(198.01 0 0)
(203.097 0 0)
(208.208 0 0)
(213.696 0 0)
(219.867 0 0)
(226.811 0 0)
(233.413 0 0)
(238.128 0 0)
(241.679 0 0)
(246.913 0 0)
(259.127 0 0)
(279.548 0 0)
(286.545 0 0)
(289.376 0 0)
(290.409 0 0)
(289.965 0 0)
(289.29 0 0)
(287.716 0 0)
(283.281 0 0)
(280.869 0 0)
(281.581 0 0)
(282.001 0 0)
(281.505 0 0)
(281.326 0 0)
(284.204 0 0)
(286.246 0 0)
(282.974 0 0)
(279.817 0 0)
(282.556 0 0)
(287.484 0 0)
(291.346 0 0)
(198.945 0 0)
(39.3624 0 0)
(13.2246 0 0)
(0.127132 0 0)
(15.3219 0 0)
(8.31643 0 0)
(4.66207 0 0)
(3.7901 0 0)
(-14.4535 0 0)
(-10.5707 0 0)
(-12.9561 0 0)
(-4.30505 0 0)
(3.16555 0 0)
(4.36001 0 0)
(10.7164 0 0)
(8.15672 0 0)
(4.55739 0 0)
(-0.359079 0 0)
(-5.56394 0 0)
(-3.32065 0 0)
(-0.515087 0 0)
(0.626674 0 0)
(4.17729 0 0)
(2.37024 0 0)
(-2.3611 0 0)
(-4.44157 0 0)
(-4.70931 0 0)
(-3.6562 0 0)
(-1.25402 0 0)
(1.25385 0 0)
(4.65452 0 0)
(6.20174 0 0)
(6.58621 0 0)
(3.09013 0 0)
)
;

boundaryField
{
    sides
    {
        type            fixedValue;
        value           uniform (0 0 0);
    }
    empty
    {
        type            empty;
    }
}


// ************************************************************************* //
