/*--------------------------------*- C++ -*----------------------------------*\
| =========                 |                                                 |
| \\      /  F ield         | OpenFOAM: The Open Source CFD Toolbox           |
|  \\    /   O peration     | Version:  2412                                  |
|   \\  /    A nd           | Website:  www.openfoam.com                      |
|    \\/     M anipulation  |                                                 |
\*---------------------------------------------------------------------------*/
FoamFile
{
    version     2.0;
    format      ascii;
    arch        "LSB;label=32;scalar=64";
    class       volVectorField;
    location    "0.0473914";
    object      U;
}
// * * * * * * * * * * * * * * * * * * * * * * * * * * * * * * * * * * * * * //

dimensions      [0 1 -1 0 0 0 0];

internalField   nonuniform List<vector> 
100
(
(24.345 0 0)
(50.4049 0 0)
(-13.8437 0 0)
(-169.215 0 0)
(-229.297 0 0)
(-227.038 0 0)
(-236.02 0 0)
(-247.02 0 0)
(-247.454 0 0)
(-245.142 0 0)
(-242.012 0 0)
(-232.758 0 0)
(-226.043 0 0)
(-223.774 0 0)
(-223.132 0 0)
(-226.116 0 0)
(-228.475 0 0)
(-227.571 0 0)
(-225.023 0 0)
(-217.353 0 0)
(-209.132 0 0)
(-206.648 0 0)
(-205.875 0 0)
(-210.4 0 0)
(-213.68 0 0)
(-212.747 0 0)
(-209.549 0 0)
(-200.529 0 0)
(-191.722 0 0)
(-188.715 0 0)
(-188.264 0 0)
(-196.469 0 0)
(-205.398 0 0)
(-205.574 0 0)
(-203.424 0 0)
(-195.924 0 0)
(-179.135 0 0)
(-169.529 0 0)
(-166.315 0 0)
(-165.279 0 0)
(-166.76 0 0)
(-174.691 0 0)
(-178.863 0 0)
(-178.175 0 0)
(-176.345 0 0)
(-172.723 0 0)
(-168.695 0 0)
(-166.157 0 0)
(-164.221 0 0)
(-160.666 0 0)
(-156.075 0 0)
(-153.179 0 0)
(-152.079 0 0)
(-152.414 0 0)
(-153.623 0 0)
(-153.101 0 0)
(-150.796 0 0)
(-145.293 0 0)
(-139.572 0 0)
(-137.122 0 0)
(-138.496 0 0)
(-151.083 0 0)
(-160.894 0 0)
(-161.458 0 0)
(-159.518 0 0)
(-154.074 0 0)
(-137.11 0 0)
(-117.092 0 0)
(-105.524 0 0)
(-99.5346 0 0)
(-96.4503 0 0)
(-92.3264 0 0)
(-89.5169 0 0)
(-86.6701 0 0)
(-85.2012 0 0)
(-83.9889 0 0)
(-82.6841 0 0)
(-82.7714 0 0)
(-79.9743 0 0)
(-77.2165 0 0)
(-71.894 0 0)
(-66.203 0 0)
(-60.1738 0 0)
(-55.0257 0 0)
(-52.1783 0 0)
(-49.535 0 0)
(-48.8382 0 0)
(-46.7312 0 0)
(-44.1435 0 0)
(-40.2964 0 0)
(-36.4301 0 0)
(-31.9282 0 0)
(-27.7466 0 0)
(-23.4021 0 0)
(-19.772 0 0)
(-16.2774 0 0)
(-12.4399 0 0)
(-9.18045 0 0)
(-5.28015 0 0)
(-2.0309 0 0)
)
;

boundaryField
{
    sides
    {
        type            fixedValue;
        value           uniform (0 0 0);
    }
    empty
    {
        type            empty;
    }
}


// ************************************************************************* //
