/*--------------------------------*- C++ -*----------------------------------*\
| =========                 |                                                 |
| \\      /  F ield         | OpenFOAM: The Open Source CFD Toolbox           |
|  \\    /   O peration     | Version:  2412                                  |
|   \\  /    A nd           | Website:  www.openfoam.com                      |
|    \\/     M anipulation  |                                                 |
\*---------------------------------------------------------------------------*/
FoamFile
{
    version     2.0;
    format      ascii;
    arch        "LSB;label=32;scalar=64";
    class       volVectorField;
    location    "0.00151565";
    object      U;
}
// * * * * * * * * * * * * * * * * * * * * * * * * * * * * * * * * * * * * * //

dimensions      [0 1 -1 0 0 0 0];

internalField   nonuniform List<vector> 
100
(
(4.15327e-14 0 0)
(-1.74613e-14 0 0)
(-3.98804e-15 0 0)
(4.42416e-14 0 0)
(2.42332e-14 0 0)
(7.33503e-14 0 0)
(-4.1809e-14 0 0)
(-5.88173e-14 0 0)
(2.0194e-14 0 0)
(9.30944e-15 0 0)
(3.19005e-14 0 0)
(1.40095e-14 0 0)
(-1.6522e-14 0 0)
(-4.8657e-14 0 0)
(6.9176e-17 0 0)
(2.68276e-14 0 0)
(5.36781e-14 0 0)
(2.58192e-16 0 0)
(-3.24508e-14 0 0)
(-4.60885e-14 0 0)
(1.61399e-14 0 0)
(7.90071e-14 0 0)
(1.59949e-14 0 0)
(-4.87117e-14 0 0)
(4.44155e-15 0 0)
(5.28199e-14 0 0)
(7.46237e-15 0 0)
(-4.08292e-14 0 0)
(3.14805e-14 0 0)
(4.57758e-14 0 0)
(8.62038e-14 0 0)
(7.23703e-14 0 0)
(3.93326e-14 0 0)
(8.11177e-14 0 0)
(3.53394e-14 0 0)
(-3.02324e-14 0 0)
(-5.33796e-14 0 0)
(-8.1561e-14 0 0)
(4.07969e-13 0 0)
(8.11929e-10 0 0)
(6.9866e-07 0 0)
(0.000287521 0 0)
(0.0430333 0 0)
(1.71747 0 0)
(15.7184 0 0)
(51.2466 0 0)
(92.2531 0 0)
(144.606 0 0)
(183.294 0 0)
(225.092 0 0)
(279.188 0 0)
(282.557 0 0)
(277.303 0 0)
(282.474 0 0)
(295.243 0 0)
(300.879 0 0)
(265.146 0 0)
(78.9883 0 0)
(0.95884 0 0)
(0.000730828 0 0)
(1.25209e-07 0 0)
(1.51183e-11 0 0)
(1.45104e-14 0 0)
(2.79516e-14 0 0)
(5.23809e-14 0 0)
(1.08653e-13 0 0)
(-5.82305e-15 0 0)
(-7.17355e-15 0 0)
(-4.23689e-14 0 0)
(-4.89232e-14 0 0)
(-8.44667e-16 0 0)
(-2.26117e-14 0 0)
(4.13717e-14 0 0)
(-1.21564e-14 0 0)
(-2.03527e-14 0 0)
(2.77037e-14 0 0)
(-7.03254e-15 0 0)
(6.98173e-15 0 0)
(-3.36991e-14 0 0)
(-1.53574e-14 0 0)
(6.32394e-14 0 0)
(1.01045e-13 0 0)
(4.90212e-15 0 0)
(-1.40068e-13 0 0)
(-3.61408e-14 0 0)
(6.31666e-14 0 0)
(9.39364e-14 0 0)
(4.80092e-15 0 0)
(-1.25393e-13 0 0)
(-1.64044e-13 0 0)
(-9.28766e-14 0 0)
(-6.44117e-15 0 0)
(7.83569e-14 0 0)
(2.08104e-14 0 0)
(-5.76083e-14 0 0)
(-1.33818e-14 0 0)
(1.42771e-14 0 0)
(5.6759e-14 0 0)
(-1.59191e-16 0 0)
(-7.85794e-14 0 0)
)
;

boundaryField
{
    sides
    {
        type            fixedValue;
        value           uniform (0 0 0);
    }
    empty
    {
        type            empty;
    }
}


// ************************************************************************* //
