/*--------------------------------*- C++ -*----------------------------------*\
| =========                 |                                                 |
| \\      /  F ield         | OpenFOAM: The Open Source CFD Toolbox           |
|  \\    /   O peration     | Version:  2412                                  |
|   \\  /    A nd           | Website:  www.openfoam.com                      |
|    \\/     M anipulation  |                                                 |
\*---------------------------------------------------------------------------*/
FoamFile
{
    version     2.0;
    format      ascii;
    arch        "LSB;label=32;scalar=64";
    class       volVectorField;
    location    "0.0401864";
    object      U;
}
// * * * * * * * * * * * * * * * * * * * * * * * * * * * * * * * * * * * * * //

dimensions      [0 1 -1 0 0 0 0];

internalField   nonuniform List<vector> 
100
(
(1.51813 0 0)
(4.63175 0 0)
(7.83252 0 0)
(11.1402 0 0)
(14.5327 0 0)
(17.9565 0 0)
(21.3722 0 0)
(24.7529 0 0)
(28.0794 0 0)
(31.3414 0 0)
(34.5345 0 0)
(37.673 0 0)
(40.799 0 0)
(43.9742 0 0)
(47.2015 0 0)
(50.4739 0 0)
(53.7834 0 0)
(57.1103 0 0)
(60.4372 0 0)
(63.7465 0 0)
(67.0824 0 0)
(70.8213 0 0)
(74.059 0 0)
(25.4988 0 0)
(-155.262 0 0)
(-200.314 0 0)
(-197.474 0 0)
(-187.973 0 0)
(-182.018 0 0)
(-174.684 0 0)
(-169.025 0 0)
(-166.866 0 0)
(-167.461 0 0)
(-173.941 0 0)
(-177.767 0 0)
(-176.999 0 0)
(-175.229 0 0)
(-170.994 0 0)
(-158.634 0 0)
(-146.778 0 0)
(-142.354 0 0)
(-141.137 0 0)
(-142.678 0 0)
(-147.248 0 0)
(-148.975 0 0)
(-148.124 0 0)
(-146.581 0 0)
(-142.791 0 0)
(-136.708 0 0)
(-132.436 0 0)
(-131.286 0 0)
(-131.739 0 0)
(-131.464 0 0)
(-129.236 0 0)
(-123.402 0 0)
(-116.788 0 0)
(-113.791 0 0)
(-113.764 0 0)
(-114.953 0 0)
(-114.921 0 0)
(-111.931 0 0)
(-105.978 0 0)
(-99.4504 0 0)
(-96.3424 0 0)
(-97.4532 0 0)
(-101.379 0 0)
(-104.337 0 0)
(-101.962 0 0)
(-97.8347 0 0)
(-87.4686 0 0)
(-78.9584 0 0)
(-75.9328 0 0)
(-73.1346 0 0)
(-76.7775 0 0)
(-77.5304 0 0)
(-77.7905 0 0)
(-76.1686 0 0)
(-73.0453 0 0)
(-70.5725 0 0)
(-66.7839 0 0)
(-65.7853 0 0)
(-61.3995 0 0)
(-57.4289 0 0)
(-54.2993 0 0)
(-52.9077 0 0)
(-51.6519 0 0)
(-51.459 0 0)
(-50.5909 0 0)
(-46.3465 0 0)
(-43.1208 0 0)
(-43.0541 0 0)
(-44.2256 0 0)
(-46.6528 0 0)
(-51.1249 0 0)
(-50.4162 0 0)
(-47.0133 0 0)
(-37.3984 0 0)
(-24.8508 0 0)
(-13.756 0 0)
(-9.08183 0 0)
)
;

boundaryField
{
    sides
    {
        type            fixedValue;
        value           uniform (0 0 0);
    }
    empty
    {
        type            empty;
    }
}


// ************************************************************************* //
