/*--------------------------------*- C++ -*----------------------------------*\
| =========                 |                                                 |
| \\      /  F ield         | OpenFOAM: The Open Source CFD Toolbox           |
|  \\    /   O peration     | Version:  2412                                  |
|   \\  /    A nd           | Website:  www.openfoam.com                      |
|    \\/     M anipulation  |                                                 |
\*---------------------------------------------------------------------------*/
FoamFile
{
    version     2.0;
    format      ascii;
    arch        "LSB;label=32;scalar=64";
    class       volVectorField;
    location    "0.0469026";
    object      U;
}
// * * * * * * * * * * * * * * * * * * * * * * * * * * * * * * * * * * * * * //

dimensions      [0 1 -1 0 0 0 0];

internalField   nonuniform List<vector> 
100
(
(-50.8221 0 0)
(-61.311 0 0)
(-213.381 0 0)
(-250.96 0 0)
(-233.562 0 0)
(-224.099 0 0)
(-222.337 0 0)
(-220.613 0 0)
(-222.466 0 0)
(-234.868 0 0)
(-241.575 0 0)
(-240.549 0 0)
(-238.687 0 0)
(-233.761 0 0)
(-224.469 0 0)
(-219.835 0 0)
(-218.072 0 0)
(-218.49 0 0)
(-221.774 0 0)
(-222.559 0 0)
(-220.937 0 0)
(-216.868 0 0)
(-207.334 0 0)
(-202.225 0 0)
(-200.288 0 0)
(-201.691 0 0)
(-206.465 0 0)
(-207.132 0 0)
(-205.147 0 0)
(-199.538 0 0)
(-189.228 0 0)
(-184.011 0 0)
(-182.267 0 0)
(-185.538 0 0)
(-196.273 0 0)
(-199.784 0 0)
(-198.467 0 0)
(-194.235 0 0)
(-180.781 0 0)
(-167.089 0 0)
(-161.827 0 0)
(-160.017 0 0)
(-160.029 0 0)
(-165.716 0 0)
(-171.879 0 0)
(-172.526 0 0)
(-171.168 0 0)
(-168.259 0 0)
(-164.108 0 0)
(-160.945 0 0)
(-159.043 0 0)
(-156.181 0 0)
(-151.783 0 0)
(-148.043 0 0)
(-146.506 0 0)
(-146.23 0 0)
(-147.33 0 0)
(-147.28 0 0)
(-145.568 0 0)
(-140.964 0 0)
(-134.774 0 0)
(-131.557 0 0)
(-131.502 0 0)
(-140.802 0 0)
(-152.701 0 0)
(-154.916 0 0)
(-153.482 0 0)
(-148.861 0 0)
(-135.281 0 0)
(-114.873 0 0)
(-101.544 0 0)
(-94.1511 0 0)
(-90.9609 0 0)
(-86.881 0 0)
(-83.4875 0 0)
(-80.824 0 0)
(-78.7954 0 0)
(-78.4183 0 0)
(-76.3925 0 0)
(-76.477 0 0)
(-74.3999 0 0)
(-71.4231 0 0)
(-65.1868 0 0)
(-58.3481 0 0)
(-53.958 0 0)
(-49.1284 0 0)
(-46.3597 0 0)
(-43.8094 0 0)
(-42.5277 0 0)
(-40.2409 0 0)
(-37.3366 0 0)
(-33.248 0 0)
(-29.0037 0 0)
(-24.6629 0 0)
(-20.5047 0 0)
(-16.7561 0 0)
(-12.9401 0 0)
(-9.61958 0 0)
(-5.56684 0 0)
(-2.05497 0 0)
)
;

boundaryField
{
    sides
    {
        type            fixedValue;
        value           uniform (0 0 0);
    }
    empty
    {
        type            empty;
    }
}


// ************************************************************************* //
