/*--------------------------------*- C++ -*----------------------------------*\
| =========                 |                                                 |
| \\      /  F ield         | OpenFOAM: The Open Source CFD Toolbox           |
|  \\    /   O peration     | Version:  2412                                  |
|   \\  /    A nd           | Website:  www.openfoam.com                      |
|    \\/     M anipulation  |                                                 |
\*---------------------------------------------------------------------------*/
FoamFile
{
    version     2.0;
    format      ascii;
    arch        "LSB;label=32;scalar=64";
    class       volVectorField;
    location    "0.00699732";
    object      U;
}
// * * * * * * * * * * * * * * * * * * * * * * * * * * * * * * * * * * * * * //

dimensions      [0 1 -1 0 0 0 0];

internalField   nonuniform List<vector> 
100
(
(-6.34628e-14 0 0)
(-1.16237e-13 0 0)
(-1.08711e-13 0 0)
(-6.6692e-14 0 0)
(-1.29283e-13 0 0)
(-7.9147e-14 0 0)
(-1.14311e-13 0 0)
(-1.15715e-13 0 0)
(-1.63406e-13 0 0)
(-2.17112e-13 0 0)
(-2.59142e-13 0 0)
(-1.79756e-13 0 0)
(-1.05565e-13 0 0)
(-8.01687e-15 0 0)
(6.63456e-14 0 0)
(1.18428e-13 0 0)
(1.53571e-13 0 0)
(1.46734e-13 0 0)
(1.28861e-13 0 0)
(1.14525e-13 0 0)
(6.35981e-13 0 0)
(2.09755e-10 0 0)
(9.11507e-08 0 0)
(2.66234e-05 0 0)
(0.00395622 0 0)
(0.210843 0 0)
(2.99531 0 0)
(13.3519 0 0)
(29.1344 0 0)
(44.5977 0 0)
(58.1407 0 0)
(70.4559 0 0)
(82.2286 0 0)
(93.9081 0 0)
(105.408 0 0)
(117.33 0 0)
(128.477 0 0)
(141.095 0 0)
(151.509 0 0)
(164.188 0 0)
(175.223 0 0)
(185.631 0 0)
(198.258 0 0)
(208.634 0 0)
(220.939 0 0)
(230.64 0 0)
(243.63 0 0)
(256.082 0 0)
(266.942 0 0)
(271.604 0 0)
(277.789 0 0)
(288.02 0 0)
(289.864 0 0)
(285.111 0 0)
(277.471 0 0)
(277.552 0 0)
(287.521 0 0)
(288.908 0 0)
(284.312 0 0)
(277.85 0 0)
(277.268 0 0)
(284.827 0 0)
(287.451 0 0)
(285.891 0 0)
(281.753 0 0)
(278.147 0 0)
(279.701 0 0)
(282.334 0 0)
(281.341 0 0)
(280.94 0 0)
(283.551 0 0)
(284.659 0 0)
(281.791 0 0)
(277.469 0 0)
(277.002 0 0)
(277.183 0 0)
(278.549 0 0)
(283.364 0 0)
(284.484 0 0)
(283.35 0 0)
(282.821 0 0)
(287.423 0 0)
(287.271 0 0)
(231.823 0 0)
(43.8995 0 0)
(0.291004 0 0)
(0.00013556 0 0)
(1.43947e-08 0 0)
(1.49393e-12 0 0)
(-1.84431e-13 0 0)
(-1.69774e-13 0 0)
(-2.53096e-13 0 0)
(-3.52649e-13 0 0)
(-3.59277e-13 0 0)
(-3.53734e-13 0 0)
(-2.37699e-13 0 0)
(-1.15704e-13 0 0)
(-3.85283e-14 0 0)
(2.31664e-14 0 0)
(2.23347e-14 0 0)
)
;

boundaryField
{
    sides
    {
        type            fixedValue;
        value           uniform (0 0 0);
    }
    empty
    {
        type            empty;
    }
}


// ************************************************************************* //
