/*--------------------------------*- C++ -*----------------------------------*\
| =========                 |                                                 |
| \\      /  F ield         | OpenFOAM: The Open Source CFD Toolbox           |
|  \\    /   O peration     | Version:  2412                                  |
|   \\  /    A nd           | Website:  www.openfoam.com                      |
|    \\/     M anipulation  |                                                 |
\*---------------------------------------------------------------------------*/
FoamFile
{
    version     2.0;
    format      ascii;
    arch        "LSB;label=32;scalar=64";
    class       volVectorField;
    location    "0.00311712";
    object      U;
}
// * * * * * * * * * * * * * * * * * * * * * * * * * * * * * * * * * * * * * //

dimensions      [0 1 -1 0 0 0 0];

internalField   nonuniform List<vector> 
100
(
(2.54093e-14 0 0)
(3.84626e-14 0 0)
(2.79921e-14 0 0)
(-5.14685e-14 0 0)
(-7.52931e-15 0 0)
(3.34098e-14 0 0)
(-2.58667e-14 0 0)
(1.28627e-14 0 0)
(3.61896e-14 0 0)
(-2.26857e-14 0 0)
(-6.36372e-14 0 0)
(-1.76392e-14 0 0)
(-4.84693e-14 0 0)
(-1.69763e-14 0 0)
(3.20904e-14 0 0)
(-1.31384e-14 0 0)
(-2.61584e-14 0 0)
(3.24755e-14 0 0)
(7.32438e-15 0 0)
(9.62063e-15 0 0)
(-7.76774e-15 0 0)
(3.11831e-14 0 0)
(5.58745e-14 0 0)
(2.30658e-14 0 0)
(7.62269e-14 0 0)
(9.2548e-14 0 0)
(2.06917e-13 0 0)
(1.50823e-13 0 0)
(1.11389e-13 0 0)
(1.1737e-13 0 0)
(1.02352e-13 0 0)
(4.83338e-14 0 0)
(-6.37237e-16 0 0)
(2.3308e-11 0 0)
(1.33371e-08 0 0)
(5.18127e-06 0 0)
(0.00109491 0 0)
(0.0913339 0 0)
(2.1224 0 0)
(13.6694 0 0)
(37.0209 0 0)
(64.2742 0 0)
(89.4846 0 0)
(116.056 0 0)
(137.845 0 0)
(165.137 0 0)
(188.776 0 0)
(206.865 0 0)
(237.732 0 0)
(263.802 0 0)
(274.47 0 0)
(281.132 0 0)
(285.415 0 0)
(287.435 0 0)
(284.302 0 0)
(277.614 0 0)
(278.841 0 0)
(283.052 0 0)
(278.417 0 0)
(273.514 0 0)
(275.701 0 0)
(279.196 0 0)
(294.797 0 0)
(299.808 0 0)
(253.314 0 0)
(58.3897 0 0)
(0.469323 0 0)
(0.000236127 0 0)
(2.56034e-08 0 0)
(3.15995e-12 0 0)
(1.17805e-13 0 0)
(-3.67694e-14 0 0)
(-7.01546e-14 0 0)
(-1.18863e-14 0 0)
(9.78856e-14 0 0)
(7.67805e-14 0 0)
(-4.17282e-14 0 0)
(-1.38528e-14 0 0)
(-5.48601e-14 0 0)
(-2.2586e-14 0 0)
(-7.65198e-14 0 0)
(-1.64159e-13 0 0)
(-7.87836e-14 0 0)
(6.26842e-14 0 0)
(8.92134e-14 0 0)
(-2.77987e-14 0 0)
(-2.33926e-13 0 0)
(-2.95586e-13 0 0)
(-1.3252e-13 0 0)
(-5.21052e-14 0 0)
(-1.48455e-13 0 0)
(-4.15386e-14 0 0)
(-1.97213e-14 0 0)
(-2.09594e-13 0 0)
(-1.06757e-13 0 0)
(-1.34138e-14 0 0)
(-6.20214e-14 0 0)
(-2.748e-14 0 0)
(-2.13459e-14 0 0)
(-8.55061e-14 0 0)
)
;

boundaryField
{
    sides
    {
        type            fixedValue;
        value           uniform (0 0 0);
    }
    empty
    {
        type            empty;
    }
}


// ************************************************************************* //
