/*--------------------------------*- C++ -*----------------------------------*\
| =========                 |                                                 |
| \\      /  F ield         | OpenFOAM: The Open Source CFD Toolbox           |
|  \\    /   O peration     | Version:  2412                                  |
|   \\  /    A nd           | Website:  www.openfoam.com                      |
|    \\/     M anipulation  |                                                 |
\*---------------------------------------------------------------------------*/
FoamFile
{
    version     2.0;
    format      ascii;
    arch        "LSB;label=32;scalar=64";
    class       volVectorField;
    location    "0.0174059";
    object      U;
}
// * * * * * * * * * * * * * * * * * * * * * * * * * * * * * * * * * * * * * //

dimensions      [0 1 -1 0 0 0 0];

internalField   nonuniform List<vector> 
100
(
(4.15125 0 0)
(12.73 0 0)
(22.7115 0 0)
(33.296 0 0)
(45.4652 0 0)
(58.712 0 0)
(71.5186 0 0)
(82.0598 0 0)
(90.7944 0 0)
(96.9401 0 0)
(101.136 0 0)
(105.056 0 0)
(109.427 0 0)
(114.256 0 0)
(119.237 0 0)
(124.205 0 0)
(129.069 0 0)
(133.989 0 0)
(138.745 0 0)
(143.757 0 0)
(148.333 0 0)
(153.489 0 0)
(157.879 0 0)
(163.117 0 0)
(167.595 0 0)
(172.605 0 0)
(177.441 0 0)
(182.06 0 0)
(187.101 0 0)
(191.572 0 0)
(196.694 0 0)
(201.117 0 0)
(206.239 0 0)
(210.816 0 0)
(215.869 0 0)
(220.512 0 0)
(225.503 0 0)
(230.311 0 0)
(235.251 0 0)
(240.041 0 0)
(244.848 0 0)
(249.693 0 0)
(254.579 0 0)
(259.305 0 0)
(263.717 0 0)
(268.428 0 0)
(273.091 0 0)
(276.752 0 0)
(280.221 0 0)
(283.351 0 0)
(284.602 0 0)
(284.79 0 0)
(283.416 0 0)
(281.888 0 0)
(281.646 0 0)
(285.244 0 0)
(286.838 0 0)
(281.336 0 0)
(277.964 0 0)
(280.939 0 0)
(289.015 0 0)
(290.268 0 0)
(277.622 0 0)
(274.783 0 0)
(281.401 0 0)
(291.693 0 0)
(291.518 0 0)
(275.734 0 0)
(273.616 0 0)
(279.484 0 0)
(291.249 0 0)
(291.542 0 0)
(279.13 0 0)
(273.567 0 0)
(276.057 0 0)
(289.101 0 0)
(288.937 0 0)
(285.633 0 0)
(275.145 0 0)
(275.277 0 0)
(278.63 0 0)
(288.686 0 0)
(294.337 0 0)
(178.917 0 0)
(36.91 0 0)
(6.06433 0 0)
(26.3474 0 0)
(12.9587 0 0)
(0.52526 0 0)
(6.83133 0 0)
(13.8176 0 0)
(18.6697 0 0)
(17.9288 0 0)
(19.589 0 0)
(22.5916 0 0)
(25.1595 0 0)
(23.8098 0 0)
(19.6248 0 0)
(12.5793 0 0)
(1.54594 0 0)
)
;

boundaryField
{
    sides
    {
        type            fixedValue;
        value           uniform (0 0 0);
    }
    empty
    {
        type            empty;
    }
}


// ************************************************************************* //
