/*--------------------------------*- C++ -*----------------------------------*\
| =========                 |                                                 |
| \\      /  F ield         | OpenFOAM: The Open Source CFD Toolbox           |
|  \\    /   O peration     | Version:  2412                                  |
|   \\  /    A nd           | Website:  www.openfoam.com                      |
|    \\/     M anipulation  |                                                 |
\*---------------------------------------------------------------------------*/
FoamFile
{
    version     2.0;
    format      ascii;
    arch        "LSB;label=32;scalar=64";
    class       volVectorField;
    location    "0.0164342";
    object      U;
}
// * * * * * * * * * * * * * * * * * * * * * * * * * * * * * * * * * * * * * //

dimensions      [0 1 -1 0 0 0 0];

internalField   nonuniform List<vector> 
100
(
(9.02279 0 0)
(22.2938 0 0)
(36.3839 0 0)
(48.3982 0 0)
(57.6463 0 0)
(64.2144 0 0)
(68.9761 0 0)
(73.5378 0 0)
(78.3904 0 0)
(83.4698 0 0)
(88.6198 0 0)
(93.7621 0 0)
(98.8905 0 0)
(104.021 0 0)
(109.156 0 0)
(114.306 0 0)
(119.45 0 0)
(124.627 0 0)
(129.744 0 0)
(134.973 0 0)
(139.975 0 0)
(145.314 0 0)
(150.09 0 0)
(155.592 0 0)
(160.212 0 0)
(165.726 0 0)
(170.56 0 0)
(175.702 0 0)
(180.932 0 0)
(185.708 0 0)
(191.072 0 0)
(195.772 0 0)
(201.217 0 0)
(205.922 0 0)
(211.294 0 0)
(216.194 0 0)
(221.54 0 0)
(226.508 0 0)
(231.714 0 0)
(236.802 0 0)
(242.036 0 0)
(247.141 0 0)
(252.111 0 0)
(257.096 0 0)
(262.214 0 0)
(267.098 0 0)
(271.375 0 0)
(276.16 0 0)
(280.218 0 0)
(282.863 0 0)
(284.052 0 0)
(283.762 0 0)
(283.129 0 0)
(284.502 0 0)
(285.416 0 0)
(281.1 0 0)
(279.171 0 0)
(282.771 0 0)
(288.418 0 0)
(287.954 0 0)
(277.281 0 0)
(275.361 0 0)
(284.391 0 0)
(291.455 0 0)
(288.709 0 0)
(275.041 0 0)
(274.077 0 0)
(283.351 0 0)
(291.525 0 0)
(289.817 0 0)
(276.081 0 0)
(275.363 0 0)
(279.667 0 0)
(289.718 0 0)
(289.218 0 0)
(281.38 0 0)
(274.475 0 0)
(275.477 0 0)
(283.939 0 0)
(289.022 0 0)
(287.186 0 0)
(280.254 0 0)
(274.151 0 0)
(278.866 0 0)
(279.101 0 0)
(179.185 0 0)
(32.677 0 0)
(14.0316 0 0)
(14.8917 0 0)
(17.9338 0 0)
(20.8315 0 0)
(26.4974 0 0)
(26.1804 0 0)
(22.1223 0 0)
(15.0364 0 0)
(9.23534 0 0)
(4.61973 0 0)
(2.44094 0 0)
(3.1647 0 0)
(-1.67473 0 0)
)
;

boundaryField
{
    sides
    {
        type            fixedValue;
        value           uniform (0 0 0);
    }
    empty
    {
        type            empty;
    }
}


// ************************************************************************* //
