/*--------------------------------*- C++ -*----------------------------------*\
| =========                 |                                                 |
| \\      /  F ield         | OpenFOAM: The Open Source CFD Toolbox           |
|  \\    /   O peration     | Version:  2412                                  |
|   \\  /    A nd           | Website:  www.openfoam.com                      |
|    \\/     M anipulation  |                                                 |
\*---------------------------------------------------------------------------*/
FoamFile
{
    version     2.0;
    format      ascii;
    arch        "LSB;label=32;scalar=64";
    class       volVectorField;
    location    "0.0480775";
    object      U;
}
// * * * * * * * * * * * * * * * * * * * * * * * * * * * * * * * * * * * * * //

dimensions      [0 1 -1 0 0 0 0];

internalField   nonuniform List<vector> 
100
(
(43.0138 0 0)
(31.5233 0 0)
(47.155 0 0)
(43.7362 0 0)
(-50.1127 0 0)
(-231.414 0 0)
(-253.657 0 0)
(-243.209 0 0)
(-234.88 0 0)
(-231.498 0 0)
(-230.456 0 0)
(-231.952 0 0)
(-235.935 0 0)
(-235.657 0 0)
(-234.099 0 0)
(-228.771 0 0)
(-219.049 0 0)
(-214.838 0 0)
(-213.364 0 0)
(-215.642 0 0)
(-221.057 0 0)
(-221.662 0 0)
(-219.725 0 0)
(-214.096 0 0)
(-202.967 0 0)
(-197.931 0 0)
(-196.091 0 0)
(-199.355 0 0)
(-211.116 0 0)
(-215.053 0 0)
(-213.626 0 0)
(-210.067 0 0)
(-196.62 0 0)
(-180.86 0 0)
(-175.027 0 0)
(-173.161 0 0)
(-172.571 0 0)
(-177.147 0 0)
(-185.757 0 0)
(-187.662 0 0)
(-186.285 0 0)
(-183.689 0 0)
(-179.409 0 0)
(-175.746 0 0)
(-173.593 0 0)
(-171.213 0 0)
(-167.139 0 0)
(-162.889 0 0)
(-160.796 0 0)
(-159.997 0 0)
(-161.099 0 0)
(-162.11 0 0)
(-161.197 0 0)
(-158.229 0 0)
(-152.001 0 0)
(-146.925 0 0)
(-145.044 0 0)
(-148.45 0 0)
(-163.307 0 0)
(-170.947 0 0)
(-170.537 0 0)
(-168.315 0 0)
(-161.627 0 0)
(-142.442 0 0)
(-122.772 0 0)
(-112.644 0 0)
(-107.756 0 0)
(-104.213 0 0)
(-101.173 0 0)
(-97.6151 0 0)
(-94.9422 0 0)
(-93.1717 0 0)
(-92.5792 0 0)
(-91.4249 0 0)
(-91.0494 0 0)
(-90.114 0 0)
(-86.7282 0 0)
(-82.1189 0 0)
(-75.1487 0 0)
(-70.0089 0 0)
(-63.9892 0 0)
(-61.0559 0 0)
(-58.7396 0 0)
(-57.1423 0 0)
(-56.2199 0 0)
(-53.3937 0 0)
(-50.6622 0 0)
(-45.988 0 0)
(-41.899 0 0)
(-37.4764 0 0)
(-33.7964 0 0)
(-30.1564 0 0)
(-26.9852 0 0)
(-23.2096 0 0)
(-19.5 0 0)
(-15.76 0 0)
(-11.8443 0 0)
(-8.60196 0 0)
(-4.75718 0 0)
(-1.8367 0 0)
)
;

boundaryField
{
    sides
    {
        type            fixedValue;
        value           uniform (0 0 0);
    }
    empty
    {
        type            empty;
    }
}


// ************************************************************************* //
