/*--------------------------------*- C++ -*----------------------------------*\
| =========                 |                                                 |
| \\      /  F ield         | OpenFOAM: The Open Source CFD Toolbox           |
|  \\    /   O peration     | Version:  2412                                  |
|   \\  /    A nd           | Website:  www.openfoam.com                      |
|    \\/     M anipulation  |                                                 |
\*---------------------------------------------------------------------------*/
FoamFile
{
    version     2.0;
    format      ascii;
    arch        "LSB;label=32;scalar=64";
    class       volVectorField;
    location    "0.0510578";
    object      U;
}
// * * * * * * * * * * * * * * * * * * * * * * * * * * * * * * * * * * * * * //

dimensions      [0 1 -1 0 0 0 0];

internalField   nonuniform List<vector> 
100
(
(-2.47885 0 0)
(-13.2585 0 0)
(-4.1983 0 0)
(12.112 0 0)
(19.5305 0 0)
(13.5641 0 0)
(-10.5321 0 0)
(-30.0301 0 0)
(-32.1456 0 0)
(-8.30427 0 0)
(17.2599 0 0)
(7.92893 0 0)
(-118.108 0 0)
(-244.651 0 0)
(-251.204 0 0)
(-248.215 0 0)
(-239.242 0 0)
(-217.765 0 0)
(-207.848 0 0)
(-205.191 0 0)
(-204.202 0 0)
(-204.089 0 0)
(-212.688 0 0)
(-223.109 0 0)
(-223.89 0 0)
(-222.409 0 0)
(-218.766 0 0)
(-213.522 0 0)
(-209.876 0 0)
(-207.99 0 0)
(-205.309 0 0)
(-200.768 0 0)
(-196.317 0 0)
(-194.361 0 0)
(-193.108 0 0)
(-194.432 0 0)
(-196.974 0 0)
(-196.606 0 0)
(-194.752 0 0)
(-189.643 0 0)
(-182.258 0 0)
(-179.128 0 0)
(-178.804 0 0)
(-191.401 0 0)
(-207.928 0 0)
(-209.904 0 0)
(-208.245 0 0)
(-205.529 0 0)
(-195.176 0 0)
(-169.64 0 0)
(-151.213 0 0)
(-144.471 0 0)
(-141.44 0 0)
(-139.562 0 0)
(-137.046 0 0)
(-133.422 0 0)
(-129.647 0 0)
(-127.455 0 0)
(-126.532 0 0)
(-125.824 0 0)
(-125.558 0 0)
(-125.642 0 0)
(-125.287 0 0)
(-124.286 0 0)
(-121.371 0 0)
(-115.167 0 0)
(-106.794 0 0)
(-100.583 0 0)
(-96.283 0 0)
(-92.8332 0 0)
(-91.2855 0 0)
(-90.3706 0 0)
(-89.8103 0 0)
(-88.6534 0 0)
(-86.8828 0 0)
(-82.7253 0 0)
(-78.0599 0 0)
(-73.1314 0 0)
(-69.1806 0 0)
(-66.9629 0 0)
(-62.8785 0 0)
(-59.9877 0 0)
(-56.3237 0 0)
(-53.6575 0 0)
(-50.3978 0 0)
(-46.9838 0 0)
(-44.0155 0 0)
(-39.6718 0 0)
(-36.9183 0 0)
(-33.3859 0 0)
(-30.7417 0 0)
(-27.8118 0 0)
(-24.8855 0 0)
(-21.2434 0 0)
(-17.5418 0 0)
(-13.9295 0 0)
(-10.3414 0 0)
(-7.51041 0 0)
(-4.16234 0 0)
(-1.5908 0 0)
)
;

boundaryField
{
    sides
    {
        type            fixedValue;
        value           uniform (0 0 0);
    }
    empty
    {
        type            empty;
    }
}


// ************************************************************************* //
