/*--------------------------------*- C++ -*----------------------------------*\
| =========                 |                                                 |
| \\      /  F ield         | OpenFOAM: The Open Source CFD Toolbox           |
|  \\    /   O peration     | Version:  2412                                  |
|   \\  /    A nd           | Website:  www.openfoam.com                      |
|    \\/     M anipulation  |                                                 |
\*---------------------------------------------------------------------------*/
FoamFile
{
    version     2.0;
    format      ascii;
    arch        "LSB;label=32;scalar=64";
    class       volVectorField;
    location    "0.0373753";
    object      U;
}
// * * * * * * * * * * * * * * * * * * * * * * * * * * * * * * * * * * * * * //

dimensions      [0 1 -1 0 0 0 0];

internalField   nonuniform List<vector> 
100
(
(1.7283 0 0)
(5.41725 0 0)
(8.85752 0 0)
(12.6071 0 0)
(15.931 0 0)
(19.6003 0 0)
(22.883 0 0)
(26.525 0 0)
(29.9088 0 0)
(33.6924 0 0)
(37.2877 0 0)
(40.9694 0 0)
(44.7451 0 0)
(48.2653 0 0)
(52.0174 0 0)
(55.4554 0 0)
(59.1442 0 0)
(62.4754 0 0)
(66.0898 0 0)
(69.4602 0 0)
(73.1238 0 0)
(76.5536 0 0)
(80.1768 0 0)
(83.6426 0 0)
(87.2199 0 0)
(90.7199 0 0)
(94.2819 0 0)
(97.8065 0 0)
(101.358 0 0)
(104.844 0 0)
(108.32 0 0)
(111.984 0 0)
(115.74 0 0)
(101.919 0 0)
(-70.8527 0 0)
(-155.294 0 0)
(-155.437 0 0)
(-146.289 0 0)
(-145.6 0 0)
(-150.163 0 0)
(-149.499 0 0)
(-144.416 0 0)
(-135.681 0 0)
(-130.256 0 0)
(-128.502 0 0)
(-128.376 0 0)
(-130.087 0 0)
(-131.87 0 0)
(-131.72 0 0)
(-130.246 0 0)
(-125.666 0 0)
(-115.536 0 0)
(-106.074 0 0)
(-101.806 0 0)
(-101.481 0 0)
(-102.66 0 0)
(-103.576 0 0)
(-103.229 0 0)
(-101.914 0 0)
(-100.054 0 0)
(-96.0028 0 0)
(-91.3461 0 0)
(-88.8129 0 0)
(-86.9797 0 0)
(-87.3374 0 0)
(-83.4049 0 0)
(-79.7706 0 0)
(-74.095 0 0)
(-70.8379 0 0)
(-71.1341 0 0)
(-69.0538 0 0)
(-70.6216 0 0)
(-64.4465 0 0)
(-59.404 0 0)
(-53.8145 0 0)
(-51.9666 0 0)
(-54.8892 0 0)
(-56.4465 0 0)
(-57.2827 0 0)
(-53.3451 0 0)
(-46.622 0 0)
(-39.146 0 0)
(-33.1476 0 0)
(-31.6466 0 0)
(-31.2664 0 0)
(-32.1223 0 0)
(-32.5641 0 0)
(-31.6583 0 0)
(-31.0853 0 0)
(-28.2599 0 0)
(-23.5483 0 0)
(-13.8103 0 0)
(-0.887134 0 0)
(10.7619 0 0)
(16.1863 0 0)
(16.0535 0 0)
(11.6805 0 0)
(3.19044 0 0)
(-1.23328 0 0)
(-1.4312 0 0)
)
;

boundaryField
{
    sides
    {
        type            fixedValue;
        value           uniform (0 0 0);
    }
    empty
    {
        type            empty;
    }
}


// ************************************************************************* //
