/*--------------------------------*- C++ -*----------------------------------*\
| =========                 |                                                 |
| \\      /  F ield         | OpenFOAM: The Open Source CFD Toolbox           |
|  \\    /   O peration     | Version:  2412                                  |
|   \\  /    A nd           | Website:  www.openfoam.com                      |
|    \\/     M anipulation  |                                                 |
\*---------------------------------------------------------------------------*/
FoamFile
{
    version     2.0;
    format      ascii;
    arch        "LSB;label=32;scalar=64";
    class       volVectorField;
    location    "0.0095018";
    object      U;
}
// * * * * * * * * * * * * * * * * * * * * * * * * * * * * * * * * * * * * * //

dimensions      [0 1 -1 0 0 0 0];

internalField   nonuniform List<vector> 
100
(
(1.08253e-14 0 0)
(-8.99465e-15 0 0)
(3.85784e-14 0 0)
(-2.53152e-14 0 0)
(-3.95071e-14 0 0)
(2.88607e-15 0 0)
(9.55938e-14 0 0)
(1.50665e-13 0 0)
(1.28393e-13 0 0)
(7.485e-14 0 0)
(7.42462e-14 0 0)
(2.34539e-14 0 0)
(2.72674e-13 0 0)
(1.2742e-10 0 0)
(5.56702e-08 0 0)
(1.65973e-05 0 0)
(0.00257841 0 0)
(0.147941 0 0)
(2.29208 0 0)
(10.8582 0 0)
(24.3055 0 0)
(37.2698 0 0)
(48.1493 0 0)
(57.649 0 0)
(66.5473 0 0)
(75.2493 0 0)
(83.9045 0 0)
(92.5745 0 0)
(101.237 0 0)
(109.993 0 0)
(118.614 0 0)
(127.578 0 0)
(135.896 0 0)
(145.257 0 0)
(153.067 0 0)
(162.572 0 0)
(170.64 0 0)
(178.982 0 0)
(188.251 0 0)
(195.827 0 0)
(204.974 0 0)
(213.019 0 0)
(222.251 0 0)
(230.544 0 0)
(239.739 0 0)
(247.224 0 0)
(256.096 0 0)
(265.346 0 0)
(273.542 0 0)
(277.881 0 0)
(280.317 0 0)
(282.63 0 0)
(287.827 0 0)
(288.319 0 0)
(280.935 0 0)
(276.664 0 0)
(279.897 0 0)
(289.471 0 0)
(290.035 0 0)
(280.458 0 0)
(276.55 0 0)
(279.102 0 0)
(287.878 0 0)
(287.545 0 0)
(282.721 0 0)
(277.357 0 0)
(277.987 0 0)
(284.599 0 0)
(288.696 0 0)
(286.269 0 0)
(284.928 0 0)
(279.252 0 0)
(278.066 0 0)
(279.867 0 0)
(282.005 0 0)
(280.332 0 0)
(277.753 0 0)
(280.551 0 0)
(282.963 0 0)
(283.943 0 0)
(282.355 0 0)
(279.782 0 0)
(279.576 0 0)
(279.803 0 0)
(281.982 0 0)
(283.692 0 0)
(283.541 0 0)
(282.003 0 0)
(278.005 0 0)
(276.641 0 0)
(276.523 0 0)
(276.641 0 0)
(278.875 0 0)
(292.931 0 0)
(296.726 0 0)
(252.625 0 0)
(61.3488 0 0)
(0.541355 0 0)
(0.000299743 0 0)
(3.54519e-08 0 0)
)
;

boundaryField
{
    sides
    {
        type            fixedValue;
        value           uniform (0 0 0);
    }
    empty
    {
        type            empty;
    }
}


// ************************************************************************* //
