/*--------------------------------*- C++ -*----------------------------------*\
| =========                 |                                                 |
| \\      /  F ield         | OpenFOAM: The Open Source CFD Toolbox           |
|  \\    /   O peration     | Version:  2412                                  |
|   \\  /    A nd           | Website:  www.openfoam.com                      |
|    \\/     M anipulation  |                                                 |
\*---------------------------------------------------------------------------*/
FoamFile
{
    version     2.0;
    format      ascii;
    arch        "LSB;label=32;scalar=64";
    class       volVectorField;
    location    "0.0524602";
    object      U;
}
// * * * * * * * * * * * * * * * * * * * * * * * * * * * * * * * * * * * * * //

dimensions      [0 1 -1 0 0 0 0];

internalField   nonuniform List<vector> 
100
(
(6.23225 0 0)
(-5.99371 0 0)
(-4.28219 0 0)
(-2.65141 0 0)
(4.30493 0 0)
(5.76444 0 0)
(5.54341 0 0)
(-2.70278 0 0)
(-10.5813 0 0)
(-11.3716 0 0)
(-8.33162 0 0)
(-3.22109 0 0)
(-1.13614 0 0)
(7.38192 0 0)
(6.75453 0 0)
(-61.8256 0 0)
(-210.754 0 0)
(-240.002 0 0)
(-237.575 0 0)
(-231.098 0 0)
(-226.141 0 0)
(-223.683 0 0)
(-222.134 0 0)
(-219.106 0 0)
(-213.912 0 0)
(-210.588 0 0)
(-209.035 0 0)
(-208.353 0 0)
(-210.84 0 0)
(-213.611 0 0)
(-212.632 0 0)
(-210.625 0 0)
(-204.196 0 0)
(-196.945 0 0)
(-193.975 0 0)
(-194.606 0 0)
(-211.147 0 0)
(-226.426 0 0)
(-227.022 0 0)
(-225.376 0 0)
(-222.496 0 0)
(-211.403 0 0)
(-183.424 0 0)
(-164.397 0 0)
(-158.327 0 0)
(-156.315 0 0)
(-155.302 0 0)
(-153.654 0 0)
(-150.283 0 0)
(-145.81 0 0)
(-142.731 0 0)
(-141.452 0 0)
(-140.555 0 0)
(-140.037 0 0)
(-140.371 0 0)
(-140.775 0 0)
(-140.408 0 0)
(-139.441 0 0)
(-136.943 0 0)
(-130.358 0 0)
(-120.675 0 0)
(-113.846 0 0)
(-109.685 0 0)
(-107.008 0 0)
(-105.884 0 0)
(-105.222 0 0)
(-104.79 0 0)
(-104.328 0 0)
(-103.154 0 0)
(-99.8585 0 0)
(-94.6674 0 0)
(-89.4028 0 0)
(-85.4279 0 0)
(-81.9903 0 0)
(-79.5568 0 0)
(-76.4814 0 0)
(-73.6295 0 0)
(-70.2612 0 0)
(-67.0839 0 0)
(-64.2024 0 0)
(-60.0394 0 0)
(-57.5023 0 0)
(-53.9718 0 0)
(-51.6372 0 0)
(-48.6009 0 0)
(-45.4945 0 0)
(-42.6257 0 0)
(-38.8296 0 0)
(-36.2691 0 0)
(-32.542 0 0)
(-29.4178 0 0)
(-25.6512 0 0)
(-22.6312 0 0)
(-19.4992 0 0)
(-16.7492 0 0)
(-14.2002 0 0)
(-11.4025 0 0)
(-8.75046 0 0)
(-5.19524 0 0)
(-1.91556 0 0)
)
;

boundaryField
{
    sides
    {
        type            fixedValue;
        value           uniform (0 0 0);
    }
    empty
    {
        type            empty;
    }
}


// ************************************************************************* //
