/*--------------------------------*- C++ -*----------------------------------*\
| =========                 |                                                 |
| \\      /  F ield         | OpenFOAM: The Open Source CFD Toolbox           |
|  \\    /   O peration     | Version:  2412                                  |
|   \\  /    A nd           | Website:  www.openfoam.com                      |
|    \\/     M anipulation  |                                                 |
\*---------------------------------------------------------------------------*/
FoamFile
{
    version     2.0;
    format      ascii;
    arch        "LSB;label=32;scalar=64";
    class       volVectorField;
    location    "0.0177229";
    object      U;
}
// * * * * * * * * * * * * * * * * * * * * * * * * * * * * * * * * * * * * * //

dimensions      [0 1 -1 0 0 0 0];

internalField   nonuniform List<vector> 
100
(
(3.94864 0 0)
(12.5752 0 0)
(21.504 0 0)
(30.5747 0 0)
(40.9272 0 0)
(52.5027 0 0)
(65.3178 0 0)
(78.1303 0 0)
(89.2231 0 0)
(98.3901 0 0)
(105.359 0 0)
(109.84 0 0)
(113.539 0 0)
(117.548 0 0)
(122.115 0 0)
(127.043 0 0)
(131.932 0 0)
(136.841 0 0)
(141.478 0 0)
(146.418 0 0)
(150.854 0 0)
(155.952 0 0)
(160.255 0 0)
(165.382 0 0)
(169.854 0 0)
(174.691 0 0)
(179.507 0 0)
(183.999 0 0)
(188.968 0 0)
(193.347 0 0)
(198.394 0 0)
(202.757 0 0)
(207.766 0 0)
(212.287 0 0)
(217.256 0 0)
(221.844 0 0)
(226.716 0 0)
(231.44 0 0)
(236.301 0 0)
(241.04 0 0)
(245.758 0 0)
(250.443 0 0)
(255.233 0 0)
(259.969 0 0)
(264.397 0 0)
(268.698 0 0)
(273.354 0 0)
(277.358 0 0)
(280.363 0 0)
(283.068 0 0)
(284.533 0 0)
(284.534 0 0)
(284.251 0 0)
(282.514 0 0)
(281.334 0 0)
(282.621 0 0)
(286.165 0 0)
(286.51 0 0)
(279.187 0 0)
(277.193 0 0)
(284.4 0 0)
(290.197 0 0)
(287.529 0 0)
(275.752 0 0)
(273.847 0 0)
(286.567 0 0)
(292.229 0 0)
(287.694 0 0)
(274.219 0 0)
(273.311 0 0)
(284.137 0 0)
(292.061 0 0)
(289.622 0 0)
(275.316 0 0)
(274.484 0 0)
(278.396 0 0)
(289.408 0 0)
(289.345 0 0)
(282.297 0 0)
(274.253 0 0)
(276.428 0 0)
(281.551 0 0)
(249.322 0 0)
(74.195 0 0)
(6.06247 0 0)
(17.8473 0 0)
(32.25 0 0)
(16.0836 0 0)
(5.87157 0 0)
(5.01618 0 0)
(4.40904 0 0)
(12.1481 0 0)
(16.9852 0 0)
(19.0899 0 0)
(20.029 0 0)
(21.6121 0 0)
(23.3618 0 0)
(22.3348 0 0)
(19.3285 0 0)
(5.74041 0 0)
)
;

boundaryField
{
    sides
    {
        type            fixedValue;
        value           uniform (0 0 0);
    }
    empty
    {
        type            empty;
    }
}


// ************************************************************************* //
