/*--------------------------------*- C++ -*----------------------------------*\
| =========                 |                                                 |
| \\      /  F ield         | OpenFOAM: The Open Source CFD Toolbox           |
|  \\    /   O peration     | Version:  2412                                  |
|   \\  /    A nd           | Website:  www.openfoam.com                      |
|    \\/     M anipulation  |                                                 |
\*---------------------------------------------------------------------------*/
FoamFile
{
    version     2.0;
    format      ascii;
    arch        "LSB;label=32;scalar=64";
    class       volVectorField;
    location    "0.0192599";
    object      U;
}
// * * * * * * * * * * * * * * * * * * * * * * * * * * * * * * * * * * * * * //

dimensions      [0 1 -1 0 0 0 0];

internalField   nonuniform List<vector> 
100
(
(3.92569 0 0)
(11.9483 0 0)
(19.9759 0 0)
(27.8719 0 0)
(35.8278 0 0)
(43.6005 0 0)
(51.2494 0 0)
(58.9262 0 0)
(66.8869 0 0)
(75.2682 0 0)
(84.2231 0 0)
(94.2956 0 0)
(105.559 0 0)
(117.455 0 0)
(128.718 0 0)
(138.951 0 0)
(147.319 0 0)
(152.932 0 0)
(155.647 0 0)
(158.824 0 0)
(161.625 0 0)
(165.845 0 0)
(170.315 0 0)
(175.209 0 0)
(179.858 0 0)
(184.009 0 0)
(188.516 0 0)
(192.517 0 0)
(197.16 0 0)
(201.204 0 0)
(205.83 0 0)
(209.985 0 0)
(214.568 0 0)
(218.797 0 0)
(223.296 0 0)
(227.635 0 0)
(232.122 0 0)
(236.491 0 0)
(240.889 0 0)
(245.25 0 0)
(249.642 0 0)
(254.047 0 0)
(258.395 0 0)
(262.524 0 0)
(266.61 0 0)
(270.999 0 0)
(274.873 0 0)
(278.063 0 0)
(281.598 0 0)
(283.665 0 0)
(284.382 0 0)
(284.16 0 0)
(283.219 0 0)
(282.3 0 0)
(283.431 0 0)
(284.904 0 0)
(283.866 0 0)
(280.271 0 0)
(279.621 0 0)
(286.889 0 0)
(288.901 0 0)
(281.868 0 0)
(275.992 0 0)
(278.706 0 0)
(290.858 0 0)
(292.409 0 0)
(278.293 0 0)
(272.324 0 0)
(277.149 0 0)
(291.757 0 0)
(291.872 0 0)
(279.322 0 0)
(272.473 0 0)
(275.159 0 0)
(291.507 0 0)
(290.404 0 0)
(284.338 0 0)
(273.992 0 0)
(272.699 0 0)
(217.152 0 0)
(45.3197 0 0)
(7.56654 0 0)
(14.1039 0 0)
(28.0138 0 0)
(9.8142 0 0)
(14.7273 0 0)
(23.799 0 0)
(12.5011 0 0)
(2.15854 0 0)
(10.687 0 0)
(18.2767 0 0)
(24.5806 0 0)
(19.9223 0 0)
(5.38968 0 0)
(-7.23279 0 0)
(-16.5188 0 0)
(-17.0551 0 0)
(-12.1254 0 0)
(-4.86967 0 0)
(-5.71047 0 0)
)
;

boundaryField
{
    sides
    {
        type            fixedValue;
        value           uniform (0 0 0);
    }
    empty
    {
        type            empty;
    }
}


// ************************************************************************* //
