/*--------------------------------*- C++ -*----------------------------------*\
| =========                 |                                                 |
| \\      /  F ield         | OpenFOAM: The Open Source CFD Toolbox           |
|  \\    /   O peration     | Version:  2412                                  |
|   \\  /    A nd           | Website:  www.openfoam.com                      |
|    \\/     M anipulation  |                                                 |
\*---------------------------------------------------------------------------*/
FoamFile
{
    version     2.0;
    format      ascii;
    arch        "LSB;label=32;scalar=64";
    class       volVectorField;
    location    "0.0158619";
    object      U;
}
// * * * * * * * * * * * * * * * * * * * * * * * * * * * * * * * * * * * * * //

dimensions      [0 1 -1 0 0 0 0];

internalField   nonuniform List<vector> 
100
(
(9.40594 0 0)
(27.4209 0 0)
(38.1705 0 0)
(45.1456 0 0)
(50.3281 0 0)
(55.2654 0 0)
(60.3605 0 0)
(65.5876 0 0)
(70.8594 0 0)
(76.1397 0 0)
(81.4241 0 0)
(86.7141 0 0)
(92.0099 0 0)
(97.3123 0 0)
(102.621 0 0)
(107.939 0 0)
(113.26 0 0)
(118.602 0 0)
(123.918 0 0)
(129.3 0 0)
(134.548 0 0)
(140.015 0 0)
(145.073 0 0)
(150.698 0 0)
(155.515 0 0)
(161.266 0 0)
(166.118 0 0)
(171.633 0 0)
(176.905 0 0)
(181.934 0 0)
(187.467 0 0)
(192.348 0 0)
(197.951 0 0)
(202.783 0 0)
(208.401 0 0)
(213.423 0 0)
(218.938 0 0)
(224.023 0 0)
(229.493 0 0)
(234.785 0 0)
(240.166 0 0)
(245.346 0 0)
(250.575 0 0)
(255.931 0 0)
(261.063 0 0)
(265.832 0 0)
(270.895 0 0)
(275.842 0 0)
(279.407 0 0)
(282.185 0 0)
(283.92 0 0)
(284.748 0 0)
(284.876 0 0)
(284.265 0 0)
(280.904 0 0)
(279.445 0 0)
(285.215 0 0)
(288.199 0 0)
(284.856 0 0)
(276.948 0 0)
(275.69 0 0)
(288.506 0 0)
(290.788 0 0)
(284.623 0 0)
(274.833 0 0)
(274.292 0 0)
(288.996 0 0)
(290.941 0 0)
(285.902 0 0)
(275.45 0 0)
(274.891 0 0)
(284.348 0 0)
(290.289 0 0)
(288.151 0 0)
(276.931 0 0)
(275.451 0 0)
(277.291 0 0)
(287.836 0 0)
(287.61 0 0)
(286.634 0 0)
(276.298 0 0)
(275.99 0 0)
(276.966 0 0)
(283.204 0 0)
(289.119 0 0)
(287.003 0 0)
(211.002 0 0)
(58.6005 0 0)
(4.3244 0 0)
(27.8961 0 0)
(24.1497 0 0)
(18.5885 0 0)
(15.2994 0 0)
(10.4696 0 0)
(5.21034 0 0)
(4.8915 0 0)
(2.33147 0 0)
(0.425338 0 0)
(0.794458 0 0)
(-3.68421 0 0)
)
;

boundaryField
{
    sides
    {
        type            fixedValue;
        value           uniform (0 0 0);
    }
    empty
    {
        type            empty;
    }
}


// ************************************************************************* //
