/*--------------------------------*- C++ -*----------------------------------*\
| =========                 |                                                 |
| \\      /  F ield         | OpenFOAM: The Open Source CFD Toolbox           |
|  \\    /   O peration     | Version:  2412                                  |
|   \\  /    A nd           | Website:  www.openfoam.com                      |
|    \\/     M anipulation  |                                                 |
\*---------------------------------------------------------------------------*/
FoamFile
{
    version     2.0;
    format      ascii;
    arch        "LSB;label=32;scalar=64";
    class       volVectorField;
    location    "0.0538573";
    object      U;
}
// * * * * * * * * * * * * * * * * * * * * * * * * * * * * * * * * * * * * * //

dimensions      [0 1 -1 0 0 0 0];

internalField   nonuniform List<vector> 
100
(
(8.9448 0 0)
(11.8778 0 0)
(1.30931 0 0)
(-17.0901 0 0)
(-26.8709 0 0)
(-17.9144 0 0)
(3.15896 0 0)
(21.1692 0 0)
(24.9253 0 0)
(17.8761 0 0)
(-0.728998 0 0)
(-14.3184 0 0)
(-11.3782 0 0)
(-2.06381 0 0)
(5.8125 0 0)
(-0.857731 0 0)
(-8.93263 0 0)
(-13.7068 0 0)
(-45.8038 0 0)
(-174.164 0 0)
(-223.257 0 0)
(-227.508 0 0)
(-228.606 0 0)
(-227.022 0 0)
(-224.401 0 0)
(-216.301 0 0)
(-210.357 0 0)
(-208.44 0 0)
(-212.566 0 0)
(-235.63 0 0)
(-244.861 0 0)
(-243.986 0 0)
(-241.918 0 0)
(-238.913 0 0)
(-222.509 0 0)
(-191.138 0 0)
(-175.417 0 0)
(-171.557 0 0)
(-170.313 0 0)
(-169.807 0 0)
(-168.718 0 0)
(-166.599 0 0)
(-161.859 0 0)
(-157.562 0 0)
(-155.702 0 0)
(-154.904 0 0)
(-154.12 0 0)
(-154.08 0 0)
(-155.095 0 0)
(-155.56 0 0)
(-154.885 0 0)
(-153.73 0 0)
(-151.056 0 0)
(-143.576 0 0)
(-132.312 0 0)
(-125.409 0 0)
(-122.024 0 0)
(-120.468 0 0)
(-119.711 0 0)
(-119.084 0 0)
(-118.943 0 0)
(-118.741 0 0)
(-117.927 0 0)
(-115.49 0 0)
(-110.366 0 0)
(-104.227 0 0)
(-99.9525 0 0)
(-96.8007 0 0)
(-94.3069 0 0)
(-91.9065 0 0)
(-89.1481 0 0)
(-85.915 0 0)
(-82.7941 0 0)
(-79.4221 0 0)
(-76.5616 0 0)
(-73.2398 0 0)
(-70.4239 0 0)
(-67.3174 0 0)
(-64.6081 0 0)
(-61.9342 0 0)
(-58.7421 0 0)
(-56.4182 0 0)
(-52.6391 0 0)
(-49.9795 0 0)
(-46.5912 0 0)
(-43.2913 0 0)
(-40.2759 0 0)
(-36.9388 0 0)
(-34.5859 0 0)
(-31.1974 0 0)
(-28.694 0 0)
(-25.6511 0 0)
(-23.1828 0 0)
(-20.1335 0 0)
(-17.0274 0 0)
(-13.6045 0 0)
(-9.81932 0 0)
(-6.73271 0 0)
(-3.43118 0 0)
(-1.35775 0 0)
)
;

boundaryField
{
    sides
    {
        type            fixedValue;
        value           uniform (0 0 0);
    }
    empty
    {
        type            empty;
    }
}


// ************************************************************************* //
