/*--------------------------------*- C++ -*----------------------------------*\
| =========                 |                                                 |
| \\      /  F ield         | OpenFOAM: The Open Source CFD Toolbox           |
|  \\    /   O peration     | Version:  2412                                  |
|   \\  /    A nd           | Website:  www.openfoam.com                      |
|    \\/     M anipulation  |                                                 |
\*---------------------------------------------------------------------------*/
FoamFile
{
    version     2.0;
    format      ascii;
    arch        "LSB;label=32;scalar=64";
    class       volVectorField;
    location    "0.0454174";
    object      U;
}
// * * * * * * * * * * * * * * * * * * * * * * * * * * * * * * * * * * * * * //

dimensions      [0 1 -1 0 0 0 0];

internalField   nonuniform List<vector> 
100
(
(1.95195 0 0)
(-8.4986 0 0)
(-160.961 0 0)
(-242.719 0 0)
(-245.195 0 0)
(-239.333 0 0)
(-240.882 0 0)
(-249.63 0 0)
(-250 0 0)
(-248.174 0 0)
(-245.455 0 0)
(-235.234 0 0)
(-216.524 0 0)
(-208.282 0 0)
(-205.78 0 0)
(-204.839 0 0)
(-207.175 0 0)
(-218.844 0 0)
(-223.326 0 0)
(-222.455 0 0)
(-220.327 0 0)
(-215.433 0 0)
(-206.477 0 0)
(-202.249 0 0)
(-200.553 0 0)
(-201.22 0 0)
(-203.722 0 0)
(-203.318 0 0)
(-201.074 0 0)
(-194.644 0 0)
(-186.27 0 0)
(-182.81 0 0)
(-181.987 0 0)
(-185.467 0 0)
(-188.431 0 0)
(-187.529 0 0)
(-184.131 0 0)
(-175.255 0 0)
(-167.841 0 0)
(-165.131 0 0)
(-165.708 0 0)
(-174.159 0 0)
(-180.098 0 0)
(-179.545 0 0)
(-176.45 0 0)
(-166.503 0 0)
(-152.081 0 0)
(-145.544 0 0)
(-143.324 0 0)
(-143.192 0 0)
(-147.257 0 0)
(-152.569 0 0)
(-153.3 0 0)
(-152.005 0 0)
(-149.437 0 0)
(-145.402 0 0)
(-142.171 0 0)
(-140.348 0 0)
(-137.588 0 0)
(-133.355 0 0)
(-129.448 0 0)
(-127.899 0 0)
(-127.563 0 0)
(-128.16 0 0)
(-127.649 0 0)
(-125.317 0 0)
(-120.351 0 0)
(-114.785 0 0)
(-112.594 0 0)
(-113.792 0 0)
(-124.99 0 0)
(-132.94 0 0)
(-133.51 0 0)
(-130.98 0 0)
(-123.637 0 0)
(-106.936 0 0)
(-88.7613 0 0)
(-79.7918 0 0)
(-71.8788 0 0)
(-68.9722 0 0)
(-65.9527 0 0)
(-62.3428 0 0)
(-60.842 0 0)
(-59.0068 0 0)
(-59.0567 0 0)
(-57.1867 0 0)
(-54.6149 0 0)
(-50.0243 0 0)
(-45.0947 0 0)
(-39.1711 0 0)
(-33.9004 0 0)
(-29.4445 0 0)
(-26.0911 0 0)
(-22.9412 0 0)
(-20.9252 0 0)
(-18.7732 0 0)
(-15.2902 0 0)
(-11.3395 0 0)
(-6.73811 0 0)
(-2.58489 0 0)
)
;

boundaryField
{
    sides
    {
        type            fixedValue;
        value           uniform (0 0 0);
    }
    empty
    {
        type            empty;
    }
}


// ************************************************************************* //
