/*--------------------------------*- C++ -*----------------------------------*\
| =========                 |                                                 |
| \\      /  F ield         | OpenFOAM: The Open Source CFD Toolbox           |
|  \\    /   O peration     | Version:  2412                                  |
|   \\  /    A nd           | Website:  www.openfoam.com                      |
|    \\/     M anipulation  |                                                 |
\*---------------------------------------------------------------------------*/
FoamFile
{
    version     2.0;
    format      ascii;
    arch        "LSB;label=32;scalar=64";
    class       volVectorField;
    location    "0.0314317";
    object      U;
}
// * * * * * * * * * * * * * * * * * * * * * * * * * * * * * * * * * * * * * //

dimensions      [0 1 -1 0 0 0 0];

internalField   nonuniform List<vector> 
100
(
(2.16046 0 0)
(6.54939 0 0)
(10.8556 0 0)
(15.2485 0 0)
(19.5067 0 0)
(23.9679 0 0)
(28.1305 0 0)
(32.7432 0 0)
(36.7833 0 0)
(41.4841 0 0)
(45.4666 0 0)
(50.1274 0 0)
(54.323 0 0)
(58.7745 0 0)
(63.2315 0 0)
(67.4281 0 0)
(72.0261 0 0)
(76.0928 0 0)
(80.7482 0 0)
(84.8606 0 0)
(89.513 0 0)
(93.7135 0 0)
(98.2959 0 0)
(102.572 0 0)
(107.078 0 0)
(111.408 0 0)
(115.865 0 0)
(120.226 0 0)
(124.651 0 0)
(129.029 0 0)
(133.427 0 0)
(137.802 0 0)
(142.176 0 0)
(146.542 0 0)
(150.908 0 0)
(155.259 0 0)
(159.607 0 0)
(163.926 0 0)
(168.267 0 0)
(172.425 0 0)
(176.612 0 0)
(180.843 0 0)
(184.84 0 0)
(188.694 0 0)
(192.259 0 0)
(195.321 0 0)
(197.897 0 0)
(199.838 0 0)
(201.216 0 0)
(203.091 0 0)
(205.463 0 0)
(207.721 0 0)
(197.133 0 0)
(26.3987 0 0)
(-77.5782 0 0)
(-81.0182 0 0)
(-68.7047 0 0)
(-61.763 0 0)
(-58.1868 0 0)
(-52.2421 0 0)
(-47.127 0 0)
(-42.0101 0 0)
(-44.3827 0 0)
(-42.9391 0 0)
(-45.032 0 0)
(-38.6611 0 0)
(-31.3697 0 0)
(-31.162 0 0)
(-27.1738 0 0)
(-31.6502 0 0)
(-21.2009 0 0)
(-15.3927 0 0)
(-3.23727 0 0)
(6.65698 0 0)
(5.94322 0 0)
(10.4419 0 0)
(7.18593 0 0)
(5.63935 0 0)
(2.2383 0 0)
(-0.878995 0 0)
(-1.48986 0 0)
(-3.2541 0 0)
(-2.02723 0 0)
(-1.15412 0 0)
(-0.971668 0 0)
(-1.33253 0 0)
(-0.928086 0 0)
(0.181806 0 0)
(1.64439 0 0)
(2.315 0 0)
(1.1991 0 0)
(0.510225 0 0)
(-0.114529 0 0)
(-1.50806 0 0)
(-2.32822 0 0)
(-1.81915 0 0)
(0.0679832 0 0)
(0.464132 0 0)
(1.00485 0 0)
(1.69819 0 0)
)
;

boundaryField
{
    sides
    {
        type            fixedValue;
        value           uniform (0 0 0);
    }
    empty
    {
        type            empty;
    }
}


// ************************************************************************* //
