/*--------------------------------*- C++ -*----------------------------------*\
| =========                 |                                                 |
| \\      /  F ield         | OpenFOAM: The Open Source CFD Toolbox           |
|  \\    /   O peration     | Version:  2412                                  |
|   \\  /    A nd           | Website:  www.openfoam.com                      |
|    \\/     M anipulation  |                                                 |
\*---------------------------------------------------------------------------*/
FoamFile
{
    version     2.0;
    format      ascii;
    arch        "LSB;label=32;scalar=64";
    class       volVectorField;
    location    "0.00262455";
    object      U;
}
// * * * * * * * * * * * * * * * * * * * * * * * * * * * * * * * * * * * * * //

dimensions      [0 1 -1 0 0 0 0];

internalField   nonuniform List<vector> 
100
(
(-6.59714e-15 0 0)
(1.43973e-14 0 0)
(3.5981e-14 0 0)
(4.44147e-14 0 0)
(8.44155e-15 0 0)
(-1.46606e-14 0 0)
(1.41104e-14 0 0)
(2.10014e-14 0 0)
(1.21935e-14 0 0)
(-6.6711e-15 0 0)
(-1.59673e-14 0 0)
(-5.75897e-14 0 0)
(-2.4441e-14 0 0)
(3.08858e-14 0 0)
(4.01054e-14 0 0)
(8.25539e-14 0 0)
(-4.20085e-14 0 0)
(-3.15426e-14 0 0)
(-8.47042e-15 0 0)
(1.75647e-14 0 0)
(-3.96932e-14 0 0)
(-5.65558e-14 0 0)
(-3.97466e-14 0 0)
(5.48177e-14 0 0)
(1.24118e-13 0 0)
(1.08603e-13 0 0)
(1.59026e-13 0 0)
(1.02906e-13 0 0)
(4.76528e-14 0 0)
(5.34407e-14 0 0)
(1.18198e-13 0 0)
(8.83281e-14 0 0)
(1.539e-14 0 0)
(4.15349e-14 0 0)
(3.15716e-13 0 0)
(2.60668e-10 0 0)
(1.45403e-07 0 0)
(4.95954e-05 0 0)
(0.00793656 0 0)
(0.425245 0 0)
(5.78447 0 0)
(24.8554 0 0)
(53.7802 0 0)
(84.9571 0 0)
(111.663 0 0)
(144.241 0 0)
(168.759 0 0)
(194.745 0 0)
(233.175 0 0)
(250.857 0 0)
(269.109 0 0)
(289.741 0 0)
(291.675 0 0)
(284.574 0 0)
(277.146 0 0)
(277.433 0 0)
(275.08 0 0)
(274.187 0 0)
(278.983 0 0)
(286.863 0 0)
(301.363 0 0)
(294.182 0 0)
(182.041 0 0)
(10.8923 0 0)
(0.0228983 0 0)
(5.57543e-06 0 0)
(4.41028e-10 0 0)
(5.0292e-14 0 0)
(7.66614e-14 0 0)
(1.8829e-13 0 0)
(5.47854e-14 0 0)
(-9.24143e-14 0 0)
(-1.32932e-13 0 0)
(8.87415e-15 0 0)
(1.04925e-13 0 0)
(6.27332e-14 0 0)
(-7.66428e-14 0 0)
(-3.48519e-14 0 0)
(-2.70458e-14 0 0)
(1.94729e-14 0 0)
(6.33486e-14 0 0)
(-1.50472e-13 0 0)
(-9.96831e-14 0 0)
(4.84543e-14 0 0)
(1.17275e-13 0 0)
(2.12903e-14 0 0)
(-1.36102e-13 0 0)
(-1.84088e-13 0 0)
(-1.115e-13 0 0)
(-6.61433e-14 0 0)
(-2.18402e-13 0 0)
(-2.57925e-13 0 0)
(7.82446e-14 0 0)
(1.60548e-13 0 0)
(-1.905e-15 0 0)
(-9.03679e-14 0 0)
(-1.11068e-13 0 0)
(4.94499e-14 0 0)
(1.38072e-14 0 0)
(-1.06359e-13 0 0)
)
;

boundaryField
{
    sides
    {
        type            fixedValue;
        value           uniform (0 0 0);
    }
    empty
    {
        type            empty;
    }
}


// ************************************************************************* //
