/*--------------------------------*- C++ -*----------------------------------*\
| =========                 |                                                 |
| \\      /  F ield         | OpenFOAM: The Open Source CFD Toolbox           |
|  \\    /   O peration     | Version:  2412                                  |
|   \\  /    A nd           | Website:  www.openfoam.com                      |
|    \\/     M anipulation  |                                                 |
\*---------------------------------------------------------------------------*/
FoamFile
{
    version     2.0;
    format      ascii;
    arch        "LSB;label=32;scalar=64";
    class       volVectorField;
    location    "0.023369";
    object      U;
}
// * * * * * * * * * * * * * * * * * * * * * * * * * * * * * * * * * * * * * //

dimensions      [0 1 -1 0 0 0 0];

internalField   nonuniform List<vector> 
100
(
(3.13848 0 0)
(9.47425 0 0)
(15.7579 0 0)
(22.0566 0 0)
(28.3341 0 0)
(34.6205 0 0)
(40.9128 0 0)
(47.191 0 0)
(53.4056 0 0)
(59.6853 0 0)
(65.8353 0 0)
(72.249 0 0)
(78.3164 0 0)
(84.8484 0 0)
(90.7338 0 0)
(97.3008 0 0)
(103.262 0 0)
(109.704 0 0)
(115.937 0 0)
(122.275 0 0)
(128.739 0 0)
(134.688 0 0)
(141.019 0 0)
(146.648 0 0)
(152.719 0 0)
(158.417 0 0)
(164.65 0 0)
(170.848 0 0)
(177.763 0 0)
(184.77 0 0)
(191.997 0 0)
(198.814 0 0)
(206.324 0 0)
(217.528 0 0)
(234.425 0 0)
(245.001 0 0)
(248.969 0 0)
(252.326 0 0)
(255.473 0 0)
(257.475 0 0)
(258.067 0 0)
(260.366 0 0)
(263.212 0 0)
(266.195 0 0)
(269.983 0 0)
(274.628 0 0)
(278.159 0 0)
(280.845 0 0)
(283.106 0 0)
(283.953 0 0)
(283.855 0 0)
(283.663 0 0)
(283.322 0 0)
(282.842 0 0)
(283.055 0 0)
(283.897 0 0)
(283.494 0 0)
(281.905 0 0)
(282.207 0 0)
(285.393 0 0)
(286.164 0 0)
(280.356 0 0)
(278.279 0 0)
(285.581 0 0)
(289.989 0 0)
(285.206 0 0)
(274.911 0 0)
(272.457 0 0)
(289.572 0 0)
(292.443 0 0)
(276.006 0 0)
(133.601 0 0)
(17.6146 0 0)
(12.7017 0 0)
(1.73604 0 0)
(19.9337 0 0)
(13.0172 0 0)
(16.7418 0 0)
(18.6067 0 0)
(1.90345 0 0)
(-1.97133 0 0)
(-11.8715 0 0)
(-12.064 0 0)
(-3.6722 0 0)
(-5.05974 0 0)
(-3.47763 0 0)
(1.31159 0 0)
(3.57743 0 0)
(6.8622 0 0)
(9.73215 0 0)
(7.03425 0 0)
(0.539592 0 0)
(-7.33186 0 0)
(-11.4635 0 0)
(-9.07213 0 0)
(-2.32992 0 0)
(6.27853 0 0)
(9.8295 0 0)
(9.64768 0 0)
(5.72316 0 0)
)
;

boundaryField
{
    sides
    {
        type            fixedValue;
        value           uniform (0 0 0);
    }
    empty
    {
        type            empty;
    }
}


// ************************************************************************* //
