/*--------------------------------*- C++ -*----------------------------------*\
| =========                 |                                                 |
| \\      /  F ield         | OpenFOAM: The Open Source CFD Toolbox           |
|  \\    /   O peration     | Version:  2412                                  |
|   \\  /    A nd           | Website:  www.openfoam.com                      |
|    \\/     M anipulation  |                                                 |
\*---------------------------------------------------------------------------*/
FoamFile
{
    version     2.0;
    format      ascii;
    arch        "LSB;label=32;scalar=64";
    class       volVectorField;
    location    "0.0507816";
    object      U;
}
// * * * * * * * * * * * * * * * * * * * * * * * * * * * * * * * * * * * * * //

dimensions      [0 1 -1 0 0 0 0];

internalField   nonuniform List<vector> 
100
(
(8.99273 0 0)
(-7.46982 0 0)
(-2.15744 0 0)
(6.83606 0 0)
(12.2242 0 0)
(4.55204 0 0)
(-13.7944 0 0)
(-26.309 0 0)
(-31.3379 0 0)
(-4.24255 0 0)
(15.838 0 0)
(-47.7039 0 0)
(-202.247 0 0)
(-232.087 0 0)
(-246.376 0 0)
(-247.632 0 0)
(-246.32 0 0)
(-242.216 0 0)
(-225.372 0 0)
(-208.184 0 0)
(-203.492 0 0)
(-201.937 0 0)
(-201.03 0 0)
(-204.534 0 0)
(-216.667 0 0)
(-221.152 0 0)
(-219.895 0 0)
(-217.681 0 0)
(-212.621 0 0)
(-208.159 0 0)
(-205.53 0 0)
(-203.562 0 0)
(-199.657 0 0)
(-194.801 0 0)
(-191.83 0 0)
(-190.48 0 0)
(-190.34 0 0)
(-193.1 0 0)
(-193.839 0 0)
(-192.598 0 0)
(-189.112 0 0)
(-181.751 0 0)
(-176.984 0 0)
(-175.393 0 0)
(-181.011 0 0)
(-200.012 0 0)
(-206.492 0 0)
(-205.459 0 0)
(-203.358 0 0)
(-197.444 0 0)
(-176.308 0 0)
(-153.343 0 0)
(-143.329 0 0)
(-139.409 0 0)
(-137.09 0 0)
(-134.793 0 0)
(-131.463 0 0)
(-127.656 0 0)
(-124.914 0 0)
(-123.819 0 0)
(-123.056 0 0)
(-122.631 0 0)
(-122.597 0 0)
(-122.347 0 0)
(-121.428 0 0)
(-118.954 0 0)
(-113.338 0 0)
(-105.169 0 0)
(-98.6811 0 0)
(-93.9561 0 0)
(-90.64 0 0)
(-88.3781 0 0)
(-87.5719 0 0)
(-86.6783 0 0)
(-86.1265 0 0)
(-83.7465 0 0)
(-80.0251 0 0)
(-75.5537 0 0)
(-70.4538 0 0)
(-67.2761 0 0)
(-63.0326 0 0)
(-60.4204 0 0)
(-56.9615 0 0)
(-54.2879 0 0)
(-50.8892 0 0)
(-47.3095 0 0)
(-44.3092 0 0)
(-39.877 0 0)
(-37.0574 0 0)
(-33.7203 0 0)
(-31.2171 0 0)
(-27.9726 0 0)
(-24.9717 0 0)
(-21.2732 0 0)
(-17.5903 0 0)
(-14.1326 0 0)
(-10.5805 0 0)
(-7.63461 0 0)
(-4.13239 0 0)
(-1.61227 0 0)
)
;

boundaryField
{
    sides
    {
        type            fixedValue;
        value           uniform (0 0 0);
    }
    empty
    {
        type            empty;
    }
}


// ************************************************************************* //
