/*--------------------------------*- C++ -*----------------------------------*\
| =========                 |                                                 |
| \\      /  F ield         | OpenFOAM: The Open Source CFD Toolbox           |
|  \\    /   O peration     | Version:  2412                                  |
|   \\  /    A nd           | Website:  www.openfoam.com                      |
|    \\/     M anipulation  |                                                 |
\*---------------------------------------------------------------------------*/
FoamFile
{
    version     2.0;
    format      ascii;
    arch        "LSB;label=32;scalar=64";
    class       volVectorField;
    location    "0.0346499";
    object      U;
}
// * * * * * * * * * * * * * * * * * * * * * * * * * * * * * * * * * * * * * //

dimensions      [0 1 -1 0 0 0 0];

internalField   nonuniform List<vector> 
100
(
(1.90207 0 0)
(5.84369 0 0)
(9.64348 0 0)
(13.6292 0 0)
(17.3522 0 0)
(21.4585 0 0)
(25.0583 0 0)
(29.2916 0 0)
(32.7905 0 0)
(37.0258 0 0)
(40.6403 0 0)
(44.6887 0 0)
(48.5716 0 0)
(52.3834 0 0)
(56.4937 0 0)
(60.1113 0 0)
(64.299 0 0)
(67.8976 0 0)
(72.0793 0 0)
(75.7484 0 0)
(79.8676 0 0)
(83.6187 0 0)
(87.6535 0 0)
(91.466 0 0)
(95.4385 0 0)
(99.284 0 0)
(103.196 0 0)
(107.035 0 0)
(110.889 0 0)
(114.717 0 0)
(118.573 0 0)
(122.435 0 0)
(126.33 0 0)
(130.184 0 0)
(134.026 0 0)
(137.778 0 0)
(141.501 0 0)
(145.25 0 0)
(148.861 0 0)
(152.428 0 0)
(155.877 0 0)
(159.448 0 0)
(157.012 0 0)
(7.74831 0 0)
(-120.431 0 0)
(-127.767 0 0)
(-110.242 0 0)
(-103.098 0 0)
(-101.834 0 0)
(-101.515 0 0)
(-101.788 0 0)
(-102.458 0 0)
(-101.879 0 0)
(-97.6742 0 0)
(-90.9481 0 0)
(-86.4158 0 0)
(-84.8681 0 0)
(-84.4208 0 0)
(-83.6777 0 0)
(-83.1421 0 0)
(-82.6688 0 0)
(-79.2139 0 0)
(-74.9164 0 0)
(-65.0719 0 0)
(-61.0164 0 0)
(-56.3822 0 0)
(-56.8536 0 0)
(-57.6246 0 0)
(-54.291 0 0)
(-55.5093 0 0)
(-49.3856 0 0)
(-49.3064 0 0)
(-46.2679 0 0)
(-44.3671 0 0)
(-41.5789 0 0)
(-36.221 0 0)
(-35.657 0 0)
(-30.8763 0 0)
(-27.4565 0 0)
(-25.6272 0 0)
(-27.0031 0 0)
(-22.8913 0 0)
(-9.59872 0 0)
(5.27801 0 0)
(12.9211 0 0)
(13.5034 0 0)
(8.14333 0 0)
(-0.490637 0 0)
(-5.9375 0 0)
(-5.63407 0 0)
(-1.44508 0 0)
(2.84647 0 0)
(4.65495 0 0)
(2.98622 0 0)
(-0.0463757 0 0)
(-3.0769 0 0)
(-2.98013 0 0)
(-1.55362 0 0)
(0.143884 0 0)
(-0.672925 0 0)
)
;

boundaryField
{
    sides
    {
        type            fixedValue;
        value           uniform (0 0 0);
    }
    empty
    {
        type            empty;
    }
}


// ************************************************************************* //
