/*--------------------------------*- C++ -*----------------------------------*\
| =========                 |                                                 |
| \\      /  F ield         | OpenFOAM: The Open Source CFD Toolbox           |
|  \\    /   O peration     | Version:  2412                                  |
|   \\  /    A nd           | Website:  www.openfoam.com                      |
|    \\/     M anipulation  |                                                 |
\*---------------------------------------------------------------------------*/
FoamFile
{
    version     2.0;
    format      ascii;
    arch        "LSB;label=32;scalar=64";
    class       volVectorField;
    location    "0.015926";
    object      U;
}
// * * * * * * * * * * * * * * * * * * * * * * * * * * * * * * * * * * * * * //

dimensions      [0 1 -1 0 0 0 0];

internalField   nonuniform List<vector> 
100
(
(9.82188 0 0)
(27.6821 0 0)
(38.8172 0 0)
(46.1559 0 0)
(51.3881 0 0)
(56.2513 0 0)
(61.2768 0 0)
(66.4709 0 0)
(71.7274 0 0)
(76.9925 0 0)
(82.2585 0 0)
(87.5286 0 0)
(92.8045 0 0)
(98.0871 0 0)
(103.376 0 0)
(108.675 0 0)
(113.975 0 0)
(119.298 0 0)
(124.592 0 0)
(129.956 0 0)
(135.177 0 0)
(140.629 0 0)
(145.654 0 0)
(151.265 0 0)
(156.056 0 0)
(161.783 0 0)
(166.63 0 0)
(172.103 0 0)
(177.373 0 0)
(182.369 0 0)
(187.883 0 0)
(192.744 0 0)
(198.33 0 0)
(203.143 0 0)
(208.734 0 0)
(213.745 0 0)
(219.241 0 0)
(224.309 0 0)
(229.746 0 0)
(235.021 0 0)
(240.388 0 0)
(245.554 0 0)
(250.741 0 0)
(256.07 0 0)
(261.211 0 0)
(265.953 0 0)
(270.941 0 0)
(275.88 0 0)
(279.575 0 0)
(282.218 0 0)
(283.902 0 0)
(284.514 0 0)
(284.834 0 0)
(284.636 0 0)
(281.096 0 0)
(279.569 0 0)
(283.974 0 0)
(288.166 0 0)
(286.281 0 0)
(277.258 0 0)
(275.382 0 0)
(286.554 0 0)
(291.051 0 0)
(286.583 0 0)
(275.191 0 0)
(273.896 0 0)
(286.575 0 0)
(291.454 0 0)
(287.783 0 0)
(275.531 0 0)
(275.405 0 0)
(281.877 0 0)
(290.127 0 0)
(289.012 0 0)
(278.601 0 0)
(274.819 0 0)
(276.504 0 0)
(286.879 0 0)
(288.143 0 0)
(287.335 0 0)
(277.274 0 0)
(275.337 0 0)
(277.657 0 0)
(281.141 0 0)
(288.981 0 0)
(288.207 0 0)
(185.454 0 0)
(51.454 0 0)
(2.06338 0 0)
(27.4594 0 0)
(25.7071 0 0)
(19.6161 0 0)
(16.2659 0 0)
(11.9567 0 0)
(5.95247 0 0)
(4.98764 0 0)
(2.41474 0 0)
(0.627082 0 0)
(0.96782 0 0)
(-3.64271 0 0)
)
;

boundaryField
{
    sides
    {
        type            fixedValue;
        value           uniform (0 0 0);
    }
    empty
    {
        type            empty;
    }
}


// ************************************************************************* //
