/*--------------------------------*- C++ -*----------------------------------*\
| =========                 |                                                 |
| \\      /  F ield         | OpenFOAM: The Open Source CFD Toolbox           |
|  \\    /   O peration     | Version:  2412                                  |
|   \\  /    A nd           | Website:  www.openfoam.com                      |
|    \\/     M anipulation  |                                                 |
\*---------------------------------------------------------------------------*/
FoamFile
{
    version     2.0;
    format      ascii;
    arch        "LSB;label=32;scalar=64";
    class       volVectorField;
    location    "0.042874";
    object      U;
}
// * * * * * * * * * * * * * * * * * * * * * * * * * * * * * * * * * * * * * //

dimensions      [0 1 -1 0 0 0 0];

internalField   nonuniform List<vector> 
100
(
(1.6664 0 0)
(4.92447 0 0)
(8.1365 0 0)
(11.2831 0 0)
(14.349 0 0)
(17.3244 0 0)
(20.248 0 0)
(23.1257 0 0)
(25.9676 0 0)
(28.8673 0 0)
(32.2328 0 0)
(35.2437 0 0)
(5.68574 0 0)
(-172.326 0 0)
(-228.352 0 0)
(-223.41 0 0)
(-205.785 0 0)
(-202.031 0 0)
(-201.359 0 0)
(-207.612 0 0)
(-216.443 0 0)
(-217.317 0 0)
(-215.422 0 0)
(-213.285 0 0)
(-206.998 0 0)
(-190.138 0 0)
(-179.29 0 0)
(-176.002 0 0)
(-174.94 0 0)
(-176.675 0 0)
(-184.823 0 0)
(-188.436 0 0)
(-187.412 0 0)
(-185.489 0 0)
(-181.103 0 0)
(-173.958 0 0)
(-169.563 0 0)
(-168.038 0 0)
(-168.976 0 0)
(-170.259 0 0)
(-169.205 0 0)
(-165.551 0 0)
(-157.857 0 0)
(-152.302 0 0)
(-150.393 0 0)
(-151.644 0 0)
(-154.408 0 0)
(-154.074 0 0)
(-151.167 0 0)
(-144.045 0 0)
(-136.79 0 0)
(-133.788 0 0)
(-134.19 0 0)
(-140.295 0 0)
(-144.705 0 0)
(-144.116 0 0)
(-140.268 0 0)
(-130.291 0 0)
(-118.62 0 0)
(-113.326 0 0)
(-111.558 0 0)
(-112.521 0 0)
(-115.949 0 0)
(-117.803 0 0)
(-117.352 0 0)
(-115.288 0 0)
(-112.628 0 0)
(-108.576 0 0)
(-106.617 0 0)
(-103.839 0 0)
(-101.409 0 0)
(-97.002 0 0)
(-93.8089 0 0)
(-93.4668 0 0)
(-92.1125 0 0)
(-93.2833 0 0)
(-89.6237 0 0)
(-85.448 0 0)
(-80.4323 0 0)
(-78.3241 0 0)
(-81.3511 0 0)
(-88.9832 0 0)
(-94.6913 0 0)
(-94.3942 0 0)
(-93.2158 0 0)
(-81.9921 0 0)
(-61.5771 0 0)
(-48.1219 0 0)
(-41.411 0 0)
(-35.7407 0 0)
(-30.9662 0 0)
(-27.432 0 0)
(-24.2039 0 0)
(-21.4831 0 0)
(-19.5182 0 0)
(-18.1774 0 0)
(-16.3234 0 0)
(-13.8088 0 0)
(-9.19509 0 0)
(-3.68715 0 0)
)
;

boundaryField
{
    sides
    {
        type            fixedValue;
        value           uniform (0 0 0);
    }
    empty
    {
        type            empty;
    }
}


// ************************************************************************* //
