/*--------------------------------*- C++ -*----------------------------------*\
| =========                 |                                                 |
| \\      /  F ield         | OpenFOAM: The Open Source CFD Toolbox           |
|  \\    /   O peration     | Version:  2412                                  |
|   \\  /    A nd           | Website:  www.openfoam.com                      |
|    \\/     M anipulation  |                                                 |
\*---------------------------------------------------------------------------*/
FoamFile
{
    version     2.0;
    format      ascii;
    arch        "LSB;label=32;scalar=64";
    class       volVectorField;
    location    "0.0440154";
    object      U;
}
// * * * * * * * * * * * * * * * * * * * * * * * * * * * * * * * * * * * * * //

dimensions      [0 1 -1 0 0 0 0];

internalField   nonuniform List<vector> 
100
(
(1.50381 0 0)
(4.42801 0 0)
(7.41008 0 0)
(10.386 0 0)
(13.4522 0 0)
(16.8546 0 0)
(20.0951 0 0)
(9.40601 0 0)
(-150.288 0 0)
(-232.686 0 0)
(-233.01 0 0)
(-218.29 0 0)
(-214.622 0 0)
(-220.421 0 0)
(-232.096 0 0)
(-233.153 0 0)
(-230.993 0 0)
(-229.123 0 0)
(-224.187 0 0)
(-207.82 0 0)
(-194.425 0 0)
(-190.669 0 0)
(-189.259 0 0)
(-189.824 0 0)
(-197.879 0 0)
(-204.025 0 0)
(-203.561 0 0)
(-201.761 0 0)
(-198.004 0 0)
(-190.359 0 0)
(-184.998 0 0)
(-182.966 0 0)
(-183.099 0 0)
(-185.345 0 0)
(-185.146 0 0)
(-182.929 0 0)
(-176.697 0 0)
(-168.809 0 0)
(-165.459 0 0)
(-164.908 0 0)
(-168.111 0 0)
(-170.151 0 0)
(-168.904 0 0)
(-164.47 0 0)
(-155.727 0 0)
(-149.915 0 0)
(-147.896 0 0)
(-150.185 0 0)
(-158.192 0 0)
(-161.062 0 0)
(-159.803 0 0)
(-155.112 0 0)
(-142.558 0 0)
(-131.654 0 0)
(-127.309 0 0)
(-126.142 0 0)
(-127.504 0 0)
(-132.122 0 0)
(-134.107 0 0)
(-133.455 0 0)
(-131.688 0 0)
(-128.272 0 0)
(-124.576 0 0)
(-122.307 0 0)
(-120.221 0 0)
(-116.46 0 0)
(-112.412 0 0)
(-109.571 0 0)
(-109.259 0 0)
(-108.632 0 0)
(-108.816 0 0)
(-106.453 0 0)
(-102.199 0 0)
(-97.2439 0 0)
(-93.8054 0 0)
(-95.9414 0 0)
(-103.342 0 0)
(-111.939 0 0)
(-112.62 0 0)
(-109.828 0 0)
(-103.334 0 0)
(-86.8062 0 0)
(-69.6193 0 0)
(-58.2525 0 0)
(-53.9269 0 0)
(-49.4071 0 0)
(-46.2194 0 0)
(-43.4943 0 0)
(-42.1445 0 0)
(-40.4474 0 0)
(-38.1474 0 0)
(-35.3515 0 0)
(-31.8522 0 0)
(-26.6766 0 0)
(-21.041 0 0)
(-15.5705 0 0)
(-9.59972 0 0)
(-5.63983 0 0)
(-1.77053 0 0)
(-0.397166 0 0)
)
;

boundaryField
{
    sides
    {
        type            fixedValue;
        value           uniform (0 0 0);
    }
    empty
    {
        type            empty;
    }
}


// ************************************************************************* //
