/*--------------------------------*- C++ -*----------------------------------*\
| =========                 |                                                 |
| \\      /  F ield         | OpenFOAM: The Open Source CFD Toolbox           |
|  \\    /   O peration     | Version:  2412                                  |
|   \\  /    A nd           | Website:  www.openfoam.com                      |
|    \\/     M anipulation  |                                                 |
\*---------------------------------------------------------------------------*/
FoamFile
{
    version     2.0;
    format      ascii;
    arch        "LSB;label=32;scalar=64";
    class       volVectorField;
    location    "0.0181103";
    object      U;
}
// * * * * * * * * * * * * * * * * * * * * * * * * * * * * * * * * * * * * * //

dimensions      [0 1 -1 0 0 0 0];

internalField   nonuniform List<vector> 
100
(
(4.13372 0 0)
(12.7581 0 0)
(20.9646 0 0)
(29.2216 0 0)
(38.1436 0 0)
(47.5249 0 0)
(58.1042 0 0)
(70.0299 0 0)
(82.7247 0 0)
(94.7734 0 0)
(104.884 0 0)
(113.353 0 0)
(119.179 0 0)
(122.985 0 0)
(126.473 0 0)
(130.48 0 0)
(135.01 0 0)
(139.982 0 0)
(144.638 0 0)
(149.573 0 0)
(153.845 0 0)
(158.844 0 0)
(163.064 0 0)
(168.037 0 0)
(172.513 0 0)
(177.148 0 0)
(181.922 0 0)
(186.283 0 0)
(191.166 0 0)
(195.437 0 0)
(200.386 0 0)
(204.694 0 0)
(209.576 0 0)
(214.015 0 0)
(218.875 0 0)
(223.411 0 0)
(228.16 0 0)
(232.77 0 0)
(237.518 0 0)
(242.192 0 0)
(246.843 0 0)
(251.396 0 0)
(255.966 0 0)
(260.675 0 0)
(265.179 0 0)
(269.216 0 0)
(273.583 0 0)
(277.813 0 0)
(280.798 0 0)
(283.027 0 0)
(284.304 0 0)
(284.185 0 0)
(283.961 0 0)
(284.036 0 0)
(282.057 0 0)
(280.842 0 0)
(283.42 0 0)
(286.889 0 0)
(285.867 0 0)
(278.429 0 0)
(276.5 0 0)
(286.612 0 0)
(290.746 0 0)
(285.858 0 0)
(274.945 0 0)
(273.438 0 0)
(288.904 0 0)
(291.898 0 0)
(285.955 0 0)
(273.941 0 0)
(273.017 0 0)
(286.474 0 0)
(291.986 0 0)
(288.269 0 0)
(274.306 0 0)
(274.708 0 0)
(279.072 0 0)
(289.83 0 0)
(289.391 0 0)
(280.575 0 0)
(276.089 0 0)
(260.809 0 0)
(90.0221 0 0)
(17.5018 0 0)
(-8.67607 0 0)
(14.1247 0 0)
(32.83 0 0)
(25.3125 0 0)
(14.0541 0 0)
(8.36526 0 0)
(3.07383 0 0)
(3.31919 0 0)
(10.3305 0 0)
(16.0532 0 0)
(17.7587 0 0)
(18.1134 0 0)
(18.3768 0 0)
(17.7335 0 0)
(14.8354 0 0)
(6.33558 0 0)
)
;

boundaryField
{
    sides
    {
        type            fixedValue;
        value           uniform (0 0 0);
    }
    empty
    {
        type            empty;
    }
}


// ************************************************************************* //
