/*--------------------------------*- C++ -*----------------------------------*\
| =========                 |                                                 |
| \\      /  F ield         | OpenFOAM: The Open Source CFD Toolbox           |
|  \\    /   O peration     | Version:  2412                                  |
|   \\  /    A nd           | Website:  www.openfoam.com                      |
|    \\/     M anipulation  |                                                 |
\*---------------------------------------------------------------------------*/
FoamFile
{
    version     2.0;
    format      ascii;
    arch        "LSB;label=32;scalar=64";
    class       volVectorField;
    location    "0.0156045";
    object      U;
}
// * * * * * * * * * * * * * * * * * * * * * * * * * * * * * * * * * * * * * //

dimensions      [0 1 -1 0 0 0 0];

internalField   nonuniform List<vector> 
100
(
(6.53348 0 0)
(23.2591 0 0)
(33.4701 0 0)
(40.4038 0 0)
(46.0418 0 0)
(51.3746 0 0)
(56.6678 0 0)
(61.9749 0 0)
(67.3037 0 0)
(72.6519 0 0)
(78.0138 0 0)
(83.3844 0 0)
(88.7613 0 0)
(94.1444 0 0)
(99.5335 0 0)
(104.932 0 0)
(110.335 0 0)
(115.756 0 0)
(121.16 0 0)
(126.618 0 0)
(131.973 0 0)
(137.505 0 0)
(142.693 0 0)
(148.374 0 0)
(153.306 0 0)
(159.144 0 0)
(164.028 0 0)
(169.711 0 0)
(174.983 0 0)
(180.159 0 0)
(185.766 0 0)
(190.726 0 0)
(196.401 0 0)
(201.313 0 0)
(207.042 0 0)
(212.1 0 0)
(217.699 0 0)
(222.866 0 0)
(228.464 0 0)
(233.813 0 0)
(239.249 0 0)
(244.507 0 0)
(249.914 0 0)
(255.335 0 0)
(260.436 0 0)
(265.411 0 0)
(270.663 0 0)
(275.498 0 0)
(278.889 0 0)
(282.1 0 0)
(284.413 0 0)
(285.27 0 0)
(285.204 0 0)
(282.157 0 0)
(280.312 0 0)
(281.809 0 0)
(287.139 0 0)
(288.177 0 0)
(278.728 0 0)
(276.261 0 0)
(282.098 0 0)
(290.407 0 0)
(290.059 0 0)
(276.272 0 0)
(274.752 0 0)
(281.879 0 0)
(291.296 0 0)
(290.754 0 0)
(277.02 0 0)
(275.024 0 0)
(278.879 0 0)
(289.38 0 0)
(289.183 0 0)
(282.24 0 0)
(275.168 0 0)
(275.99 0 0)
(284.388 0 0)
(288.948 0 0)
(287.585 0 0)
(279.717 0 0)
(274.899 0 0)
(278.084 0 0)
(278.738 0 0)
(287.469 0 0)
(287.214 0 0)
(282.344 0 0)
(272.796 0 0)
(115.39 0 0)
(18.7122 0 0)
(17.9898 0 0)
(18.7828 0 0)
(16.7946 0 0)
(9.56338 0 0)
(5.59648 0 0)
(3.87247 0 0)
(4.17728 0 0)
(1.61517 0 0)
(0.0672595 0 0)
(0.775752 0 0)
(-3.12403 0 0)
)
;

boundaryField
{
    sides
    {
        type            fixedValue;
        value           uniform (0 0 0);
    }
    empty
    {
        type            empty;
    }
}


// ************************************************************************* //
