/*--------------------------------*- C++ -*----------------------------------*\
| =========                 |                                                 |
| \\      /  F ield         | OpenFOAM: The Open Source CFD Toolbox           |
|  \\    /   O peration     | Version:  2412                                  |
|   \\  /    A nd           | Website:  www.openfoam.com                      |
|    \\/     M anipulation  |                                                 |
\*---------------------------------------------------------------------------*/
FoamFile
{
    version     2.0;
    format      ascii;
    arch        "LSB;label=32;scalar=64";
    class       volVectorField;
    location    "0.0542712";
    object      U;
}
// * * * * * * * * * * * * * * * * * * * * * * * * * * * * * * * * * * * * * //

dimensions      [0 1 -1 0 0 0 0];

internalField   nonuniform List<vector> 
100
(
(2.36726 0 0)
(-14.9952 0 0)
(-15.7021 0 0)
(-14.2458 0 0)
(-3.4637 0 0)
(6.65566 0 0)
(12.5128 0 0)
(18.7731 0 0)
(15.8177 0 0)
(1.26512 0 0)
(-11.0729 0 0)
(-17.4709 0 0)
(-11.5264 0 0)
(0.0444323 0 0)
(6.49892 0 0)
(9.27549 0 0)
(2.91602 0 0)
(-1.91899 0 0)
(-4.84426 0 0)
(-62.2256 0 0)
(-192.833 0 0)
(-231.211 0 0)
(-228.236 0 0)
(-218.741 0 0)
(-213.964 0 0)
(-212.355 0 0)
(-220.675 0 0)
(-244.22 0 0)
(-249.825 0 0)
(-248.486 0 0)
(-246.344 0 0)
(-242.532 0 0)
(-221.968 0 0)
(-190.979 0 0)
(-178.421 0 0)
(-175.484 0 0)
(-174.507 0 0)
(-174.113 0 0)
(-173.011 0 0)
(-170.986 0 0)
(-166.161 0 0)
(-161.64 0 0)
(-159.638 0 0)
(-158.833 0 0)
(-158.062 0 0)
(-158.058 0 0)
(-159.168 0 0)
(-159.825 0 0)
(-159.288 0 0)
(-158.26 0 0)
(-156.022 0 0)
(-149.447 0 0)
(-137.566 0 0)
(-129.682 0 0)
(-126.046 0 0)
(-124.55 0 0)
(-123.808 0 0)
(-123.152 0 0)
(-123.01 0 0)
(-122.986 0 0)
(-122.369 0 0)
(-120.511 0 0)
(-116.234 0 0)
(-109.645 0 0)
(-104.811 0 0)
(-101.544 0 0)
(-98.9371 0 0)
(-96.6938 0 0)
(-94.1065 0 0)
(-91.0887 0 0)
(-87.8938 0 0)
(-84.663 0 0)
(-81.6859 0 0)
(-78.4161 0 0)
(-75.5911 0 0)
(-72.4726 0 0)
(-69.858 0 0)
(-67.0408 0 0)
(-64.3377 0 0)
(-61.417 0 0)
(-58.1224 0 0)
(-55.5177 0 0)
(-51.6756 0 0)
(-49.1302 0 0)
(-45.9731 0 0)
(-42.9255 0 0)
(-40.0326 0 0)
(-36.9102 0 0)
(-34.6456 0 0)
(-31.2824 0 0)
(-28.6057 0 0)
(-25.3904 0 0)
(-22.6746 0 0)
(-19.5017 0 0)
(-16.4168 0 0)
(-13.2007 0 0)
(-9.95381 0 0)
(-7.10823 0 0)
(-3.78121 0 0)
(-1.31874 0 0)
)
;

boundaryField
{
    sides
    {
        type            fixedValue;
        value           uniform (0 0 0);
    }
    empty
    {
        type            empty;
    }
}


// ************************************************************************* //
