/*--------------------------------*- C++ -*----------------------------------*\
| =========                 |                                                 |
| \\      /  F ield         | OpenFOAM: The Open Source CFD Toolbox           |
|  \\    /   O peration     | Version:  2412                                  |
|   \\  /    A nd           | Website:  www.openfoam.com                      |
|    \\/     M anipulation  |                                                 |
\*---------------------------------------------------------------------------*/
FoamFile
{
    version     2.0;
    format      ascii;
    arch        "LSB;label=32;scalar=64";
    class       volVectorField;
    location    "0.00194725";
    object      U;
}
// * * * * * * * * * * * * * * * * * * * * * * * * * * * * * * * * * * * * * //

dimensions      [0 1 -1 0 0 0 0];

internalField   nonuniform List<vector> 
100
(
(-1.43906e-14 0 0)
(-7.34647e-14 0 0)
(4.09053e-15 0 0)
(1.00194e-13 0 0)
(8.02081e-14 0 0)
(3.33037e-14 0 0)
(-2.58788e-14 0 0)
(-5.87741e-14 0 0)
(3.61877e-14 0 0)
(9.30946e-15 0 0)
(-7.93237e-15 0 0)
(5.39235e-14 0 0)
(-1.64812e-14 0 0)
(-5.67106e-14 0 0)
(-3.1832e-14 0 0)
(5.8689e-14 0 0)
(6.97031e-14 0 0)
(1.62414e-14 0 0)
(-4.83942e-14 0 0)
(-5.41665e-14 0 0)
(-7.79033e-15 0 0)
(-7.48763e-16 0 0)
(1.59954e-14 0 0)
(7.12883e-15 0 0)
(5.22713e-14 0 0)
(4.47818e-14 0 0)
(5.5399e-14 0 0)
(5.51141e-14 0 0)
(3.1628e-14 0 0)
(-2.41576e-15 0 0)
(3.83455e-14 0 0)
(8.83137e-14 0 0)
(1.67043e-13 0 0)
(1.21217e-13 0 0)
(-1.25158e-14 0 0)
(-7.03585e-14 0 0)
(-1.41081e-13 0 0)
(3.26151e-11 0 0)
(2.71894e-08 0 0)
(1.3131e-05 0 0)
(0.00297392 0 0)
(0.232008 0 0)
(4.48134 0 0)
(24.109 0 0)
(57.8957 0 0)
(97.6508 0 0)
(129.443 0 0)
(170.077 0 0)
(208.344 0 0)
(236.169 0 0)
(283.859 0 0)
(292.169 0 0)
(276.41 0 0)
(272.714 0 0)
(274.564 0 0)
(283.709 0 0)
(294.107 0 0)
(302.291 0 0)
(276.429 0 0)
(106.652 0 0)
(1.87897 0 0)
(0.00161059 0 0)
(2.37382e-07 0 0)
(2.37835e-11 0 0)
(1.16439e-13 0 0)
(8.75436e-14 0 0)
(1.28667e-15 0 0)
(-2.81154e-14 0 0)
(-2.83402e-14 0 0)
(-4.2073e-14 0 0)
(6.16605e-15 0 0)
(5.43369e-14 0 0)
(-2.17271e-14 0 0)
(-8.8917e-14 0 0)
(4.87629e-16 0 0)
(6.27727e-14 0 0)
(2.7983e-14 0 0)
(-2.10049e-14 0 0)
(-8.2848e-14 0 0)
(-1.40795e-15 0 0)
(9.14101e-14 0 0)
(4.52151e-14 0 0)
(4.80759e-15 0 0)
(-4.91158e-14 0 0)
(-3.62837e-14 0 0)
(2.82817e-14 0 0)
(2.41988e-14 0 0)
(-9.37594e-15 0 0)
(-9.04913e-14 0 0)
(-1.91962e-13 0 0)
(-1.27792e-13 0 0)
(-6.93552e-14 0 0)
(5.73277e-14 0 0)
(9.08991e-14 0 0)
(-3.65775e-14 0 0)
(-1.36031e-14 0 0)
(-1.37097e-14 0 0)
(3.57209e-14 0 0)
(1.40103e-14 0 0)
(-6.46071e-14 0 0)
)
;

boundaryField
{
    sides
    {
        type            fixedValue;
        value           uniform (0 0 0);
    }
    empty
    {
        type            empty;
    }
}


// ************************************************************************* //
