/*--------------------------------*- C++ -*----------------------------------*\
| =========                 |                                                 |
| \\      /  F ield         | OpenFOAM: The Open Source CFD Toolbox           |
|  \\    /   O peration     | Version:  2412                                  |
|   \\  /    A nd           | Website:  www.openfoam.com                      |
|    \\/     M anipulation  |                                                 |
\*---------------------------------------------------------------------------*/
FoamFile
{
    version     2.0;
    format      ascii;
    arch        "LSB;label=32;scalar=64";
    class       volVectorField;
    location    "0.0341473";
    object      U;
}
// * * * * * * * * * * * * * * * * * * * * * * * * * * * * * * * * * * * * * //

dimensions      [0 1 -1 0 0 0 0];

internalField   nonuniform List<vector> 
100
(
(1.94022 0 0)
(5.94055 0 0)
(9.81102 0 0)
(13.8465 0 0)
(17.6409 0 0)
(21.7942 0 0)
(25.4772 0 0)
(29.7751 0 0)
(33.3567 0 0)
(37.6527 0 0)
(41.3081 0 0)
(45.4449 0 0)
(49.3682 0 0)
(53.2664 0 0)
(57.4359 0 0)
(61.1412 0 0)
(65.4024 0 0)
(69.0724 0 0)
(73.3335 0 0)
(77.0663 0 0)
(81.2559 0 0)
(85.0679 0 0)
(89.1812 0 0)
(93.0542 0 0)
(97.0936 0 0)
(100.989 0 0)
(104.952 0 0)
(108.85 0 0)
(112.787 0 0)
(116.715 0 0)
(120.675 0 0)
(124.632 0 0)
(128.604 0 0)
(132.539 0 0)
(136.469 0 0)
(140.306 0 0)
(144.124 0 0)
(147.95 0 0)
(151.665 0 0)
(155.383 0 0)
(158.969 0 0)
(162.285 0 0)
(165.416 0 0)
(168.376 0 0)
(137.743 0 0)
(-56.6061 0 0)
(-121.804 0 0)
(-116.844 0 0)
(-100.684 0 0)
(-95.2371 0 0)
(-94.1627 0 0)
(-92.709 0 0)
(-92.6183 0 0)
(-93.2239 0 0)
(-92.2668 0 0)
(-89.3076 0 0)
(-83.0548 0 0)
(-77.9801 0 0)
(-76.1743 0 0)
(-75.1875 0 0)
(-74.8686 0 0)
(-73.8464 0 0)
(-74.7724 0 0)
(-69.6768 0 0)
(-65.2681 0 0)
(-56.3024 0 0)
(-50.1031 0 0)
(-47.6094 0 0)
(-45.1327 0 0)
(-49.8897 0 0)
(-47.5547 0 0)
(-47.6969 0 0)
(-42.7491 0 0)
(-38.3928 0 0)
(-36.7162 0 0)
(-31.9535 0 0)
(-32.3369 0 0)
(-30.0744 0 0)
(-29.2926 0 0)
(-21.9156 0 0)
(-11.2819 0 0)
(2.48056 0 0)
(8.39919 0 0)
(9.15944 0 0)
(8.98368 0 0)
(7.01736 0 0)
(4.12491 0 0)
(1.90566 0 0)
(-2.98101 0 0)
(-7.08015 0 0)
(-6.60511 0 0)
(-3.57896 0 0)
(-0.372394 0 0)
(1.3466 0 0)
(3.10096 0 0)
(3.88002 0 0)
(2.38499 0 0)
(0.262219 0 0)
(-0.690876 0 0)
(-0.820592 0 0)
)
;

boundaryField
{
    sides
    {
        type            fixedValue;
        value           uniform (0 0 0);
    }
    empty
    {
        type            empty;
    }
}


// ************************************************************************* //
