/*--------------------------------*- C++ -*----------------------------------*\
| =========                 |                                                 |
| \\      /  F ield         | OpenFOAM: The Open Source CFD Toolbox           |
|  \\    /   O peration     | Version:  2412                                  |
|   \\  /    A nd           | Website:  www.openfoam.com                      |
|    \\/     M anipulation  |                                                 |
\*---------------------------------------------------------------------------*/
FoamFile
{
    version     2.0;
    format      ascii;
    arch        "LSB;label=32;scalar=64";
    class       volVectorField;
    location    "0.0399608";
    object      U;
}
// * * * * * * * * * * * * * * * * * * * * * * * * * * * * * * * * * * * * * //

dimensions      [0 1 -1 0 0 0 0];

internalField   nonuniform List<vector> 
100
(
(1.52857 0 0)
(4.62779 0 0)
(7.82283 0 0)
(11.1276 0 0)
(14.5395 0 0)
(17.9927 0 0)
(21.4421 0 0)
(24.8657 0 0)
(28.2384 0 0)
(31.5348 0 0)
(34.7435 0 0)
(37.8989 0 0)
(41.079 0 0)
(44.3004 0 0)
(47.569 0 0)
(50.8826 0 0)
(54.2188 0 0)
(57.5604 0 0)
(60.9071 0 0)
(64.2419 0 0)
(67.5516 0 0)
(70.922 0 0)
(74.7018 0 0)
(77.5599 0 0)
(4.54587 0 0)
(-165.808 0 0)
(-197.268 0 0)
(-192.418 0 0)
(-185.115 0 0)
(-180.148 0 0)
(-172.61 0 0)
(-166.283 0 0)
(-163.937 0 0)
(-164.286 0 0)
(-170.088 0 0)
(-174.275 0 0)
(-173.725 0 0)
(-172.031 0 0)
(-168.091 0 0)
(-156.581 0 0)
(-144.279 0 0)
(-139.511 0 0)
(-138.173 0 0)
(-139.526 0 0)
(-143.784 0 0)
(-145.476 0 0)
(-144.686 0 0)
(-143.168 0 0)
(-139.638 0 0)
(-133.643 0 0)
(-129.245 0 0)
(-128.034 0 0)
(-128.334 0 0)
(-128.042 0 0)
(-125.692 0 0)
(-120.123 0 0)
(-113.475 0 0)
(-110.523 0 0)
(-110.371 0 0)
(-111.571 0 0)
(-111.228 0 0)
(-108.432 0 0)
(-102.475 0 0)
(-95.8971 0 0)
(-93.4568 0 0)
(-93.5679 0 0)
(-98.6698 0 0)
(-100.111 0 0)
(-98.8993 0 0)
(-93.5109 0 0)
(-83.248 0 0)
(-75.9641 0 0)
(-70.1834 0 0)
(-72.5869 0 0)
(-72.934 0 0)
(-74.1372 0 0)
(-74.2204 0 0)
(-72.001 0 0)
(-70.0787 0 0)
(-65.709 0 0)
(-64.0457 0 0)
(-60.3881 0 0)
(-57.3729 0 0)
(-53.5416 0 0)
(-50.6977 0 0)
(-49.1631 0 0)
(-49.3815 0 0)
(-49.6364 0 0)
(-47.4949 0 0)
(-42.7108 0 0)
(-38.9836 0 0)
(-37.2311 0 0)
(-37.834 0 0)
(-43.4397 0 0)
(-48.8352 0 0)
(-48.5382 0 0)
(-45.9383 0 0)
(-34.9599 0 0)
(-21.4224 0 0)
(-11.4985 0 0)
)
;

boundaryField
{
    sides
    {
        type            fixedValue;
        value           uniform (0 0 0);
    }
    empty
    {
        type            empty;
    }
}


// ************************************************************************* //
