/*--------------------------------*- C++ -*----------------------------------*\
| =========                 |                                                 |
| \\      /  F ield         | OpenFOAM: The Open Source CFD Toolbox           |
|  \\    /   O peration     | Version:  2412                                  |
|   \\  /    A nd           | Website:  www.openfoam.com                      |
|    \\/     M anipulation  |                                                 |
\*---------------------------------------------------------------------------*/
FoamFile
{
    version     2.0;
    format      ascii;
    arch        "LSB;label=32;scalar=64";
    class       volVectorField;
    location    "0.00718687";
    object      U;
}
// * * * * * * * * * * * * * * * * * * * * * * * * * * * * * * * * * * * * * //

dimensions      [0 1 -1 0 0 0 0];

internalField   nonuniform List<vector> 
100
(
(2.11553e-15 0 0)
(-6.70351e-14 0 0)
(-9.23368e-14 0 0)
(-5.85059e-14 0 0)
(-1.13113e-13 0 0)
(-7.0756e-14 0 0)
(-6.51898e-14 0 0)
(-9.9383e-14 0 0)
(-2.04421e-13 0 0)
(-2.33527e-13 0 0)
(-2.75434e-13 0 0)
(-1.79796e-13 0 0)
(-8.10046e-14 0 0)
(4.11045e-14 0 0)
(9.09463e-14 0 0)
(9.38674e-14 0 0)
(1.53571e-13 0 0)
(1.46734e-13 0 0)
(1.28861e-13 0 0)
(1.30851e-13 0 0)
(1.73487e-11 0 0)
(8.18612e-09 0 0)
(2.87967e-06 0 0)
(0.000584101 0 0)
(0.0491833 0 0)
(1.20078 0 0)
(8.11013 0 0)
(22.3297 0 0)
(38.1149 0 0)
(52.1261 0 0)
(64.5399 0 0)
(76.1995 0 0)
(87.557 0 0)
(98.9425 0 0)
(110.131 0 0)
(121.84 0 0)
(132.608 0 0)
(145.015 0 0)
(155.109 0 0)
(167.264 0 0)
(178.334 0 0)
(188.199 0 0)
(200.505 0 0)
(210.811 0 0)
(223.115 0 0)
(232.288 0 0)
(244.419 0 0)
(256.958 0 0)
(268.409 0 0)
(273.246 0 0)
(278.059 0 0)
(283.943 0 0)
(289.274 0 0)
(288.544 0 0)
(278.363 0 0)
(277.286 0 0)
(282.758 0 0)
(289.102 0 0)
(288.448 0 0)
(278.925 0 0)
(277.873 0 0)
(280.521 0 0)
(287.016 0 0)
(286.308 0 0)
(284.704 0 0)
(278.748 0 0)
(278.408 0 0)
(281.066 0 0)
(283.008 0 0)
(280.703 0 0)
(280.794 0 0)
(283.504 0 0)
(284.678 0 0)
(282.336 0 0)
(277.716 0 0)
(277.099 0 0)
(276.959 0 0)
(278.097 0 0)
(282.92 0 0)
(284.164 0 0)
(283.45 0 0)
(283.409 0 0)
(288.62 0 0)
(287.049 0 0)
(219.166 0 0)
(31.9566 0 0)
(0.16066 0 0)
(6.48705e-05 0 0)
(6.20738e-09 0 0)
(5.5396e-13 0 0)
(-1.91287e-13 0 0)
(-2.67287e-13 0 0)
(-2.80975e-13 0 0)
(-3.0907e-13 0 0)
(-3.1084e-13 0 0)
(-2.59272e-13 0 0)
(-1.01225e-13 0 0)
(-9.75075e-15 0 0)
(5.90381e-14 0 0)
(2.22996e-14 0 0)
)
;

boundaryField
{
    sides
    {
        type            fixedValue;
        value           uniform (0 0 0);
    }
    empty
    {
        type            empty;
    }
}


// ************************************************************************* //
