/*--------------------------------*- C++ -*----------------------------------*\
| =========                 |                                                 |
| \\      /  F ield         | OpenFOAM: The Open Source CFD Toolbox           |
|  \\    /   O peration     | Version:  2412                                  |
|   \\  /    A nd           | Website:  www.openfoam.com                      |
|    \\/     M anipulation  |                                                 |
\*---------------------------------------------------------------------------*/
FoamFile
{
    version     2.0;
    format      ascii;
    arch        "LSB;label=32;scalar=64";
    class       volVectorField;
    location    "0.0204178";
    object      U;
}
// * * * * * * * * * * * * * * * * * * * * * * * * * * * * * * * * * * * * * //

dimensions      [0 1 -1 0 0 0 0];

internalField   nonuniform List<vector> 
100
(
(3.68578 0 0)
(11.1697 0 0)
(18.5643 0 0)
(25.9099 0 0)
(33.3359 0 0)
(40.7461 0 0)
(48.2215 0 0)
(55.6834 0 0)
(63.1052 0 0)
(70.4143 0 0)
(77.5582 0 0)
(84.6522 0 0)
(91.7632 0 0)
(99.2736 0 0)
(106.967 0 0)
(115.337 0 0)
(124.117 0 0)
(134.648 0 0)
(145.063 0 0)
(156.368 0 0)
(167.818 0 0)
(177.302 0 0)
(182.536 0 0)
(185.394 0 0)
(187.999 0 0)
(190.274 0 0)
(193.555 0 0)
(196.771 0 0)
(201.573 0 0)
(206.39 0 0)
(211.083 0 0)
(214.938 0 0)
(219.046 0 0)
(223.042 0 0)
(227.283 0 0)
(231.418 0 0)
(235.619 0 0)
(239.773 0 0)
(243.951 0 0)
(248.082 0 0)
(252.212 0 0)
(256.271 0 0)
(260.262 0 0)
(264.437 0 0)
(268.499 0 0)
(271.832 0 0)
(275.666 0 0)
(279.433 0 0)
(281.983 0 0)
(283.578 0 0)
(284.348 0 0)
(283.915 0 0)
(283.315 0 0)
(283.48 0 0)
(283.294 0 0)
(281.992 0 0)
(281.95 0 0)
(285.295 0 0)
(286.632 0 0)
(280.85 0 0)
(278.258 0 0)
(282.642 0 0)
(289.568 0 0)
(289.012 0 0)
(276.208 0 0)
(273.698 0 0)
(284.56 0 0)
(292.171 0 0)
(288.245 0 0)
(272.996 0 0)
(271.583 0 0)
(284.031 0 0)
(293.629 0 0)
(289.564 0 0)
(272.979 0 0)
(273.949 0 0)
(278.089 0 0)
(138.735 0 0)
(30.4897 0 0)
(1.44059 0 0)
(28.1806 0 0)
(20.8953 0 0)
(9.82174 0 0)
(14.3429 0 0)
(4.03102 0 0)
(10.1665 0 0)
(21.0975 0 0)
(21.7851 0 0)
(13.0785 0 0)
(8.79936 0 0)
(-1.67052 0 0)
(-14.4498 0 0)
(-17.6898 0 0)
(-13.4186 0 0)
(-3.89003 0 0)
(2.73839 0 0)
(3.83933 0 0)
(0.723949 0 0)
(-2.21308 0 0)
(-5.36997 0 0)
)
;

boundaryField
{
    sides
    {
        type            fixedValue;
        value           uniform (0 0 0);
    }
    empty
    {
        type            empty;
    }
}


// ************************************************************************* //
