/*--------------------------------*- C++ -*----------------------------------*\
| =========                 |                                                 |
| \\      /  F ield         | OpenFOAM: The Open Source CFD Toolbox           |
|  \\    /   O peration     | Version:  2412                                  |
|   \\  /    A nd           | Website:  www.openfoam.com                      |
|    \\/     M anipulation  |                                                 |
\*---------------------------------------------------------------------------*/
FoamFile
{
    version     2.0;
    format      ascii;
    arch        "LSB;label=32;scalar=64";
    class       volVectorField;
    location    "0.0227828";
    object      U;
}
// * * * * * * * * * * * * * * * * * * * * * * * * * * * * * * * * * * * * * //

dimensions      [0 1 -1 0 0 0 0];

internalField   nonuniform List<vector> 
100
(
(3.23385 0 0)
(9.76696 0 0)
(16.2488 0 0)
(22.7403 0 0)
(29.2282 0 0)
(35.704 0 0)
(42.1971 0 0)
(48.6883 0 0)
(55.1542 0 0)
(61.6523 0 0)
(68.013 0 0)
(74.5362 0 0)
(80.7929 0 0)
(87.4917 0 0)
(93.6467 0 0)
(100.445 0 0)
(106.615 0 0)
(113.449 0 0)
(119.721 0 0)
(126.073 0 0)
(132.366 0 0)
(138.237 0 0)
(144.497 0 0)
(150.474 0 0)
(157.227 0 0)
(163.76 0 0)
(171.24 0 0)
(178.507 0 0)
(186.294 0 0)
(194.205 0 0)
(205.085 0 0)
(220.518 0 0)
(231.875 0 0)
(236.355 0 0)
(239.734 0 0)
(242.686 0 0)
(244.554 0 0)
(245.759 0 0)
(248.364 0 0)
(251.524 0 0)
(254.92 0 0)
(258.945 0 0)
(263.773 0 0)
(267.868 0 0)
(271.465 0 0)
(274.103 0 0)
(277.051 0 0)
(280.543 0 0)
(282.772 0 0)
(283.787 0 0)
(284.225 0 0)
(283.868 0 0)
(283.075 0 0)
(283.084 0 0)
(283.668 0 0)
(283.072 0 0)
(282.025 0 0)
(283.122 0 0)
(285.235 0 0)
(284.513 0 0)
(280.29 0 0)
(279.414 0 0)
(287.516 0 0)
(289.694 0 0)
(281.564 0 0)
(274.929 0 0)
(278.035 0 0)
(290.475 0 0)
(291.299 0 0)
(274.398 0 0)
(272.193 0 0)
(276.497 0 0)
(176.598 0 0)
(37.8659 0 0)
(-1.96312 0 0)
(27.251 0 0)
(20.5719 0 0)
(14.0892 0 0)
(11.9336 0 0)
(3.94007 0 0)
(15.6018 0 0)
(11.1533 0 0)
(1.96581 0 0)
(-3.8765 0 0)
(-13.0586 0 0)
(-11.0494 0 0)
(-5.18713 0 0)
(-1.09558 0 0)
(-0.580067 0 0)
(3.65917 0 0)
(5.90376 0 0)
(6.1806 0 0)
(1.78966 0 0)
(-0.675819 0 0)
(-5.55027 0 0)
(-4.60187 0 0)
(1.11786 0 0)
(7.45239 0 0)
(9.54144 0 0)
(0.729675 0 0)
)
;

boundaryField
{
    sides
    {
        type            fixedValue;
        value           uniform (0 0 0);
    }
    empty
    {
        type            empty;
    }
}


// ************************************************************************* //
