/*--------------------------------*- C++ -*----------------------------------*\
| =========                 |                                                 |
| \\      /  F ield         | OpenFOAM: The Open Source CFD Toolbox           |
|  \\    /   O peration     | Version:  2412                                  |
|   \\  /    A nd           | Website:  www.openfoam.com                      |
|    \\/     M anipulation  |                                                 |
\*---------------------------------------------------------------------------*/
FoamFile
{
    version     2.0;
    format      ascii;
    arch        "LSB;label=32;scalar=64";
    class       volVectorField;
    location    "0.0540647";
    object      U;
}
// * * * * * * * * * * * * * * * * * * * * * * * * * * * * * * * * * * * * * //

dimensions      [0 1 -1 0 0 0 0];

internalField   nonuniform List<vector> 
100
(
(8.42428 0 0)
(-0.365798 0 0)
(-8.09444 0 0)
(-16.7649 0 0)
(-18.4518 0 0)
(-7.70377 0 0)
(9.45776 0 0)
(22.8543 0 0)
(23.7825 0 0)
(12.1081 0 0)
(-8.67675 0 0)
(-20.7326 0 0)
(-12.8804 0 0)
(0.234277 0 0)
(8.96084 0 0)
(7.10443 0 0)
(-4.71212 0 0)
(-8.2731 0 0)
(-14.698 0 0)
(-112.612 0 0)
(-222.46 0 0)
(-231.176 0 0)
(-229.657 0 0)
(-225.702 0 0)
(-217.652 0 0)
(-212.095 0 0)
(-210.427 0 0)
(-216.467 0 0)
(-240.004 0 0)
(-247.494 0 0)
(-246.142 0 0)
(-244.358 0 0)
(-240.554 0 0)
(-222.557 0 0)
(-190.91 0 0)
(-176.928 0 0)
(-173.41 0 0)
(-172.535 0 0)
(-171.865 0 0)
(-170.932 0 0)
(-168.707 0 0)
(-164.051 0 0)
(-159.557 0 0)
(-157.708 0 0)
(-156.85 0 0)
(-156.132 0 0)
(-156.066 0 0)
(-157.154 0 0)
(-157.71 0 0)
(-157.128 0 0)
(-156.006 0 0)
(-153.566 0 0)
(-146.511 0 0)
(-134.909 0 0)
(-127.525 0 0)
(-124.047 0 0)
(-122.519 0 0)
(-121.766 0 0)
(-121.136 0 0)
(-120.996 0 0)
(-120.883 0 0)
(-120.172 0 0)
(-118.022 0 0)
(-113.337 0 0)
(-106.901 0 0)
(-102.399 0 0)
(-99.1548 0 0)
(-96.6514 0 0)
(-94.3185 0 0)
(-91.633 0 0)
(-88.574 0 0)
(-85.2646 0 0)
(-82.2144 0 0)
(-78.9191 0 0)
(-76.069 0 0)
(-72.8252 0 0)
(-70.0704 0 0)
(-67.1306 0 0)
(-64.4857 0 0)
(-61.7379 0 0)
(-58.5062 0 0)
(-56.0021 0 0)
(-52.1484 0 0)
(-49.5339 0 0)
(-46.2516 0 0)
(-43.0569 0 0)
(-40.1085 0 0)
(-36.9193 0 0)
(-34.6398 0 0)
(-31.2499 0 0)
(-28.6118 0 0)
(-25.5163 0 0)
(-22.9773 0 0)
(-19.8984 0 0)
(-16.7818 0 0)
(-13.4052 0 0)
(-9.84018 0 0)
(-6.83489 0 0)
(-3.48486 0 0)
(-1.29922 0 0)
)
;

boundaryField
{
    sides
    {
        type            fixedValue;
        value           uniform (0 0 0);
    }
    empty
    {
        type            empty;
    }
}


// ************************************************************************* //
