/*--------------------------------*- C++ -*----------------------------------*\
| =========                 |                                                 |
| \\      /  F ield         | OpenFOAM: The Open Source CFD Toolbox           |
|  \\    /   O peration     | Version:  2412                                  |
|   \\  /    A nd           | Website:  www.openfoam.com                      |
|    \\/     M anipulation  |                                                 |
\*---------------------------------------------------------------------------*/
FoamFile
{
    version     2.0;
    format      ascii;
    arch        "LSB;label=32;scalar=64";
    class       volVectorField;
    location    "0.00743873";
    object      U;
}
// * * * * * * * * * * * * * * * * * * * * * * * * * * * * * * * * * * * * * //

dimensions      [0 1 -1 0 0 0 0];

internalField   nonuniform List<vector> 
100
(
(-6.03343e-15 0 0)
(3.90871e-14 0 0)
(-5.1649e-14 0 0)
(-2.58514e-14 0 0)
(-8.04729e-14 0 0)
(-1.03402e-13 0 0)
(-4.06818e-14 0 0)
(-1.15731e-13 0 0)
(-1.47327e-13 0 0)
(-2.17159e-13 0 0)
(-2.42896e-13 0 0)
(-2.28975e-13 0 0)
(-8.89709e-14 0 0)
(9.82501e-14 0 0)
(1.07309e-13 0 0)
(7.76009e-14 0 0)
(1.2908e-13 0 0)
(1.46734e-13 0 0)
(1.20556e-13 0 0)
(4.71402e-12 0 0)
(2.34978e-09 0 0)
(8.95183e-07 0 0)
(0.000208166 0 0)
(0.021558 0 0)
(0.691517 0 0)
(5.92203 0 0)
(18.82 0 0)
(34.4249 0 0)
(48.5082 0 0)
(60.8275 0 0)
(72.219 0 0)
(83.2835 0 0)
(94.2079 0 0)
(105.263 0 0)
(116.053 0 0)
(127.506 0 0)
(137.783 0 0)
(149.894 0 0)
(159.643 0 0)
(171.079 0 0)
(182.198 0 0)
(191.506 0 0)
(203.361 0 0)
(213.387 0 0)
(225.369 0 0)
(235.08 0 0)
(245.186 0 0)
(257.453 0 0)
(269.132 0 0)
(277.368 0 0)
(278.612 0 0)
(280.243 0 0)
(286.925 0 0)
(288.469 0 0)
(284.307 0 0)
(277.156 0 0)
(277.295 0 0)
(287.67 0 0)
(289.1 0 0)
(284.842 0 0)
(278.334 0 0)
(277.823 0 0)
(284.342 0 0)
(287.669 0 0)
(285.458 0 0)
(282.075 0 0)
(277.944 0 0)
(278.67 0 0)
(281.845 0 0)
(283.686 0 0)
(280.49 0 0)
(280.142 0 0)
(282.549 0 0)
(284.168 0 0)
(284.046 0 0)
(280.01 0 0)
(277.066 0 0)
(276.802 0 0)
(277.176 0 0)
(280.477 0 0)
(283.655 0 0)
(283.677 0 0)
(283.786 0 0)
(288.219 0 0)
(289.085 0 0)
(247.769 0 0)
(63.8645 0 0)
(0.626941 0 0)
(0.000382677 0 0)
(4.78211e-08 0 0)
(5.04418e-12 0 0)
(-2.52899e-13 0 0)
(-2.16574e-13 0 0)
(-2.16231e-13 0 0)
(-2.10862e-13 0 0)
(-2.59211e-13 0 0)
(-1.51276e-13 0 0)
(1.17912e-14 0 0)
(1.08825e-13 0 0)
(5.08743e-14 0 0)
)
;

boundaryField
{
    sides
    {
        type            fixedValue;
        value           uniform (0 0 0);
    }
    empty
    {
        type            empty;
    }
}


// ************************************************************************* //
