/*--------------------------------*- C++ -*----------------------------------*\
| =========                 |                                                 |
| \\      /  F ield         | OpenFOAM: The Open Source CFD Toolbox           |
|  \\    /   O peration     | Version:  2412                                  |
|   \\  /    A nd           | Website:  www.openfoam.com                      |
|    \\/     M anipulation  |                                                 |
\*---------------------------------------------------------------------------*/
FoamFile
{
    version     2.0;
    format      ascii;
    arch        "LSB;label=32;scalar=64";
    class       volVectorField;
    location    "0.00806738";
    object      U;
}
// * * * * * * * * * * * * * * * * * * * * * * * * * * * * * * * * * * * * * //

dimensions      [0 1 -1 0 0 0 0];

internalField   nonuniform List<vector> 
100
(
(6.73037e-14 0 0)
(1.61301e-13 0 0)
(1.03125e-13 0 0)
(8.82572e-14 0 0)
(1.7258e-14 0 0)
(-1.0318e-13 0 0)
(-1.30593e-13 0 0)
(-1.40289e-13 0 0)
(-3.30472e-14 0 0)
(-1.11303e-13 0 0)
(-3.10674e-14 0 0)
(7.21844e-15 0 0)
(-8.09359e-14 0 0)
(-9.73507e-14 0 0)
(-1.47674e-14 0 0)
(2.07623e-14 0 0)
(1.53357e-13 0 0)
(4.31399e-12 0 0)
(2.14587e-09 0 0)
(8.19736e-07 0 0)
(0.000191509 0 0)
(0.0200015 0 0)
(0.649812 0 0)
(5.63038 0 0)
(17.9991 0 0)
(32.9368 0 0)
(46.2908 0 0)
(57.8388 0 0)
(68.4386 0 0)
(78.6877 0 0)
(88.8187 0 0)
(98.9951 0 0)
(109.071 0 0)
(119.47 0 0)
(129.28 0 0)
(140.181 0 0)
(149.365 0 0)
(160.562 0 0)
(169.887 0 0)
(179.589 0 0)
(190.524 0 0)
(199.249 0 0)
(209.905 0 0)
(219.177 0 0)
(230.065 0 0)
(240.518 0 0)
(249.936 0 0)
(257.555 0 0)
(268.108 0 0)
(279.803 0 0)
(287.168 0 0)
(282.694 0 0)
(278.979 0 0)
(281.193 0 0)
(287.941 0 0)
(288.158 0 0)
(277.836 0 0)
(276.798 0 0)
(282.065 0 0)
(288.554 0 0)
(288.395 0 0)
(279.804 0 0)
(278.793 0 0)
(280.694 0 0)
(287.629 0 0)
(286.777 0 0)
(285.369 0 0)
(279.03 0 0)
(277.355 0 0)
(278.866 0 0)
(281.044 0 0)
(284.101 0 0)
(283.643 0 0)
(279.533 0 0)
(279.854 0 0)
(281.082 0 0)
(283.184 0 0)
(283.933 0 0)
(283.279 0 0)
(279.143 0 0)
(276.729 0 0)
(276.651 0 0)
(277.475 0 0)
(281.031 0 0)
(282.996 0 0)
(284.173 0 0)
(290.135 0 0)
(291.667 0 0)
(252.532 0 0)
(69.1165 0 0)
(0.735666 0 0)
(0.000473285 0 0)
(6.14793e-08 0 0)
(6.70736e-12 0 0)
(5.36639e-14 0 0)
(4.41899e-15 0 0)
(-1.08614e-13 0 0)
(-8.07584e-14 0 0)
(-1.23405e-14 0 0)
(8.64087e-14 0 0)
)
;

boundaryField
{
    sides
    {
        type            fixedValue;
        value           uniform (0 0 0);
    }
    empty
    {
        type            empty;
    }
}


// ************************************************************************* //
