/*--------------------------------*- C++ -*----------------------------------*\
| =========                 |                                                 |
| \\      /  F ield         | OpenFOAM: The Open Source CFD Toolbox           |
|  \\    /   O peration     | Version:  2412                                  |
|   \\  /    A nd           | Website:  www.openfoam.com                      |
|    \\/     M anipulation  |                                                 |
\*---------------------------------------------------------------------------*/
FoamFile
{
    version     2.0;
    format      ascii;
    arch        "LSB;label=32;scalar=64";
    class       volVectorField;
    location    "0.0403367";
    object      U;
}
// * * * * * * * * * * * * * * * * * * * * * * * * * * * * * * * * * * * * * //

dimensions      [0 1 -1 0 0 0 0];

internalField   nonuniform List<vector> 
100
(
(1.51585 0 0)
(4.65024 0 0)
(7.85956 0 0)
(11.1631 0 0)
(14.5348 0 0)
(17.9323 0 0)
(21.3207 0 0)
(24.6699 0 0)
(27.964 0 0)
(31.2032 0 0)
(34.3866 0 0)
(37.5208 0 0)
(40.6295 0 0)
(43.7692 0 0)
(46.9694 0 0)
(50.2133 0 0)
(53.499 0 0)
(56.8114 0 0)
(60.1195 0 0)
(63.4202 0 0)
(66.9171 0 0)
(70.6624 0 0)
(64.8889 0 0)
(-92.0212 0 0)
(-197.159 0 0)
(-203.03 0 0)
(-193.016 0 0)
(-185.17 0 0)
(-178.345 0 0)
(-172.189 0 0)
(-169.349 0 0)
(-168.789 0 0)
(-173.973 0 0)
(-179.625 0 0)
(-179.617 0 0)
(-178.034 0 0)
(-174.963 0 0)
(-165.092 0 0)
(-151.152 0 0)
(-145.19 0 0)
(-143.275 0 0)
(-143.723 0 0)
(-148.073 0 0)
(-151.132 0 0)
(-150.801 0 0)
(-149.387 0 0)
(-146.585 0 0)
(-140.78 0 0)
(-135.536 0 0)
(-133.576 0 0)
(-133.719 0 0)
(-134.024 0 0)
(-132.601 0 0)
(-127.918 0 0)
(-120.848 0 0)
(-116.606 0 0)
(-115.644 0 0)
(-116.86 0 0)
(-117.434 0 0)
(-115.91 0 0)
(-110.547 0 0)
(-103.536 0 0)
(-99.28 0 0)
(-98.4941 0 0)
(-102.237 0 0)
(-105.666 0 0)
(-106.62 0 0)
(-101.441 0 0)
(-94.3403 0 0)
(-83.7311 0 0)
(-78.2328 0 0)
(-77.3777 0 0)
(-76.6029 0 0)
(-79.8597 0 0)
(-79.483 0 0)
(-79.7274 0 0)
(-76.9459 0 0)
(-73.2486 0 0)
(-71.1907 0 0)
(-67.8122 0 0)
(-66.281 0 0)
(-61.6063 0 0)
(-57.9927 0 0)
(-55.4624 0 0)
(-54.6042 0 0)
(-53.4797 0 0)
(-52.7486 0 0)
(-49.8095 0 0)
(-45.333 0 0)
(-44.7668 0 0)
(-47.0968 0 0)
(-50.1576 0 0)
(-53.1103 0 0)
(-53.6028 0 0)
(-50.4863 0 0)
(-42.9584 0 0)
(-30.0551 0 0)
(-18.3306 0 0)
(-9.12415 0 0)
(-7.44715 0 0)
)
;

boundaryField
{
    sides
    {
        type            fixedValue;
        value           uniform (0 0 0);
    }
    empty
    {
        type            empty;
    }
}


// ************************************************************************* //
