/*--------------------------------*- C++ -*----------------------------------*\
| =========                 |                                                 |
| \\      /  F ield         | OpenFOAM: The Open Source CFD Toolbox           |
|  \\    /   O peration     | Version:  2412                                  |
|   \\  /    A nd           | Website:  www.openfoam.com                      |
|    \\/     M anipulation  |                                                 |
\*---------------------------------------------------------------------------*/
FoamFile
{
    version     2.0;
    format      ascii;
    arch        "LSB;label=32;scalar=64";
    class       volVectorField;
    location    "0.0265534";
    object      U;
}
// * * * * * * * * * * * * * * * * * * * * * * * * * * * * * * * * * * * * * //

dimensions      [0 1 -1 0 0 0 0];

internalField   nonuniform List<vector> 
100
(
(2.63902 0 0)
(7.96734 0 0)
(13.293 0 0)
(18.6589 0 0)
(24.0199 0 0)
(29.4001 0 0)
(34.7331 0 0)
(40.1647 0 0)
(45.4123 0 0)
(50.9635 0 0)
(56.0585 0 0)
(61.7191 0 0)
(66.6973 0 0)
(72.3694 0 0)
(77.466 0 0)
(82.9886 0 0)
(88.3435 0 0)
(93.6018 0 0)
(99.1363 0 0)
(104.217 0 0)
(109.84 0 0)
(114.921 0 0)
(120.555 0 0)
(125.709 0 0)
(131.295 0 0)
(136.542 0 0)
(142.063 0 0)
(147.355 0 0)
(152.786 0 0)
(158.09 0 0)
(163.476 0 0)
(168.824 0 0)
(174.281 0 0)
(179.773 0 0)
(185.334 0 0)
(190.867 0 0)
(196.286 0 0)
(201.5 0 0)
(206.564 0 0)
(211.557 0 0)
(216.326 0 0)
(220.903 0 0)
(225.608 0 0)
(230.767 0 0)
(237.059 0 0)
(244.331 0 0)
(250.191 0 0)
(252.912 0 0)
(253.75 0 0)
(255.543 0 0)
(264.028 0 0)
(282.539 0 0)
(288.977 0 0)
(289.44 0 0)
(289.629 0 0)
(289.072 0 0)
(289.231 0 0)
(288.82 0 0)
(285.37 0 0)
(281.157 0 0)
(278.926 0 0)
(283.57 0 0)
(284.431 0 0)
(283.781 0 0)
(223.447 0 0)
(51.5645 0 0)
(7.30856 0 0)
(3.45869 0 0)
(10.8334 0 0)
(-0.574864 0 0)
(2.20091 0 0)
(-7.09841 0 0)
(-10.1165 0 0)
(-5.29186 0 0)
(-8.65085 0 0)
(4.96344 0 0)
(3.70936 0 0)
(4.61395 0 0)
(6.11026 0 0)
(1.5073 0 0)
(1.22305 0 0)
(-0.972554 0 0)
(-2.29854 0 0)
(0.891068 0 0)
(2.54316 0 0)
(3.94171 0 0)
(3.63067 0 0)
(-0.0270083 0 0)
(-4.93963 0 0)
(-7.46285 0 0)
(-5.97225 0 0)
(-1.60867 0 0)
(0.872299 0 0)
(3.28333 0 0)
(6.06448 0 0)
(5.44645 0 0)
(1.58355 0 0)
(-1.81467 0 0)
(-2.32282 0 0)
(-2.74325 0 0)
)
;

boundaryField
{
    sides
    {
        type            fixedValue;
        value           uniform (0 0 0);
    }
    empty
    {
        type            empty;
    }
}


// ************************************************************************* //
