/*--------------------------------*- C++ -*----------------------------------*\
| =========                 |                                                 |
| \\      /  F ield         | OpenFOAM: The Open Source CFD Toolbox           |
|  \\    /   O peration     | Version:  2412                                  |
|   \\  /    A nd           | Website:  www.openfoam.com                      |
|    \\/     M anipulation  |                                                 |
\*---------------------------------------------------------------------------*/
FoamFile
{
    version     2.0;
    format      ascii;
    arch        "LSB;label=32;scalar=64";
    class       volVectorField;
    location    "0.00875587";
    object      U;
}
// * * * * * * * * * * * * * * * * * * * * * * * * * * * * * * * * * * * * * //

dimensions      [0 1 -1 0 0 0 0];

internalField   nonuniform List<vector> 
100
(
(2.68116e-14 0 0)
(3.94997e-14 0 0)
(5.47409e-14 0 0)
(-3.31598e-14 0 0)
(-2.34234e-14 0 0)
(7.52922e-14 0 0)
(-3.34919e-14 0 0)
(5.77975e-15 0 0)
(7.45638e-15 0 0)
(3.46715e-14 0 0)
(4.20435e-14 0 0)
(3.16376e-14 0 0)
(-2.42928e-14 0 0)
(-8.10457e-14 0 0)
(-6.66687e-15 0 0)
(1.31551e-11 0 0)
(6.31597e-09 0 0)
(2.23764e-06 0 0)
(0.00046143 0 0)
(0.0400175 0 0)
(1.01856 0 0)
(7.12375 0 0)
(19.9468 0 0)
(34.1107 0 0)
(46.3769 0 0)
(56.9538 0 0)
(66.7043 0 0)
(76.159 0 0)
(85.5274 0 0)
(94.9143 0 0)
(104.267 0 0)
(113.785 0 0)
(123.021 0 0)
(132.865 0 0)
(141.627 0 0)
(151.955 0 0)
(160.322 0 0)
(170.182 0 0)
(179.567 0 0)
(187.814 0 0)
(197.969 0 0)
(206.496 0 0)
(216.432 0 0)
(224.998 0 0)
(234.421 0 0)
(243.993 0 0)
(254.255 0 0)
(262.79 0 0)
(268.281 0 0)
(274.957 0 0)
(285.269 0 0)
(289.603 0 0)
(286.283 0 0)
(278.254 0 0)
(277.096 0 0)
(287.469 0 0)
(289.1 0 0)
(283.853 0 0)
(276.61 0 0)
(276.599 0 0)
(286.614 0 0)
(287.851 0 0)
(284.998 0 0)
(278.542 0 0)
(278.753 0 0)
(283.311 0 0)
(288.827 0 0)
(286.751 0 0)
(284.707 0 0)
(278.57 0 0)
(277.593 0 0)
(279.393 0 0)
(280.097 0 0)
(280.58 0 0)
(283.41 0 0)
(284.252 0 0)
(281.083 0 0)
(279.476 0 0)
(279.807 0 0)
(280.675 0 0)
(283.006 0 0)
(283.787 0 0)
(283.24 0 0)
(279.762 0 0)
(276.867 0 0)
(276.628 0 0)
(276.908 0 0)
(278.714 0 0)
(281.562 0 0)
(288.893 0 0)
(296.045 0 0)
(280.172 0 0)
(140.166 0 0)
(4.53649 0 0)
(0.00641744 0 0)
(1.30724e-06 0 0)
(1.16108e-10 0 0)
(-5.39611e-14 0 0)
(1.56315e-14 0 0)
(1.07454e-13 0 0)
)
;

boundaryField
{
    sides
    {
        type            fixedValue;
        value           uniform (0 0 0);
    }
    empty
    {
        type            empty;
    }
}


// ************************************************************************* //
