/*--------------------------------*- C++ -*----------------------------------*\
| =========                 |                                                 |
| \\      /  F ield         | OpenFOAM: The Open Source CFD Toolbox           |
|  \\    /   O peration     | Version:  2412                                  |
|   \\  /    A nd           | Website:  www.openfoam.com                      |
|    \\/     M anipulation  |                                                 |
\*---------------------------------------------------------------------------*/
FoamFile
{
    version     2.0;
    format      ascii;
    arch        "LSB;label=32;scalar=64";
    class       volVectorField;
    location    "0.00592377";
    object      U;
}
// * * * * * * * * * * * * * * * * * * * * * * * * * * * * * * * * * * * * * //

dimensions      [0 1 -1 0 0 0 0];

internalField   nonuniform List<vector> 
100
(
(5.07798e-14 0 0)
(-3.41454e-14 0 0)
(-7.59037e-14 0 0)
(-1.7305e-13 0 0)
(-2.27436e-13 0 0)
(-1.61103e-13 0 0)
(-1.22402e-13 0 0)
(-1.81091e-13 0 0)
(-2.12669e-13 0 0)
(-1.84261e-13 0 0)
(-1.03529e-13 0 0)
(-5.71578e-14 0 0)
(-1.13814e-13 0 0)
(-5.70293e-14 0 0)
(-4.81685e-14 0 0)
(-6.17732e-14 0 0)
(4.72747e-14 0 0)
(1.058e-13 0 0)
(1.69926e-13 0 0)
(1.47339e-13 0 0)
(7.98007e-14 0 0)
(1.35073e-13 0 0)
(2.24126e-13 0 0)
(3.12996e-13 0 0)
(1.94457e-11 0 0)
(9.2745e-09 0 0)
(3.24115e-06 0 0)
(0.000652238 0 0)
(0.0544414 0 0)
(1.31832 0 0)
(8.87618 0 0)
(24.5313 0 0)
(42.233 0 0)
(58.358 0 0)
(72.9307 0 0)
(86.8594 0 0)
(100.334 0 0)
(114.307 0 0)
(127.238 0 0)
(142.196 0 0)
(154.291 0 0)
(168.716 0 0)
(182.392 0 0)
(193.558 0 0)
(207.853 0 0)
(221.113 0 0)
(236.236 0 0)
(245.422 0 0)
(258.874 0 0)
(275.905 0 0)
(287.044 0 0)
(284.494 0 0)
(278.609 0 0)
(279.659 0 0)
(287.525 0 0)
(287.669 0 0)
(279.491 0 0)
(277.488 0 0)
(281.308 0 0)
(288.127 0 0)
(287.9 0 0)
(284.048 0 0)
(278.745 0 0)
(278.342 0 0)
(280.34 0 0)
(283.26 0 0)
(283.321 0 0)
(278.053 0 0)
(277.188 0 0)
(278.032 0 0)
(280.019 0 0)
(284.751 0 0)
(285.905 0 0)
(284.179 0 0)
(278.377 0 0)
(278.151 0 0)
(287.281 0 0)
(285.705 0 0)
(206.362 0 0)
(22.9153 0 0)
(0.0861815 0 0)
(2.8372e-05 0 0)
(2.40963e-09 0 0)
(1.1569e-13 0 0)
(-1.69529e-13 0 0)
(-6.77114e-14 0 0)
(-2.79488e-14 0 0)
(-9.89829e-14 0 0)
(-2.66804e-13 0 0)
(-2.98993e-13 0 0)
(-2.91875e-13 0 0)
(-2.81685e-13 0 0)
(-2.16392e-13 0 0)
(-2.37629e-13 0 0)
(-2.8239e-13 0 0)
(-3.87781e-13 0 0)
(-4.09369e-13 0 0)
(-3.1095e-13 0 0)
(-1.77583e-13 0 0)
(-4.22031e-14 0 0)
)
;

boundaryField
{
    sides
    {
        type            fixedValue;
        value           uniform (0 0 0);
    }
    empty
    {
        type            empty;
    }
}


// ************************************************************************* //
