/*--------------------------------*- C++ -*----------------------------------*\
| =========                 |                                                 |
| \\      /  F ield         | OpenFOAM: The Open Source CFD Toolbox           |
|  \\    /   O peration     | Version:  2412                                  |
|   \\  /    A nd           | Website:  www.openfoam.com                      |
|    \\/     M anipulation  |                                                 |
\*---------------------------------------------------------------------------*/
FoamFile
{
    version     2.0;
    format      ascii;
    arch        "LSB;label=32;scalar=64";
    class       volVectorField;
    location    "0.0405597";
    object      U;
}
// * * * * * * * * * * * * * * * * * * * * * * * * * * * * * * * * * * * * * //

dimensions      [0 1 -1 0 0 0 0];

internalField   nonuniform List<vector> 
100
(
(1.5205 0 0)
(4.69978 0 0)
(7.92451 0 0)
(11.214 0 0)
(14.5466 0 0)
(17.8967 0 0)
(21.2361 0 0)
(24.535 0 0)
(27.7823 0 0)
(30.9887 0 0)
(34.1555 0 0)
(37.2873 0 0)
(40.3891 0 0)
(43.4928 0 0)
(46.6401 0 0)
(49.8456 0 0)
(53.0921 0 0)
(56.3636 0 0)
(59.65 0 0)
(63.0781 0 0)
(66.8923 0 0)
(65.8787 0 0)
(-68.932 0 0)
(-196.04 0 0)
(-207.325 0 0)
(-197.004 0 0)
(-186.737 0 0)
(-179.84 0 0)
(-174.733 0 0)
(-172.359 0 0)
(-172.041 0 0)
(-177.83 0 0)
(-183.081 0 0)
(-182.781 0 0)
(-181.149 0 0)
(-177.844 0 0)
(-167.123 0 0)
(-153.435 0 0)
(-147.916 0 0)
(-146.158 0 0)
(-146.785 0 0)
(-151.46 0 0)
(-154.54 0 0)
(-154.09 0 0)
(-152.66 0 0)
(-149.684 0 0)
(-143.764 0 0)
(-138.644 0 0)
(-136.762 0 0)
(-137.017 0 0)
(-137.343 0 0)
(-135.949 0 0)
(-131.164 0 0)
(-124.133 0 0)
(-119.79 0 0)
(-118.93 0 0)
(-120.143 0 0)
(-120.915 0 0)
(-119.273 0 0)
(-114.293 0 0)
(-106.918 0 0)
(-102.538 0 0)
(-101.712 0 0)
(-105.013 0 0)
(-109.533 0 0)
(-108.892 0 0)
(-106.918 0 0)
(-97.5649 0 0)
(-87.8011 0 0)
(-81.7197 0 0)
(-79.7083 0 0)
(-81.2729 0 0)
(-82.1179 0 0)
(-84.1427 0 0)
(-81.5073 0 0)
(-81.039 0 0)
(-77.5134 0 0)
(-74.0147 0 0)
(-72.6707 0 0)
(-68.9997 0 0)
(-66.1313 0 0)
(-61.6489 0 0)
(-59.9815 0 0)
(-58.0414 0 0)
(-57.2275 0 0)
(-55.8354 0 0)
(-53.4007 0 0)
(-47.501 0 0)
(-46.1735 0 0)
(-49.2197 0 0)
(-54.9094 0 0)
(-59.1661 0 0)
(-59.4359 0 0)
(-55.5073 0 0)
(-46.9989 0 0)
(-33.1241 0 0)
(-19.6593 0 0)
(-10.6507 0 0)
(-3.69772 0 0)
(-5.32475 0 0)
)
;

boundaryField
{
    sides
    {
        type            fixedValue;
        value           uniform (0 0 0);
    }
    empty
    {
        type            empty;
    }
}


// ************************************************************************* //
