/*--------------------------------*- C++ -*----------------------------------*\
| =========                 |                                                 |
| \\      /  F ield         | OpenFOAM: The Open Source CFD Toolbox           |
|  \\    /   O peration     | Version:  2412                                  |
|   \\  /    A nd           | Website:  www.openfoam.com                      |
|    \\/     M anipulation  |                                                 |
\*---------------------------------------------------------------------------*/
FoamFile
{
    version     2.0;
    format      ascii;
    arch        "LSB;label=32;scalar=64";
    class       volVectorField;
    location    "0.0471818";
    object      U;
}
// * * * * * * * * * * * * * * * * * * * * * * * * * * * * * * * * * * * * * //

dimensions      [0 1 -1 0 0 0 0];

internalField   nonuniform List<vector> 
100
(
(-3.45293 0 0)
(12.1858 0 0)
(-101.657 0 0)
(-216.084 0 0)
(-229.203 0 0)
(-224.741 0 0)
(-224.239 0 0)
(-230.852 0 0)
(-243.7 0 0)
(-244.8 0 0)
(-243.05 0 0)
(-240.033 0 0)
(-232.067 0 0)
(-224.298 0 0)
(-221.849 0 0)
(-220.885 0 0)
(-223.193 0 0)
(-226.056 0 0)
(-225.108 0 0)
(-223.185 0 0)
(-215.772 0 0)
(-207.452 0 0)
(-204.307 0 0)
(-203.594 0 0)
(-207.257 0 0)
(-211.058 0 0)
(-210.086 0 0)
(-207.296 0 0)
(-198.625 0 0)
(-189.619 0 0)
(-186.315 0 0)
(-185.727 0 0)
(-193.131 0 0)
(-202.444 0 0)
(-202.982 0 0)
(-200.941 0 0)
(-193.937 0 0)
(-177.534 0 0)
(-167.496 0 0)
(-164.056 0 0)
(-162.912 0 0)
(-164.304 0 0)
(-171.92 0 0)
(-176.156 0 0)
(-175.58 0 0)
(-173.854 0 0)
(-170.263 0 0)
(-166.227 0 0)
(-163.664 0 0)
(-161.714 0 0)
(-158.187 0 0)
(-153.613 0 0)
(-150.693 0 0)
(-149.586 0 0)
(-149.905 0 0)
(-151.017 0 0)
(-150.469 0 0)
(-148.114 0 0)
(-142.523 0 0)
(-136.958 0 0)
(-134.525 0 0)
(-136.194 0 0)
(-148.702 0 0)
(-158.08 0 0)
(-158.523 0 0)
(-156.54 0 0)
(-150.635 0 0)
(-133.378 0 0)
(-113.873 0 0)
(-102.422 0 0)
(-97.3424 0 0)
(-92.6082 0 0)
(-90.0639 0 0)
(-86.6363 0 0)
(-83.9271 0 0)
(-82.1545 0 0)
(-80.8384 0 0)
(-80.974 0 0)
(-78.8732 0 0)
(-77.4818 0 0)
(-74.028 0 0)
(-68.9744 0 0)
(-61.9764 0 0)
(-55.9203 0 0)
(-52.4377 0 0)
(-48.9244 0 0)
(-47.4961 0 0)
(-45.4774 0 0)
(-43.7758 0 0)
(-40.7902 0 0)
(-37.1888 0 0)
(-32.5291 0 0)
(-28.1446 0 0)
(-23.8288 0 0)
(-19.9914 0 0)
(-16.4485 0 0)
(-12.6459 0 0)
(-9.39292 0 0)
(-5.44366 0 0)
(-2.05454 0 0)
)
;

boundaryField
{
    sides
    {
        type            fixedValue;
        value           uniform (0 0 0);
    }
    empty
    {
        type            empty;
    }
}


// ************************************************************************* //
