/*--------------------------------*- C++ -*----------------------------------*\
| =========                 |                                                 |
| \\      /  F ield         | OpenFOAM: The Open Source CFD Toolbox           |
|  \\    /   O peration     | Version:  2412                                  |
|   \\  /    A nd           | Website:  www.openfoam.com                      |
|    \\/     M anipulation  |                                                 |
\*---------------------------------------------------------------------------*/
FoamFile
{
    version     2.0;
    format      ascii;
    arch        "LSB;label=32;scalar=64";
    class       volVectorField;
    location    "0.0549542";
    object      U;
}
// * * * * * * * * * * * * * * * * * * * * * * * * * * * * * * * * * * * * * //

dimensions      [0 1 -1 0 0 0 0];

internalField   nonuniform List<vector> 
100
(
(-10.9912 0 0)
(-13.823 0 0)
(-6.335 0 0)
(9.19809 0 0)
(21.8542 0 0)
(25.0143 0 0)
(11.254 0 0)
(-9.13472 0 0)
(-20.7851 0 0)
(-14.2073 0 0)
(-3.53127 0 0)
(3.12567 0 0)
(4.11388 0 0)
(-1.193 0 0)
(-4.57604 0 0)
(1.7726 0 0)
(7.38371 0 0)
(5.18123 0 0)
(-3.84938 0 0)
(-8.71614 0 0)
(-10.0555 0 0)
(-109.779 0 0)
(-220.18 0 0)
(-246.692 0 0)
(-257.757 0 0)
(-256.706 0 0)
(-254.941 0 0)
(-252.081 0 0)
(-240.268 0 0)
(-207.833 0 0)
(-187.789 0 0)
(-182.918 0 0)
(-181.614 0 0)
(-181.465 0 0)
(-180.902 0 0)
(-179.871 0 0)
(-176.913 0 0)
(-171.656 0 0)
(-167.571 0 0)
(-166.035 0 0)
(-164.986 0 0)
(-164.422 0 0)
(-164.782 0 0)
(-166.235 0 0)
(-166.635 0 0)
(-166.007 0 0)
(-164.929 0 0)
(-162.731 0 0)
(-155.32 0 0)
(-142.703 0 0)
(-135.198 0 0)
(-132.089 0 0)
(-131.03 0 0)
(-130.253 0 0)
(-129.649 0 0)
(-129.605 0 0)
(-129.696 0 0)
(-129.163 0 0)
(-127.576 0 0)
(-123.644 0 0)
(-116.793 0 0)
(-111.53 0 0)
(-108.247 0 0)
(-105.776 0 0)
(-103.644 0 0)
(-101.228 0 0)
(-98.3085 0 0)
(-95.1666 0 0)
(-91.9638 0 0)
(-88.9368 0 0)
(-85.9585 0 0)
(-82.8928 0 0)
(-80.0334 0 0)
(-77.0664 0 0)
(-74.6232 0 0)
(-71.9623 0 0)
(-69.5128 0 0)
(-66.4159 0 0)
(-63.0379 0 0)
(-59.5898 0 0)
(-56.4206 0 0)
(-53.9673 0 0)
(-50.6063 0 0)
(-48.469 0 0)
(-45.516 0 0)
(-42.7223 0 0)
(-39.9647 0 0)
(-36.8652 0 0)
(-34.409 0 0)
(-31.0392 0 0)
(-28.281 0 0)
(-24.6215 0 0)
(-21.5108 0 0)
(-18.1402 0 0)
(-15.4319 0 0)
(-12.9691 0 0)
(-10.4392 0 0)
(-8.12237 0 0)
(-4.97137 0 0)
(-1.85959 0 0)
)
;

boundaryField
{
    sides
    {
        type            fixedValue;
        value           uniform (0 0 0);
    }
    empty
    {
        type            empty;
    }
}


// ************************************************************************* //
