/*--------------------------------*- C++ -*----------------------------------*\
| =========                 |                                                 |
| \\      /  F ield         | OpenFOAM: The Open Source CFD Toolbox           |
|  \\    /   O peration     | Version:  2412                                  |
|   \\  /    A nd           | Website:  www.openfoam.com                      |
|    \\/     M anipulation  |                                                 |
\*---------------------------------------------------------------------------*/
FoamFile
{
    version     2.0;
    format      ascii;
    arch        "LSB;label=32;scalar=64";
    class       volVectorField;
    location    "0.0194539";
    object      U;
}
// * * * * * * * * * * * * * * * * * * * * * * * * * * * * * * * * * * * * * //

dimensions      [0 1 -1 0 0 0 0];

internalField   nonuniform List<vector> 
100
(
(3.86586 0 0)
(11.8109 0 0)
(19.7099 0 0)
(27.5142 0 0)
(35.438 0 0)
(43.217 0 0)
(50.8641 0 0)
(58.3942 0 0)
(66.0219 0 0)
(73.9722 0 0)
(82.3267 0 0)
(91.3236 0 0)
(101.464 0 0)
(112.779 0 0)
(124.315 0 0)
(135.653 0 0)
(145.622 0 0)
(153.933 0 0)
(158.328 0 0)
(161.61 0 0)
(164.019 0 0)
(167.418 0 0)
(171.14 0 0)
(175.87 0 0)
(180.799 0 0)
(185.106 0 0)
(189.633 0 0)
(193.545 0 0)
(198.102 0 0)
(202.108 0 0)
(206.685 0 0)
(210.814 0 0)
(215.352 0 0)
(219.557 0 0)
(224.002 0 0)
(228.295 0 0)
(232.735 0 0)
(237.075 0 0)
(241.433 0 0)
(245.746 0 0)
(250.071 0 0)
(254.426 0 0)
(258.756 0 0)
(262.941 0 0)
(266.808 0 0)
(271.174 0 0)
(275.166 0 0)
(278.231 0 0)
(281.499 0 0)
(283.73 0 0)
(284.334 0 0)
(284.214 0 0)
(283.383 0 0)
(282.515 0 0)
(282.53 0 0)
(284.6 0 0)
(285.427 0 0)
(280.936 0 0)
(279.121 0 0)
(283.743 0 0)
(288.52 0 0)
(286.757 0 0)
(277.075 0 0)
(274.956 0 0)
(287.591 0 0)
(291.998 0 0)
(286.07 0 0)
(273.409 0 0)
(271.642 0 0)
(288.159 0 0)
(292.415 0 0)
(286.775 0 0)
(273.28 0 0)
(272.505 0 0)
(284.049 0 0)
(292.351 0 0)
(289.617 0 0)
(275.594 0 0)
(267.174 0 0)
(138.34 0 0)
(13.7356 0 0)
(1.07604 0 0)
(12.3689 0 0)
(28.8536 0 0)
(11.5441 0 0)
(16.0113 0 0)
(23.8159 0 0)
(14.6791 0 0)
(4.26502 0 0)
(6.76565 0 0)
(13.1029 0 0)
(21.2528 0 0)
(19.8755 0 0)
(8.01284 0 0)
(-8.84486 0 0)
(-19.1986 0 0)
(-20.4548 0 0)
(-15.0175 0 0)
(-5.91556 0 0)
(-5.83261 0 0)
)
;

boundaryField
{
    sides
    {
        type            fixedValue;
        value           uniform (0 0 0);
    }
    empty
    {
        type            empty;
    }
}


// ************************************************************************* //
