/*--------------------------------*- C++ -*----------------------------------*\
| =========                 |                                                 |
| \\      /  F ield         | OpenFOAM: The Open Source CFD Toolbox           |
|  \\    /   O peration     | Version:  2412                                  |
|   \\  /    A nd           | Website:  www.openfoam.com                      |
|    \\/     M anipulation  |                                                 |
\*---------------------------------------------------------------------------*/
FoamFile
{
    version     2.0;
    format      ascii;
    arch        "LSB;label=32;scalar=64";
    class       volVectorField;
    location    "0.00348769";
    object      U;
}
// * * * * * * * * * * * * * * * * * * * * * * * * * * * * * * * * * * * * * //

dimensions      [0 1 -1 0 0 0 0];

internalField   nonuniform List<vector> 
100
(
(9.37839e-15 0 0)
(-4.95413e-14 0 0)
(-6.0034e-14 0 0)
(-5.96124e-14 0 0)
(6.06535e-16 0 0)
(3.33594e-14 0 0)
(3.01759e-14 0 0)
(2.88624e-14 0 0)
(-2.77764e-14 0 0)
(-4.68839e-14 0 0)
(-1.03522e-13 0 0)
(-1.76358e-14 0 0)
(-4.84728e-14 0 0)
(-4.10864e-14 0 0)
(-7.80835e-15 0 0)
(-2.90905e-14 0 0)
(-1.01944e-14 0 0)
(4.04335e-14 0 0)
(1.53491e-14 0 0)
(9.62064e-15 0 0)
(1.62127e-14 0 0)
(8.73669e-14 0 0)
(1.11942e-13 0 0)
(8.69313e-14 0 0)
(9.21995e-14 0 0)
(5.26746e-14 0 0)
(1.34764e-13 0 0)
(1.82832e-13 0 0)
(1.67395e-13 0 0)
(1.33319e-13 0 0)
(7.84116e-14 0 0)
(1.20263e-13 0 0)
(8.89206e-11 0 0)
(4.50842e-08 0 0)
(1.52455e-05 0 0)
(0.00268202 0 0)
(0.175746 0 0)
(3.10195 0 0)
(16.2339 0 0)
(39.2485 0 0)
(64.075 0 0)
(88.1317 0 0)
(109.39 0 0)
(133.87 0 0)
(153.463 0 0)
(175.947 0 0)
(201.193 0 0)
(214.841 0 0)
(240.158 0 0)
(265.739 0 0)
(282.761 0 0)
(281.066 0 0)
(279.428 0 0)
(286.01 0 0)
(286.835 0 0)
(282.471 0 0)
(276.895 0 0)
(278.013 0 0)
(283.462 0 0)
(285.097 0 0)
(277.173 0 0)
(274.05 0 0)
(275.058 0 0)
(278.678 0 0)
(295.968 0 0)
(297.453 0 0)
(228.219 0 0)
(32.5295 0 0)
(0.151427 0 0)
(5.33653e-05 0 0)
(4.74435e-09 0 0)
(5.53643e-13 0 0)
(8.39741e-14 0 0)
(-4.81651e-15 0 0)
(-2.15407e-16 0 0)
(9.79589e-14 0 0)
(-4.9e-14 0 0)
(7.30844e-15 0 0)
(8.19828e-15 0 0)
(-1.55829e-13 0 0)
(-1.60555e-13 0 0)
(-7.29921e-14 0 0)
(3.31054e-14 0 0)
(-3.54446e-14 0 0)
(-2.97334e-14 0 0)
(-9.08842e-14 0 0)
(-3.04043e-13 0 0)
(-2.39725e-13 0 0)
(-1.74425e-13 0 0)
(-1.08002e-13 0 0)
(-7.15376e-14 0 0)
(-4.85089e-14 0 0)
(-8.94947e-14 0 0)
(-2.16709e-13 0 0)
(-1.97775e-13 0 0)
(-9.76193e-14 0 0)
(-6.20393e-14 0 0)
(5.96395e-16 0 0)
(-2.83249e-14 0 0)
(-9.95807e-14 0 0)
)
;

boundaryField
{
    sides
    {
        type            fixedValue;
        value           uniform (0 0 0);
    }
    empty
    {
        type            empty;
    }
}


// ************************************************************************* //
