/*--------------------------------*- C++ -*----------------------------------*\
| =========                 |                                                 |
| \\      /  F ield         | OpenFOAM: The Open Source CFD Toolbox           |
|  \\    /   O peration     | Version:  2412                                  |
|   \\  /    A nd           | Website:  www.openfoam.com                      |
|    \\/     M anipulation  |                                                 |
\*---------------------------------------------------------------------------*/
FoamFile
{
    version     2.0;
    format      ascii;
    arch        "LSB;label=32;scalar=64";
    class       volVectorField;
    location    "0.0229784";
    object      U;
}
// * * * * * * * * * * * * * * * * * * * * * * * * * * * * * * * * * * * * * //

dimensions      [0 1 -1 0 0 0 0];

internalField   nonuniform List<vector> 
100
(
(3.20151 0 0)
(9.66764 0 0)
(16.0828 0 0)
(22.5094 0 0)
(28.9254 0 0)
(35.3359 0 0)
(41.7622 0 0)
(48.1828 0 0)
(54.5639 0 0)
(60.9853 0 0)
(67.2719 0 0)
(73.7577 0 0)
(79.9566 0 0)
(86.5954 0 0)
(92.6422 0 0)
(99.3481 0 0)
(105.46 0 0)
(112.183 0 0)
(118.473 0 0)
(124.88 0 0)
(131.253 0 0)
(137.098 0 0)
(143.298 0 0)
(149.08 0 0)
(155.458 0 0)
(161.643 0 0)
(168.692 0 0)
(175.66 0 0)
(183.264 0 0)
(190.454 0 0)
(198.408 0 0)
(209.296 0 0)
(225.313 0 0)
(236.339 0 0)
(240.668 0 0)
(244.001 0 0)
(247.024 0 0)
(248.915 0 0)
(249.985 0 0)
(252.361 0 0)
(255.603 0 0)
(258.85 0 0)
(262.548 0 0)
(267.389 0 0)
(271.918 0 0)
(274.759 0 0)
(277.342 0 0)
(280.482 0 0)
(282.79 0 0)
(283.784 0 0)
(284.103 0 0)
(283.892 0 0)
(283.166 0 0)
(282.887 0 0)
(283.539 0 0)
(283.659 0 0)
(282.309 0 0)
(281.994 0 0)
(284.788 0 0)
(285.991 0 0)
(281.265 0 0)
(279.054 0 0)
(283.811 0 0)
(289.287 0 0)
(287.082 0 0)
(276.125 0 0)
(273.531 0 0)
(287.266 0 0)
(291.253 0 0)
(282.981 0 0)
(273.096 0 0)
(261.121 0 0)
(90.7169 0 0)
(16.5161 0 0)
(-2.67978 0 0)
(25.9729 0 0)
(19.7873 0 0)
(18.4569 0 0)
(14.8784 0 0)
(1.5909 0 0)
(9.32551 0 0)
(3.08372 0 0)
(-3.67147 0 0)
(-3.6464 0 0)
(-11.4914 0 0)
(-9.69309 0 0)
(-3.56283 0 0)
(0.0541878 0 0)
(1.97123 0 0)
(7.27403 0 0)
(8.97376 0 0)
(6.91272 0 0)
(-1.32576 0 0)
(-8.34905 0 0)
(-11.1046 0 0)
(-5.08862 0 0)
(3.77587 0 0)
(10.8422 0 0)
(14.5845 0 0)
(4.96207 0 0)
)
;

boundaryField
{
    sides
    {
        type            fixedValue;
        value           uniform (0 0 0);
    }
    empty
    {
        type            empty;
    }
}


// ************************************************************************* //
