/*--------------------------------*- C++ -*----------------------------------*\
| =========                 |                                                 |
| \\      /  F ield         | OpenFOAM: The Open Source CFD Toolbox           |
|  \\    /   O peration     | Version:  2412                                  |
|   \\  /    A nd           | Website:  www.openfoam.com                      |
|    \\/     M anipulation  |                                                 |
\*---------------------------------------------------------------------------*/
FoamFile
{
    version     2.0;
    format      ascii;
    arch        "LSB;label=32;scalar=64";
    class       volVectorField;
    location    "0.000193115";
    object      U;
}
// * * * * * * * * * * * * * * * * * * * * * * * * * * * * * * * * * * * * * //

dimensions      [0 1 -1 0 0 0 0];

internalField   nonuniform List<vector> 
100
(
(1.5253e-21 0 0)
(1.05968e-14 0 0)
(4.09522e-35 0 0)
(-1.05968e-14 0 0)
(-1.5253e-21 0 0)
(1.5253e-21 0 0)
(1.05968e-14 0 0)
(2.7208e-35 0 0)
(-1.05968e-14 0 0)
(-1.5253e-21 0 0)
(-2.19551e-28 0 0)
(-3.16021e-35 0 0)
(-4.54879e-42 0 0)
(-6.54751e-49 0 0)
(-9.42446e-56 0 0)
(-1.35655e-62 0 0)
(-1.95262e-69 0 0)
(-2.81059e-76 0 0)
(-4.04555e-83 0 0)
(-5.82315e-90 0 0)
(-8.38182e-97 0 0)
(-1.20648e-103 0 0)
(-1.7366e-110 0 0)
(-2.49965e-117 0 0)
(-3.59799e-124 0 0)
(-5.17893e-131 0 0)
(-7.45453e-138 0 0)
(2.19551e-28 0 0)
(1.5253e-21 0 0)
(1.05968e-14 0 0)
(1.5253e-21 0 0)
(-6.32041e-35 0 0)
(-1.5253e-21 0 0)
(-1.05968e-14 0 0)
(1.05968e-14 0 0)
(-1.05968e-14 0 0)
(1.05968e-14 0 0)
(-2.19551e-28 0 0)
(-1.05968e-14 0 0)
(-1.5253e-21 0 0)
(-2.19551e-28 0 0)
(-3.16021e-35 0 0)
(-4.54879e-42 0 0)
(-6.54751e-49 0 0)
(2.89957e-27 0 0)
(3.78253e-20 0 0)
(3.36447e-13 0 0)
(1.72088e-06 0 0)
(7.84232 0 0)
(92.6063 0 0)
(183.813 0 0)
(49.0069 0 0)
(6.27928e-05 0 0)
(8.3768e-11 0 0)
(1.06819e-16 0 0)
(1.38677e-22 0 0)
(1.82783e-28 0 0)
(2.43926e-34 0 0)
(3.28769e-40 0 0)
(4.46583e-46 0 0)
(6.10267e-52 0 0)
(8.37767e-58 0 0)
(9.69157e-27 0 0)
(9.482e-21 0 0)
(9.27698e-15 0 0)
(-9.27698e-15 0 0)
(-9.482e-21 0 0)
(-9.69154e-27 0 0)
(-9.90572e-33 0 0)
(-1.01246e-38 0 0)
(-1.03484e-44 0 0)
(-1.05771e-50 0 0)
(-1.08108e-56 0 0)
(-1.10497e-62 0 0)
(-1.12939e-68 0 0)
(-1.15435e-74 0 0)
(-1.17986e-80 0 0)
(-1.20594e-86 0 0)
(-1.23259e-92 0 0)
(9.69157e-27 0 0)
(9.482e-21 0 0)
(9.27698e-15 0 0)
(-9.27698e-15 0 0)
(-9.482e-21 0 0)
(2.97172e-32 0 0)
(9.482e-21 0 0)
(9.27698e-15 0 0)
(-9.27698e-15 0 0)
(-9.482e-21 0 0)
(-9.69154e-27 0 0)
(-9.90572e-33 0 0)
(-1.01246e-38 0 0)
(-1.03484e-44 0 0)
(-1.05771e-50 0 0)
(-1.08108e-56 0 0)
(-1.10497e-62 0 0)
(-1.12939e-68 0 0)
(-1.15435e-74 0 0)
(-1.17986e-80 0 0)
(-1.20594e-86 0 0)
)
;

boundaryField
{
    sides
    {
        type            fixedValue;
        value           uniform (0 0 0);
    }
    empty
    {
        type            empty;
    }
}


// ************************************************************************* //
