/*--------------------------------*- C++ -*----------------------------------*\
| =========                 |                                                 |
| \\      /  F ield         | OpenFOAM: The Open Source CFD Toolbox           |
|  \\    /   O peration     | Version:  2412                                  |
|   \\  /    A nd           | Website:  www.openfoam.com                      |
|    \\/     M anipulation  |                                                 |
\*---------------------------------------------------------------------------*/
FoamFile
{
    version     2.0;
    format      ascii;
    arch        "LSB;label=32;scalar=64";
    class       volVectorField;
    location    "0.0109359";
    object      U;
}
// * * * * * * * * * * * * * * * * * * * * * * * * * * * * * * * * * * * * * //

dimensions      [0 1 -1 0 0 0 0];

internalField   nonuniform List<vector> 
100
(
(-3.17061e-15 0 0)
(4.02878e-14 0 0)
(6.11955e-15 0 0)
(-2.66957e-14 0 0)
(3.24946e-14 0 0)
(1.31636e-13 0 0)
(1.13549e-13 0 0)
(1.27698e-13 0 0)
(7.12989e-12 0 0)
(3.34082e-09 0 0)
(1.21388e-06 0 0)
(0.000265402 0 0)
(0.0253447 0 0)
(0.73317 0 0)
(5.71265 0 0)
(16.9843 0 0)
(29.6921 0 0)
(40.4591 0 0)
(49.4005 0 0)
(57.4098 0 0)
(65.0674 0 0)
(72.6296 0 0)
(80.1815 0 0)
(87.7465 0 0)
(95.3212 0 0)
(102.928 0 0)
(110.518 0 0)
(118.21 0 0)
(125.726 0 0)
(133.6 0 0)
(140.802 0 0)
(148.998 0 0)
(155.805 0 0)
(164.057 0 0)
(171.177 0 0)
(178.506 0 0)
(186.529 0 0)
(193.265 0 0)
(201.246 0 0)
(208.267 0 0)
(216.383 0 0)
(223.463 0 0)
(231.354 0 0)
(238.681 0 0)
(246.236 0 0)
(253.908 0 0)
(261.748 0 0)
(268.074 0 0)
(272.973 0 0)
(278.467 0 0)
(285.514 0 0)
(288.19 0 0)
(285.018 0 0)
(278.914 0 0)
(277.96 0 0)
(287.684 0 0)
(289.17 0 0)
(283.053 0 0)
(275.858 0 0)
(276.544 0 0)
(288.499 0 0)
(288.864 0 0)
(283.954 0 0)
(277.164 0 0)
(277.499 0 0)
(286.912 0 0)
(288.923 0 0)
(286.533 0 0)
(278.155 0 0)
(277.887 0 0)
(278.571 0 0)
(286.853 0 0)
(286.925 0 0)
(284.513 0 0)
(282.296 0 0)
(278.266 0 0)
(278.764 0 0)
(281.217 0 0)
(281.575 0 0)
(282.244 0 0)
(284.229 0 0)
(283.317 0 0)
(278.659 0 0)
(277.618 0 0)
(278.088 0 0)
(279.195 0 0)
(282.232 0 0)
(283.399 0 0)
(283.196 0 0)
(281.595 0 0)
(279.871 0 0)
(279.781 0 0)
(280.59 0 0)
(283.121 0 0)
(283.848 0 0)
(283.956 0 0)
(280.873 0 0)
(272.855 0 0)
(142.699 0 0)
(108.495 0 0)
)
;

boundaryField
{
    sides
    {
        type            fixedValue;
        value           uniform (0 0 0);
    }
    empty
    {
        type            empty;
    }
}


// ************************************************************************* //
