/*--------------------------------*- C++ -*----------------------------------*\
| =========                 |                                                 |
| \\      /  F ield         | OpenFOAM: The Open Source CFD Toolbox           |
|  \\    /   O peration     | Version:  2412                                  |
|   \\  /    A nd           | Website:  www.openfoam.com                      |
|    \\/     M anipulation  |                                                 |
\*---------------------------------------------------------------------------*/
FoamFile
{
    version     2.0;
    format      ascii;
    arch        "LSB;label=32;scalar=64";
    class       volVectorField;
    location    "0.00912928";
    object      U;
}
// * * * * * * * * * * * * * * * * * * * * * * * * * * * * * * * * * * * * * //

dimensions      [0 1 -1 0 0 0 0];

internalField   nonuniform List<vector> 
100
(
(3.48556e-14 0 0)
(-8.54927e-16 0 0)
(2.23831e-14 0 0)
(-7.33312e-14 0 0)
(-3.95749e-14 0 0)
(5.91467e-14 0 0)
(1.19678e-13 0 0)
(5.41301e-14 0 0)
(6.39803e-14 0 0)
(2.65883e-14 0 0)
(5.01268e-14 0 0)
(4.76825e-14 0 0)
(-4.14959e-17 0 0)
(1.52868e-13 0 0)
(4.10302e-11 0 0)
(1.90075e-08 0 0)
(6.19903e-06 0 0)
(0.00111446 0 0)
(0.0790068 0 0)
(1.5649 0 0)
(8.92765 0 0)
(22.1841 0 0)
(35.7762 0 0)
(47.3237 0 0)
(57.3338 0 0)
(66.6382 0 0)
(75.697 0 0)
(84.702 0 0)
(93.6933 0 0)
(102.745 0 0)
(111.727 0 0)
(120.951 0 0)
(129.728 0 0)
(139.321 0 0)
(147.569 0 0)
(157.525 0 0)
(165.668 0 0)
(174.748 0 0)
(184.145 0 0)
(191.938 0 0)
(201.566 0 0)
(209.912 0 0)
(219.455 0 0)
(227.959 0 0)
(237.084 0 0)
(245.558 0 0)
(255.329 0 0)
(264.454 0 0)
(271.252 0 0)
(275.672 0 0)
(280.473 0 0)
(288.274 0 0)
(288.965 0 0)
(283.288 0 0)
(277.215 0 0)
(278.208 0 0)
(289.222 0 0)
(289.44 0 0)
(282.286 0 0)
(276.289 0 0)
(277.607 0 0)
(287.461 0 0)
(287.46 0 0)
(283.98 0 0)
(278.023 0 0)
(278.111 0 0)
(284.1 0 0)
(289.06 0 0)
(286.604 0 0)
(284.798 0 0)
(278.949 0 0)
(277.842 0 0)
(279.688 0 0)
(280.888 0 0)
(279.287 0 0)
(280.463 0 0)
(283.278 0 0)
(284.151 0 0)
(281.431 0 0)
(279.588 0 0)
(279.616 0 0)
(280.203 0 0)
(282.565 0 0)
(283.638 0 0)
(283.47 0 0)
(281.037 0 0)
(277.167 0 0)
(276.665 0 0)
(276.675 0 0)
(277.202 0 0)
(279.944 0 0)
(291.175 0 0)
(297.421 0 0)
(269.188 0 0)
(98.8463 0 0)
(1.65464 0 0)
(0.00142937 0 0)
(2.17268e-07 0 0)
(2.17228e-11 0 0)
(7.29965e-14 0 0)
)
;

boundaryField
{
    sides
    {
        type            fixedValue;
        value           uniform (0 0 0);
    }
    empty
    {
        type            empty;
    }
}


// ************************************************************************* //
