/*--------------------------------*- C++ -*----------------------------------*\
| =========                 |                                                 |
| \\      /  F ield         | OpenFOAM: The Open Source CFD Toolbox           |
|  \\    /   O peration     | Version:  2412                                  |
|   \\  /    A nd           | Website:  www.openfoam.com                      |
|    \\/     M anipulation  |                                                 |
\*---------------------------------------------------------------------------*/
FoamFile
{
    version     2.0;
    format      ascii;
    arch        "LSB;label=32;scalar=64";
    class       volVectorField;
    location    "0.0446505";
    object      U;
}
// * * * * * * * * * * * * * * * * * * * * * * * * * * * * * * * * * * * * * //

dimensions      [0 1 -1 0 0 0 0];

internalField   nonuniform List<vector> 
100
(
(1.40118 0 0)
(4.16415 0 0)
(7.24287 0 0)
(10.7394 0 0)
(10.8699 0 0)
(-101.743 0 0)
(-227.268 0 0)
(-239.471 0 0)
(-228.344 0 0)
(-224.03 0 0)
(-231.536 0 0)
(-241.145 0 0)
(-240.668 0 0)
(-238.819 0 0)
(-235.842 0 0)
(-228.202 0 0)
(-209.254 0 0)
(-200.042 0 0)
(-197.373 0 0)
(-196.529 0 0)
(-198.816 0 0)
(-209.191 0 0)
(-213.264 0 0)
(-212.216 0 0)
(-210.041 0 0)
(-204.995 0 0)
(-196.573 0 0)
(-192.294 0 0)
(-190.663 0 0)
(-191.416 0 0)
(-193.677 0 0)
(-193.079 0 0)
(-190.664 0 0)
(-183.68 0 0)
(-176.208 0 0)
(-173.283 0 0)
(-173.016 0 0)
(-176.624 0 0)
(-178.409 0 0)
(-177.004 0 0)
(-172.327 0 0)
(-163.238 0 0)
(-157.625 0 0)
(-155.692 0 0)
(-158.213 0 0)
(-166.88 0 0)
(-169.894 0 0)
(-168.51 0 0)
(-163.926 0 0)
(-151.224 0 0)
(-139.673 0 0)
(-135.302 0 0)
(-133.964 0 0)
(-135.083 0 0)
(-140.15 0 0)
(-142.946 0 0)
(-142.36 0 0)
(-140.809 0 0)
(-137.329 0 0)
(-133.56 0 0)
(-131.1 0 0)
(-129.291 0 0)
(-125.673 0 0)
(-121.205 0 0)
(-118.391 0 0)
(-117.506 0 0)
(-117.732 0 0)
(-117.544 0 0)
(-116.648 0 0)
(-111.755 0 0)
(-106.677 0 0)
(-102.789 0 0)
(-102.839 0 0)
(-109.579 0 0)
(-119.88 0 0)
(-123.326 0 0)
(-119.785 0 0)
(-116.445 0 0)
(-101.693 0 0)
(-83.6581 0 0)
(-70.3324 0 0)
(-62.7595 0 0)
(-60.3086 0 0)
(-56.1847 0 0)
(-53.1223 0 0)
(-50.5058 0 0)
(-50.0253 0 0)
(-48.6454 0 0)
(-46.9647 0 0)
(-43.8695 0 0)
(-39.4305 0 0)
(-33.8896 0 0)
(-28.3703 0 0)
(-23.0664 0 0)
(-18.1438 0 0)
(-14.4802 0 0)
(-11.4156 0 0)
(-9.25595 0 0)
(-6.09102 0 0)
(-1.7205 0 0)
)
;

boundaryField
{
    sides
    {
        type            fixedValue;
        value           uniform (0 0 0);
    }
    empty
    {
        type            empty;
    }
}


// ************************************************************************* //
