/*--------------------------------*- C++ -*----------------------------------*\
| =========                 |                                                 |
| \\      /  F ield         | OpenFOAM: The Open Source CFD Toolbox           |
|  \\    /   O peration     | Version:  2412                                  |
|   \\  /    A nd           | Website:  www.openfoam.com                      |
|    \\/     M anipulation  |                                                 |
\*---------------------------------------------------------------------------*/
FoamFile
{
    version     2.0;
    format      ascii;
    arch        "LSB;label=32;scalar=64";
    class       volVectorField;
    location    "0.0366405";
    object      U;
}
// * * * * * * * * * * * * * * * * * * * * * * * * * * * * * * * * * * * * * //

dimensions      [0 1 -1 0 0 0 0];

internalField   nonuniform List<vector> 
100
(
(1.77937 0 0)
(5.53691 0 0)
(9.07174 0 0)
(12.8734 0 0)
(16.3034 0 0)
(20.2192 0 0)
(23.5367 0 0)
(27.5374 0 0)
(30.8103 0 0)
(34.6792 0 0)
(38.1926 0 0)
(41.9029 0 0)
(45.6438 0 0)
(49.2137 0 0)
(53.0399 0 0)
(56.3734 0 0)
(60.3191 0 0)
(63.6717 0 0)
(67.5775 0 0)
(71.0043 0 0)
(74.8243 0 0)
(78.3224 0 0)
(82.054 0 0)
(85.6056 0 0)
(89.2832 0 0)
(92.876 0 0)
(96.536 0 0)
(100.156 0 0)
(103.804 0 0)
(107.413 0 0)
(111.022 0 0)
(114.566 0 0)
(118.091 0 0)
(121.602 0 0)
(125.465 0 0)
(128.394 0 0)
(50.6088 0 0)
(-120.841 0 0)
(-150.046 0 0)
(-139.762 0 0)
(-132.711 0 0)
(-133.92 0 0)
(-138.198 0 0)
(-137.834 0 0)
(-134.219 0 0)
(-127.031 0 0)
(-120.321 0 0)
(-117.57 0 0)
(-117.13 0 0)
(-117.67 0 0)
(-118.829 0 0)
(-119.101 0 0)
(-118.003 0 0)
(-114.248 0 0)
(-105.93 0 0)
(-96.1582 0 0)
(-90.947 0 0)
(-90.2747 0 0)
(-90.6296 0 0)
(-91.3549 0 0)
(-90.9108 0 0)
(-89.3166 0 0)
(-88.0261 0 0)
(-83.4699 0 0)
(-80.489 0 0)
(-75.9622 0 0)
(-75.9047 0 0)
(-74.347 0 0)
(-71.1385 0 0)
(-68.3089 0 0)
(-60.2911 0 0)
(-59.6337 0 0)
(-56.3057 0 0)
(-57.4059 0 0)
(-56.388 0 0)
(-50.74 0 0)
(-46.7212 0 0)
(-42.0136 0 0)
(-43.7061 0 0)
(-44.7931 0 0)
(-45.5478 0 0)
(-43.2055 0 0)
(-38.1445 0 0)
(-30.9017 0 0)
(-25.2393 0 0)
(-23.1558 0 0)
(-23.5197 0 0)
(-23.1432 0 0)
(-16.3715 0 0)
(-7.95494 0 0)
(1.98955 0 0)
(9.23266 0 0)
(11.9143 0 0)
(11.0632 0 0)
(4.9751 0 0)
(-0.440997 0 0)
(-0.467438 0 0)
(0.183532 0 0)
(1.21908 0 0)
(1.03362 0 0)
)
;

boundaryField
{
    sides
    {
        type            fixedValue;
        value           uniform (0 0 0);
    }
    empty
    {
        type            empty;
    }
}


// ************************************************************************* //
