/*--------------------------------*- C++ -*----------------------------------*\
| =========                 |                                                 |
| \\      /  F ield         | OpenFOAM: The Open Source CFD Toolbox           |
|  \\    /   O peration     | Version:  2412                                  |
|   \\  /    A nd           | Website:  www.openfoam.com                      |
|    \\/     M anipulation  |                                                 |
\*---------------------------------------------------------------------------*/
FoamFile
{
    version     2.0;
    format      ascii;
    arch        "LSB;label=32;scalar=64";
    class       volVectorField;
    location    "0.0251753";
    object      U;
}
// * * * * * * * * * * * * * * * * * * * * * * * * * * * * * * * * * * * * * //

dimensions      [0 1 -1 0 0 0 0];

internalField   nonuniform List<vector> 
100
(
(2.86042 0 0)
(8.62985 0 0)
(14.343 0 0)
(20.0579 0 0)
(25.7621 0 0)
(31.4569 0 0)
(37.1632 0 0)
(42.9289 0 0)
(48.5917 0 0)
(54.4412 0 0)
(59.9797 0 0)
(65.9554 0 0)
(71.3481 0 0)
(77.3737 0 0)
(82.7116 0 0)
(88.6818 0 0)
(94.2769 0 0)
(100.023 0 0)
(105.843 0 0)
(111.359 0 0)
(117.309 0 0)
(122.701 0 0)
(128.658 0 0)
(134.107 0 0)
(140.026 0 0)
(145.589 0 0)
(151.564 0 0)
(157.305 0 0)
(163.282 0 0)
(169 0 0)
(174.694 0 0)
(180.146 0 0)
(185.536 0 0)
(190.815 0 0)
(196.117 0 0)
(201.489 0 0)
(207.337 0 0)
(213.918 0 0)
(220.855 0 0)
(226.938 0 0)
(231.646 0 0)
(236.42 0 0)
(244.443 0 0)
(261.606 0 0)
(277.882 0 0)
(282.157 0 0)
(284.581 0 0)
(287.527 0 0)
(289.353 0 0)
(288.744 0 0)
(285.456 0 0)
(282.139 0 0)
(281.446 0 0)
(281.11 0 0)
(281.683 0 0)
(282.874 0 0)
(282.977 0 0)
(282.435 0 0)
(284.028 0 0)
(285.32 0 0)
(283.002 0 0)
(280.178 0 0)
(282.513 0 0)
(287.605 0 0)
(287.21 0 0)
(279.337 0 0)
(272.885 0 0)
(192.597 0 0)
(38.274 0 0)
(-1.05162 0 0)
(22.7761 0 0)
(20.9074 0 0)
(11.5677 0 0)
(3.56953 0 0)
(-11.9228 0 0)
(-3.17965 0 0)
(-6.4204 0 0)
(-4.18457 0 0)
(-2.71087 0 0)
(-6.29845 0 0)
(0.220542 0 0)
(2.4676 0 0)
(6.38865 0 0)
(11.5474 0 0)
(6.60195 0 0)
(-1.26843 0 0)
(-8.06492 0 0)
(-6.45562 0 0)
(-3.83808 0 0)
(4.8316 0 0)
(7.82308 0 0)
(5.90832 0 0)
(-1.2829 0 0)
(-6.06733 0 0)
(-7.7565 0 0)
(-4.07905 0 0)
(2.04275 0 0)
(5.16317 0 0)
(6.28595 0 0)
(1.17369 0 0)
)
;

boundaryField
{
    sides
    {
        type            fixedValue;
        value           uniform (0 0 0);
    }
    empty
    {
        type            empty;
    }
}


// ************************************************************************* //
