/*--------------------------------*- C++ -*----------------------------------*\
| =========                 |                                                 |
| \\      /  F ield         | OpenFOAM: The Open Source CFD Toolbox           |
|  \\    /   O peration     | Version:  2412                                  |
|   \\  /    A nd           | Website:  www.openfoam.com                      |
|    \\/     M anipulation  |                                                 |
\*---------------------------------------------------------------------------*/
FoamFile
{
    version     2.0;
    format      ascii;
    arch        "LSB;label=32;scalar=64";
    class       volVectorField;
    location    "0.0251089";
    object      U;
}
// * * * * * * * * * * * * * * * * * * * * * * * * * * * * * * * * * * * * * //

dimensions      [0 1 -1 0 0 0 0];

internalField   nonuniform List<vector> 
100
(
(2.86984 0 0)
(8.65924 0 0)
(14.3945 0 0)
(20.1319 0 0)
(25.8563 0 0)
(31.5666 0 0)
(37.2888 0 0)
(43.0698 0 0)
(48.7536 0 0)
(54.619 0 0)
(60.1791 0 0)
(66.1694 0 0)
(71.585 0 0)
(77.6302 0 0)
(82.9842 0 0)
(88.9736 0 0)
(94.5796 0 0)
(100.355 0 0)
(106.189 0 0)
(111.726 0 0)
(117.69 0 0)
(123.099 0 0)
(129.065 0 0)
(134.532 0 0)
(140.48 0 0)
(146.073 0 0)
(152.089 0 0)
(157.851 0 0)
(163.829 0 0)
(169.523 0 0)
(175.181 0 0)
(180.605 0 0)
(185.986 0 0)
(191.277 0 0)
(196.625 0 0)
(202.123 0 0)
(208.222 0 0)
(215.017 0 0)
(221.811 0 0)
(227.453 0 0)
(232.021 0 0)
(237.509 0 0)
(248.476 0 0)
(267.367 0 0)
(279.105 0 0)
(281.994 0 0)
(284.542 0 0)
(287.547 0 0)
(289.055 0 0)
(287.734 0 0)
(283.996 0 0)
(281.897 0 0)
(281.408 0 0)
(281.18 0 0)
(281.875 0 0)
(283.356 0 0)
(282.934 0 0)
(282.472 0 0)
(284.301 0 0)
(285.265 0 0)
(282.306 0 0)
(280.03 0 0)
(283.632 0 0)
(287.89 0 0)
(285.969 0 0)
(278.722 0 0)
(273.388 0 0)
(220.054 0 0)
(52.2411 0 0)
(-0.0144162 0 0)
(23.2338 0 0)
(21.0337 0 0)
(10.0355 0 0)
(4.28123 0 0)
(-9.33722 0 0)
(-0.952631 0 0)
(-5.58817 0 0)
(-4.60725 0 0)
(-3.60074 0 0)
(-7.61116 0 0)
(-1.16208 0 0)
(1.54207 0 0)
(6.28842 0 0)
(12.108 0 0)
(7.55627 0 0)
(-0.052918 0 0)
(-8.05844 0 0)
(-6.53475 0 0)
(-5.07142 0 0)
(4.22897 0 0)
(8.14887 0 0)
(6.77221 0 0)
(-0.397496 0 0)
(-5.1971 0 0)
(-7.81637 0 0)
(-4.29671 0 0)
(1.17969 0 0)
(4.19859 0 0)
(5.35547 0 0)
(0.246381 0 0)
)
;

boundaryField
{
    sides
    {
        type            fixedValue;
        value           uniform (0 0 0);
    }
    empty
    {
        type            empty;
    }
}


// ************************************************************************* //
