/*--------------------------------*- C++ -*----------------------------------*\
| =========                 |                                                 |
| \\      /  F ield         | OpenFOAM: The Open Source CFD Toolbox           |
|  \\    /   O peration     | Version:  2412                                  |
|   \\  /    A nd           | Website:  www.openfoam.com                      |
|    \\/     M anipulation  |                                                 |
\*---------------------------------------------------------------------------*/
FoamFile
{
    version     2.0;
    format      ascii;
    arch        "LSB;label=32;scalar=64";
    class       volVectorField;
    location    "0.0136263";
    object      U;
}
// * * * * * * * * * * * * * * * * * * * * * * * * * * * * * * * * * * * * * //

dimensions      [0 1 -1 0 0 0 0];

internalField   nonuniform List<vector> 
100
(
(1.4566e-10 0 0)
(6.76479e-08 0 0)
(1.98933e-05 0 0)
(0.00299155 0 0)
(0.162011 0 0)
(2.32696 0 0)
(10.311 0 0)
(21.959 0 0)
(32.4394 0 0)
(40.6974 0 0)
(47.5826 0 0)
(53.8776 0 0)
(59.9852 0 0)
(66.062 0 0)
(72.1519 0 0)
(78.2591 0 0)
(84.3789 0 0)
(90.509 0 0)
(96.6469 0 0)
(102.799 0 0)
(108.953 0 0)
(115.14 0 0)
(121.289 0 0)
(127.54 0 0)
(133.59 0 0)
(139.974 0 0)
(145.755 0 0)
(152.362 0 0)
(157.883 0 0)
(164.531 0 0)
(170.292 0 0)
(176.381 0 0)
(182.731 0 0)
(188.329 0 0)
(194.784 0 0)
(200.426 0 0)
(206.977 0 0)
(212.626 0 0)
(219.024 0 0)
(224.996 0 0)
(231.408 0 0)
(237.37 0 0)
(243.53 0 0)
(249.66 0 0)
(255.666 0 0)
(261.366 0 0)
(267.415 0 0)
(273.274 0 0)
(277.554 0 0)
(280.845 0 0)
(283.144 0 0)
(285.592 0 0)
(286.065 0 0)
(284.309 0 0)
(279.602 0 0)
(278.32 0 0)
(286.944 0 0)
(289.179 0 0)
(283.985 0 0)
(275.981 0 0)
(275.68 0 0)
(288.887 0 0)
(290.143 0 0)
(284.285 0 0)
(275.656 0 0)
(275.574 0 0)
(287.588 0 0)
(289.778 0 0)
(286.396 0 0)
(277.126 0 0)
(277.112 0 0)
(281.605 0 0)
(288.531 0 0)
(287.618 0 0)
(281.441 0 0)
(275.656 0 0)
(277.387 0 0)
(279.729 0 0)
(287.588 0 0)
(286.977 0 0)
(284.033 0 0)
(282.207 0 0)
(278.996 0 0)
(278.598 0 0)
(280.555 0 0)
(282.095 0 0)
(280.644 0 0)
(280.328 0 0)
(282.203 0 0)
(284.389 0 0)
(282.1 0 0)
(183.698 0 0)
(9.23094 0 0)
(-13.6662 0 0)
(0.119322 0 0)
(4.51754 0 0)
(3.01678 0 0)
(2.23221 0 0)
(0.347584 0 0)
(-9.57944 0 0)
)
;

boundaryField
{
    sides
    {
        type            fixedValue;
        value           uniform (0 0 0);
    }
    empty
    {
        type            empty;
    }
}


// ************************************************************************* //
