/*--------------------------------*- C++ -*----------------------------------*\
| =========                 |                                                 |
| \\      /  F ield         | OpenFOAM: The Open Source CFD Toolbox           |
|  \\    /   O peration     | Version:  2412                                  |
|   \\  /    A nd           | Website:  www.openfoam.com                      |
|    \\/     M anipulation  |                                                 |
\*---------------------------------------------------------------------------*/
FoamFile
{
    version     2.0;
    format      ascii;
    arch        "LSB;label=32;scalar=64";
    class       volVectorField;
    location    "0.0106835";
    object      U;
}
// * * * * * * * * * * * * * * * * * * * * * * * * * * * * * * * * * * * * * //

dimensions      [0 1 -1 0 0 0 0];

internalField   nonuniform List<vector> 
100
(
(-1.01574e-13 0 0)
(-4.13338e-14 0 0)
(6.26198e-15 0 0)
(2.24371e-14 0 0)
(1.059e-13 0 0)
(1.31426e-13 0 0)
(4.80639e-14 0 0)
(1.39951e-14 0 0)
(1.85116e-13 0 0)
(2.53816e-11 0 0)
(1.16378e-08 0 0)
(3.88555e-06 0 0)
(0.000734276 0 0)
(0.056396 0 0)
(1.23579 0 0)
(7.63069 0 0)
(19.7695 0 0)
(32.3592 0 0)
(42.8606 0 0)
(51.721 0 0)
(59.7994 0 0)
(67.5994 0 0)
(75.3299 0 0)
(83.0586 0 0)
(90.7963 0 0)
(98.5608 0 0)
(106.319 0 0)
(114.159 0 0)
(121.876 0 0)
(129.879 0 0)
(137.332 0 0)
(145.648 0 0)
(152.66 0 0)
(161.164 0 0)
(168.293 0 0)
(175.997 0 0)
(184.105 0 0)
(190.953 0 0)
(199.16 0 0)
(206.348 0 0)
(214.605 0 0)
(221.778 0 0)
(229.894 0 0)
(237.353 0 0)
(245.225 0 0)
(253.143 0 0)
(261.115 0 0)
(266.453 0 0)
(272.495 0 0)
(280.032 0 0)
(286.181 0 0)
(288.257 0 0)
(281.144 0 0)
(278.468 0 0)
(282.553 0 0)
(288.625 0 0)
(287.83 0 0)
(276.958 0 0)
(275.975 0 0)
(283.204 0 0)
(289.547 0 0)
(288.116 0 0)
(277.797 0 0)
(277.887 0 0)
(282.215 0 0)
(288.776 0 0)
(288.47 0 0)
(280.698 0 0)
(276.936 0 0)
(277.746 0 0)
(284.462 0 0)
(288.007 0 0)
(284.646 0 0)
(284.519 0 0)
(278.982 0 0)
(278.514 0 0)
(280.361 0 0)
(281.445 0 0)
(282.609 0 0)
(284.241 0 0)
(282.069 0 0)
(277.719 0 0)
(277.744 0 0)
(278.534 0 0)
(280.574 0 0)
(283.119 0 0)
(283.348 0 0)
(282.652 0 0)
(280.364 0 0)
(279.676 0 0)
(279.846 0 0)
(281.935 0 0)
(283.767 0 0)
(283.729 0 0)
(283.066 0 0)
(279.222 0 0)
(275.669 0 0)
(278.704 0 0)
(236.544 0 0)
(186.49 0 0)
)
;

boundaryField
{
    sides
    {
        type            fixedValue;
        value           uniform (0 0 0);
    }
    empty
    {
        type            empty;
    }
}


// ************************************************************************* //
