/*--------------------------------*- C++ -*----------------------------------*\
| =========                 |                                                 |
| \\      /  F ield         | OpenFOAM: The Open Source CFD Toolbox           |
|  \\    /   O peration     | Version:  2412                                  |
|   \\  /    A nd           | Website:  www.openfoam.com                      |
|    \\/     M anipulation  |                                                 |
\*---------------------------------------------------------------------------*/
FoamFile
{
    version     2.0;
    format      ascii;
    arch        "LSB;label=32;scalar=64";
    class       volVectorField;
    location    "0.0168881";
    object      U;
}
// * * * * * * * * * * * * * * * * * * * * * * * * * * * * * * * * * * * * * //

dimensions      [0 1 -1 0 0 0 0];

internalField   nonuniform List<vector> 
100
(
(6.09565 0 0)
(15.6833 0 0)
(28.2776 0 0)
(41.9249 0 0)
(55.2069 0 0)
(65.8738 0 0)
(74.571 0 0)
(80.572 0 0)
(84.9452 0 0)
(89.2379 0 0)
(93.9381 0 0)
(98.9298 0 0)
(103.993 0 0)
(109.034 0 0)
(114.047 0 0)
(119.067 0 0)
(124.07 0 0)
(129.125 0 0)
(134.081 0 0)
(139.202 0 0)
(144.004 0 0)
(149.254 0 0)
(153.83 0 0)
(159.222 0 0)
(163.748 0 0)
(169.038 0 0)
(173.878 0 0)
(178.751 0 0)
(183.906 0 0)
(188.53 0 0)
(193.775 0 0)
(198.332 0 0)
(203.635 0 0)
(208.281 0 0)
(213.485 0 0)
(218.257 0 0)
(223.45 0 0)
(228.356 0 0)
(233.418 0 0)
(238.331 0 0)
(243.374 0 0)
(248.412 0 0)
(253.337 0 0)
(258.08 0 0)
(262.907 0 0)
(267.832 0 0)
(272.191 0 0)
(276.206 0 0)
(280.49 0 0)
(283.225 0 0)
(284.6 0 0)
(284.018 0 0)
(282.596 0 0)
(282.321 0 0)
(284.893 0 0)
(286.127 0 0)
(280.749 0 0)
(278.508 0 0)
(282.584 0 0)
(288.861 0 0)
(288.471 0 0)
(276.971 0 0)
(275.075 0 0)
(284.23 0 0)
(291.814 0 0)
(289.164 0 0)
(274.712 0 0)
(273.92 0 0)
(282.589 0 0)
(291.642 0 0)
(290.366 0 0)
(276.308 0 0)
(274.769 0 0)
(278.773 0 0)
(289.689 0 0)
(289.313 0 0)
(282.481 0 0)
(274.462 0 0)
(275.07 0 0)
(282.593 0 0)
(288.94 0 0)
(286.997 0 0)
(281.309 0 0)
(275.033 0 0)
(190.218 0 0)
(24.2763 0 0)
(2.48623 0 0)
(9.11019 0 0)
(9.32532 0 0)
(19.2485 0 0)
(19.8376 0 0)
(19.9304 0 0)
(23.4531 0 0)
(25.2577 0 0)
(23.3472 0 0)
(20.2424 0 0)
(13.5262 0 0)
(6.38003 0 0)
(4.94864 0 0)
(-0.0492686 0 0)
)
;

boundaryField
{
    sides
    {
        type            fixedValue;
        value           uniform (0 0 0);
    }
    empty
    {
        type            empty;
    }
}


// ************************************************************************* //
