/*--------------------------------*- C++ -*----------------------------------*\
| =========                 |                                                 |
| \\      /  F ield         | OpenFOAM: The Open Source CFD Toolbox           |
|  \\    /   O peration     | Version:  2412                                  |
|   \\  /    A nd           | Website:  www.openfoam.com                      |
|    \\/     M anipulation  |                                                 |
\*---------------------------------------------------------------------------*/
FoamFile
{
    version     2.0;
    format      ascii;
    arch        "LSB;label=32;scalar=64";
    class       volVectorField;
    location    "0.0552923";
    object      U;
}
// * * * * * * * * * * * * * * * * * * * * * * * * * * * * * * * * * * * * * //

dimensions      [0 1 -1 0 0 0 0];

internalField   nonuniform List<vector> 
100
(
(0.971348 0 0)
(17.0844 0 0)
(19.7751 0 0)
(13.9279 0 0)
(11.9579 0 0)
(4.39274 0 0)
(-5.05405 0 0)
(-8.36237 0 0)
(-9.81326 0 0)
(-10.6677 0 0)
(-4.77666 0 0)
(1.16904 0 0)
(5.37255 0 0)
(3.61172 0 0)
(1.10322 0 0)
(-0.699548 0 0)
(-6.54223 0 0)
(-6.20631 0 0)
(-3.28987 0 0)
(10.6631 0 0)
(17.9114 0 0)
(-46.7752 0 0)
(-191.186 0 0)
(-260.617 0 0)
(-260.217 0 0)
(-256.321 0 0)
(-247.91 0 0)
(-217.267 0 0)
(-193.073 0 0)
(-186.489 0 0)
(-184.967 0 0)
(-184.758 0 0)
(-184.591 0 0)
(-183.81 0 0)
(-181.756 0 0)
(-177.239 0 0)
(-172.065 0 0)
(-169.818 0 0)
(-168.61 0 0)
(-167.843 0 0)
(-167.678 0 0)
(-169.107 0 0)
(-170.044 0 0)
(-169.73 0 0)
(-168.713 0 0)
(-167.38 0 0)
(-163.102 0 0)
(-151.328 0 0)
(-140.661 0 0)
(-136.189 0 0)
(-134.538 0 0)
(-133.831 0 0)
(-133.126 0 0)
(-132.826 0 0)
(-132.996 0 0)
(-132.828 0 0)
(-131.972 0 0)
(-129.523 0 0)
(-123.958 0 0)
(-117.195 0 0)
(-112.98 0 0)
(-110.185 0 0)
(-108.085 0 0)
(-105.95 0 0)
(-103.324 0 0)
(-100.323 0 0)
(-97.1139 0 0)
(-93.9817 0 0)
(-90.9944 0 0)
(-88.0393 0 0)
(-85.0796 0 0)
(-82.1449 0 0)
(-79.5282 0 0)
(-76.8001 0 0)
(-74.4209 0 0)
(-71.71 0 0)
(-68.8449 0 0)
(-65.462 0 0)
(-62.1273 0 0)
(-58.8399 0 0)
(-55.8124 0 0)
(-53.4854 0 0)
(-50.3968 0 0)
(-48.4476 0 0)
(-45.3916 0 0)
(-42.4955 0 0)
(-39.8143 0 0)
(-36.7838 0 0)
(-34.1443 0 0)
(-30.5183 0 0)
(-27.6679 0 0)
(-24.0681 0 0)
(-21.2149 0 0)
(-18.1206 0 0)
(-15.5336 0 0)
(-13.1115 0 0)
(-10.4898 0 0)
(-8.04751 0 0)
(-4.85105 0 0)
(-1.97169 0 0)
)
;

boundaryField
{
    sides
    {
        type            fixedValue;
        value           uniform (0 0 0);
    }
    empty
    {
        type            empty;
    }
}


// ************************************************************************* //
