/*--------------------------------*- C++ -*----------------------------------*\
| =========                 |                                                 |
| \\      /  F ield         | OpenFOAM: The Open Source CFD Toolbox           |
|  \\    /   O peration     | Version:  2412                                  |
|   \\  /    A nd           | Website:  www.openfoam.com                      |
|    \\/     M anipulation  |                                                 |
\*---------------------------------------------------------------------------*/
FoamFile
{
    version     2.0;
    format      ascii;
    arch        "LSB;label=32;scalar=64";
    class       volVectorField;
    location    "0.0300165";
    object      U;
}
// * * * * * * * * * * * * * * * * * * * * * * * * * * * * * * * * * * * * * //

dimensions      [0 1 -1 0 0 0 0];

internalField   nonuniform List<vector> 
100
(
(2.28237 0 0)
(6.89122 0 0)
(11.4655 0 0)
(16.113 0 0)
(20.6738 0 0)
(25.3714 0 0)
(29.8285 0 0)
(34.6184 0 0)
(38.9557 0 0)
(43.8673 0 0)
(48.0783 0 0)
(52.963 0 0)
(57.2849 0 0)
(62.033 0 0)
(66.6601 0 0)
(71.2171 0 0)
(76.0607 0 0)
(80.4364 0 0)
(85.3596 0 0)
(89.7141 0 0)
(94.6325 0 0)
(99.0542 0 0)
(103.908 0 0)
(108.413 0 0)
(113.189 0 0)
(117.753 0 0)
(122.481 0 0)
(127.087 0 0)
(131.775 0 0)
(136.399 0 0)
(141.057 0 0)
(145.687 0 0)
(150.329 0 0)
(154.956 0 0)
(159.568 0 0)
(164.169 0 0)
(168.773 0 0)
(173.356 0 0)
(177.914 0 0)
(182.47 0 0)
(187.078 0 0)
(191.439 0 0)
(195.852 0 0)
(200.273 0 0)
(204.435 0 0)
(208.189 0 0)
(211.274 0 0)
(213.936 0 0)
(216.218 0 0)
(217.815 0 0)
(219.227 0 0)
(221.673 0 0)
(224.436 0 0)
(226.736 0 0)
(228.701 0 0)
(230.696 0 0)
(212.097 0 0)
(30.6923 0 0)
(-54.2956 0 0)
(-59.6489 0 0)
(-48.4891 0 0)
(-36.0977 0 0)
(-36.404 0 0)
(-32.0166 0 0)
(-31.3956 0 0)
(-22.9672 0 0)
(-10.0521 0 0)
(0.962315 0 0)
(12.7087 0 0)
(6.79001 0 0)
(8.8269 0 0)
(2.59762 0 0)
(0.25129 0 0)
(3.67916 0 0)
(0.126111 0 0)
(3.11755 0 0)
(-4.79408 0 0)
(-6.19428 0 0)
(-6.22402 0 0)
(-3.00775 0 0)
(2.86125 0 0)
(4.91391 0 0)
(6.48427 0 0)
(4.15669 0 0)
(-0.344989 0 0)
(-1.45283 0 0)
(0.0299198 0 0)
(-0.205532 0 0)
(-0.570053 0 0)
(-3.73242 0 0)
(-6.61908 0 0)
(-4.97788 0 0)
(-1.12474 0 0)
(4.15258 0 0)
(6.92981 0 0)
(5.82517 0 0)
(2.24872 0 0)
(-2.36463 0 0)
(-3.97722 0 0)
(-2.13719 0 0)
)
;

boundaryField
{
    sides
    {
        type            fixedValue;
        value           uniform (0 0 0);
    }
    empty
    {
        type            empty;
    }
}


// ************************************************************************* //
