/*--------------------------------*- C++ -*----------------------------------*\
| =========                 |                                                 |
| \\      /  F ield         | OpenFOAM: The Open Source CFD Toolbox           |
|  \\    /   O peration     | Version:  2412                                  |
|   \\  /    A nd           | Website:  www.openfoam.com                      |
|    \\/     M anipulation  |                                                 |
\*---------------------------------------------------------------------------*/
FoamFile
{
    version     2.0;
    format      ascii;
    arch        "LSB;label=32;scalar=64";
    class       volVectorField;
    location    "0.0420144";
    object      U;
}
// * * * * * * * * * * * * * * * * * * * * * * * * * * * * * * * * * * * * * //

dimensions      [0 1 -1 0 0 0 0];

internalField   nonuniform List<vector> 
100
(
(1.68119 0 0)
(5.09767 0 0)
(8.38429 0 0)
(11.5675 0 0)
(14.6411 0 0)
(17.6336 0 0)
(20.5892 0 0)
(23.5452 0 0)
(26.5308 0 0)
(29.5492 0 0)
(32.5955 0 0)
(35.6528 0 0)
(38.6996 0 0)
(41.8856 0 0)
(45.4564 0 0)
(47.0227 0 0)
(-58.4835 0 0)
(-207.733 0 0)
(-225.745 0 0)
(-208.199 0 0)
(-195.295 0 0)
(-192.35 0 0)
(-191.224 0 0)
(-192.318 0 0)
(-200.414 0 0)
(-204.651 0 0)
(-203.608 0 0)
(-201.819 0 0)
(-198.006 0 0)
(-184.688 0 0)
(-171.019 0 0)
(-166.253 0 0)
(-164.631 0 0)
(-165.058 0 0)
(-171.248 0 0)
(-175.832 0 0)
(-175.445 0 0)
(-173.825 0 0)
(-170.65 0 0)
(-164.269 0 0)
(-159.007 0 0)
(-156.992 0 0)
(-157.25 0 0)
(-158.407 0 0)
(-157.563 0 0)
(-154.084 0 0)
(-146.82 0 0)
(-141.097 0 0)
(-139.09 0 0)
(-140.143 0 0)
(-142.334 0 0)
(-141.888 0 0)
(-138.752 0 0)
(-131.787 0 0)
(-124.962 0 0)
(-122.186 0 0)
(-122.996 0 0)
(-128.793 0 0)
(-131.999 0 0)
(-131.044 0 0)
(-126.415 0 0)
(-116.015 0 0)
(-105.801 0 0)
(-101.267 0 0)
(-100.233 0 0)
(-101.404 0 0)
(-104.57 0 0)
(-104.709 0 0)
(-104.922 0 0)
(-102.026 0 0)
(-98.8716 0 0)
(-95.7171 0 0)
(-93.0441 0 0)
(-92.0487 0 0)
(-86.3627 0 0)
(-83.8128 0 0)
(-80.7365 0 0)
(-81.0873 0 0)
(-80.7114 0 0)
(-78.7547 0 0)
(-76.519 0 0)
(-70.5871 0 0)
(-67.7664 0 0)
(-66.7463 0 0)
(-72.0461 0 0)
(-78.8351 0 0)
(-81.6419 0 0)
(-82.6745 0 0)
(-73.1455 0 0)
(-56.2474 0 0)
(-41.6948 0 0)
(-30.3765 0 0)
(-23.9232 0 0)
(-20.4274 0 0)
(-17.6306 0 0)
(-15.4585 0 0)
(-12.5448 0 0)
(-9.61881 0 0)
(-5.97649 0 0)
(-1.46192 0 0)
)
;

boundaryField
{
    sides
    {
        type            fixedValue;
        value           uniform (0 0 0);
    }
    empty
    {
        type            empty;
    }
}


// ************************************************************************* //
