/*--------------------------------*- C++ -*----------------------------------*\
| =========                 |                                                 |
| \\      /  F ield         | OpenFOAM: The Open Source CFD Toolbox           |
|  \\    /   O peration     | Version:  2412                                  |
|   \\  /    A nd           | Website:  www.openfoam.com                      |
|    \\/     M anipulation  |                                                 |
\*---------------------------------------------------------------------------*/
FoamFile
{
    version     2.0;
    format      ascii;
    arch        "LSB;label=32;scalar=64";
    class       volVectorField;
    location    "0.0435883";
    object      U;
}
// * * * * * * * * * * * * * * * * * * * * * * * * * * * * * * * * * * * * * //

dimensions      [0 1 -1 0 0 0 0];

internalField   nonuniform List<vector> 
100
(
(1.57146 0 0)
(4.6086 0 0)
(7.68514 0 0)
(10.7652 0 0)
(13.8276 0 0)
(16.8377 0 0)
(19.836 0 0)
(23.2054 0 0)
(26.0724 0 0)
(-2.64274 0 0)
(-177.215 0 0)
(-232.323 0 0)
(-227.704 0 0)
(-212.592 0 0)
(-209.148 0 0)
(-212.941 0 0)
(-224.868 0 0)
(-227.669 0 0)
(-226.014 0 0)
(-224.154 0 0)
(-220.376 0 0)
(-206.397 0 0)
(-190.79 0 0)
(-185.793 0 0)
(-184.103 0 0)
(-183.97 0 0)
(-190.433 0 0)
(-197.577 0 0)
(-197.788 0 0)
(-196.17 0 0)
(-193.184 0 0)
(-186.388 0 0)
(-180.284 0 0)
(-177.836 0 0)
(-177.503 0 0)
(-179.395 0 0)
(-179.46 0 0)
(-177.487 0 0)
(-171.842 0 0)
(-163.922 0 0)
(-160.311 0 0)
(-159.58 0 0)
(-162.42 0 0)
(-164.446 0 0)
(-163.261 0 0)
(-158.902 0 0)
(-150.435 0 0)
(-144.589 0 0)
(-142.563 0 0)
(-144.774 0 0)
(-152.362 0 0)
(-155.112 0 0)
(-153.809 0 0)
(-148.885 0 0)
(-136.45 0 0)
(-126.044 0 0)
(-121.785 0 0)
(-120.818 0 0)
(-122.34 0 0)
(-126.577 0 0)
(-128.056 0 0)
(-127.321 0 0)
(-125.434 0 0)
(-121.969 0 0)
(-118.434 0 0)
(-116.141 0 0)
(-114.194 0 0)
(-110.002 0 0)
(-106.397 0 0)
(-103.323 0 0)
(-103.313 0 0)
(-102.982 0 0)
(-102.411 0 0)
(-100.793 0 0)
(-94.8424 0 0)
(-90.9475 0 0)
(-87.3301 0 0)
(-91.0013 0 0)
(-99.7441 0 0)
(-105.492 0 0)
(-106.346 0 0)
(-101.633 0 0)
(-94.8754 0 0)
(-75.8452 0 0)
(-60.1673 0 0)
(-50.8992 0 0)
(-46.803 0 0)
(-42.7206 0 0)
(-39.3666 0 0)
(-36.7497 0 0)
(-34.7449 0 0)
(-32.9196 0 0)
(-30.17 0 0)
(-27.1136 0 0)
(-22.8743 0 0)
(-17.4752 0 0)
(-11.552 0 0)
(-6.42359 0 0)
(-2.51703 0 0)
(-1.6791 0 0)
)
;

boundaryField
{
    sides
    {
        type            fixedValue;
        value           uniform (0 0 0);
    }
    empty
    {
        type            empty;
    }
}


// ************************************************************************* //
