/*--------------------------------*- C++ -*----------------------------------*\
| =========                 |                                                 |
| \\      /  F ield         | OpenFOAM: The Open Source CFD Toolbox           |
|  \\    /   O peration     | Version:  2412                                  |
|   \\  /    A nd           | Website:  www.openfoam.com                      |
|    \\/     M anipulation  |                                                 |
\*---------------------------------------------------------------------------*/
FoamFile
{
    version     2.0;
    format      ascii;
    arch        "LSB;label=32;scalar=64";
    class       volVectorField;
    location    "0.0246643";
    object      U;
}
// * * * * * * * * * * * * * * * * * * * * * * * * * * * * * * * * * * * * * //

dimensions      [0 1 -1 0 0 0 0];

internalField   nonuniform List<vector> 
100
(
(2.93519 0 0)
(8.85651 0 0)
(14.733 0 0)
(20.6208 0 0)
(26.4974 0 0)
(32.3241 0 0)
(38.1623 0 0)
(44.0424 0 0)
(49.8584 0 0)
(55.833 0 0)
(61.5454 0 0)
(67.6319 0 0)
(73.1968 0 0)
(79.3775 0 0)
(84.8625 0 0)
(90.986 0 0)
(96.6558 0 0)
(102.625 0 0)
(108.555 0 0)
(114.217 0 0)
(120.263 0 0)
(125.809 0 0)
(131.894 0 0)
(137.519 0 0)
(143.724 0 0)
(149.495 0 0)
(155.661 0 0)
(161.383 0 0)
(167.199 0 0)
(172.683 0 0)
(178.2 0 0)
(183.629 0 0)
(189.188 0 0)
(194.957 0 0)
(201.322 0 0)
(208.145 0 0)
(214.885 0 0)
(220.599 0 0)
(225.736 0 0)
(232.802 0 0)
(247.602 0 0)
(265.379 0 0)
(271.639 0 0)
(275.613 0 0)
(278.462 0 0)
(281.017 0 0)
(283.466 0 0)
(283.085 0 0)
(282.351 0 0)
(282.063 0 0)
(282.292 0 0)
(282.092 0 0)
(282.18 0 0)
(283.205 0 0)
(283.939 0 0)
(283.127 0 0)
(282.38 0 0)
(283.716 0 0)
(284.73 0 0)
(282.609 0 0)
(280.688 0 0)
(283.17 0 0)
(287.506 0 0)
(286.158 0 0)
(278.346 0 0)
(275.999 0 0)
(287.579 0 0)
(296.968 0 0)
(199.004 0 0)
(42.3651 0 0)
(16.0555 0 0)
(1.44272 0 0)
(6.83783 0 0)
(17.5153 0 0)
(7.26146 0 0)
(14.2648 0 0)
(-1.16086 0 0)
(-7.11045 0 0)
(-7.15274 0 0)
(-13.7059 0 0)
(-5.88572 0 0)
(-3.4103 0 0)
(2.86909 0 0)
(7.87886 0 0)
(5.51819 0 0)
(6.54304 0 0)
(2.82821 0 0)
(-1.73953 0 0)
(-6.10196 0 0)
(-4.35121 0 0)
(0.74834 0 0)
(6.04472 0 0)
(4.65196 0 0)
(5.33486 0 0)
(0.47542 0 0)
(-4.01122 0 0)
(-5.95378 0 0)
(-5.8602 0 0)
(-4.26926 0 0)
(-4.63778 0 0)
)
;

boundaryField
{
    sides
    {
        type            fixedValue;
        value           uniform (0 0 0);
    }
    empty
    {
        type            empty;
    }
}


// ************************************************************************* //
