/*--------------------------------*- C++ -*----------------------------------*\
| =========                 |                                                 |
| \\      /  F ield         | OpenFOAM: The Open Source CFD Toolbox           |
|  \\    /   O peration     | Version:  2412                                  |
|   \\  /    A nd           | Website:  www.openfoam.com                      |
|    \\/     M anipulation  |                                                 |
\*---------------------------------------------------------------------------*/
FoamFile
{
    version     2.0;
    format      ascii;
    arch        "LSB;label=32;scalar=64";
    class       volVectorField;
    location    "0.0184979";
    object      U;
}
// * * * * * * * * * * * * * * * * * * * * * * * * * * * * * * * * * * * * * //

dimensions      [0 1 -1 0 0 0 0];

internalField   nonuniform List<vector> 
100
(
(4.20433 0 0)
(12.6627 0 0)
(20.745 0 0)
(28.8476 0 0)
(36.9246 0 0)
(45.2802 0 0)
(54.1152 0 0)
(63.7087 0 0)
(74.5776 0 0)
(86.666 0 0)
(98.9846 0 0)
(110.288 0 0)
(119.737 0 0)
(127.434 0 0)
(132.17 0 0)
(135.551 0 0)
(138.827 0 0)
(142.887 0 0)
(147.256 0 0)
(152.356 0 0)
(156.697 0 0)
(161.665 0 0)
(165.813 0 0)
(170.585 0 0)
(175.054 0 0)
(179.509 0 0)
(184.226 0 0)
(188.474 0 0)
(193.278 0 0)
(197.45 0 0)
(202.291 0 0)
(206.553 0 0)
(211.326 0 0)
(215.68 0 0)
(220.42 0 0)
(224.905 0 0)
(229.557 0 0)
(234.065 0 0)
(238.68 0 0)
(243.269 0 0)
(247.856 0 0)
(252.367 0 0)
(256.739 0 0)
(261.244 0 0)
(265.788 0 0)
(269.954 0 0)
(273.752 0 0)
(278.047 0 0)
(281.342 0 0)
(283.105 0 0)
(284.329 0 0)
(283.923 0 0)
(283.324 0 0)
(283.841 0 0)
(284.232 0 0)
(281.609 0 0)
(280.149 0 0)
(284.481 0 0)
(287.518 0 0)
(284.987 0 0)
(277.715 0 0)
(276.348 0 0)
(288.679 0 0)
(291.133 0 0)
(283.94 0 0)
(273.919 0 0)
(273.888 0 0)
(290.579 0 0)
(291.457 0 0)
(284.309 0 0)
(273.448 0 0)
(273.172 0 0)
(288.598 0 0)
(291.627 0 0)
(286.856 0 0)
(274.115 0 0)
(274.046 0 0)
(280.275 0 0)
(290.463 0 0)
(289.447 0 0)
(275.458 0 0)
(131.772 0 0)
(11.4402 0 0)
(20.9434 0 0)
(4.66776 0 0)
(3.3046 0 0)
(17.2857 0 0)
(26.1041 0 0)
(16.9044 0 0)
(18.6627 0 0)
(11.8422 0 0)
(6.38806 0 0)
(3.80791 0 0)
(6.5807 0 0)
(11.2719 0 0)
(14.0821 0 0)
(12.2695 0 0)
(5.93142 0 0)
(1.16259 0 0)
(0.446488 0 0)
)
;

boundaryField
{
    sides
    {
        type            fixedValue;
        value           uniform (0 0 0);
    }
    empty
    {
        type            empty;
    }
}


// ************************************************************************* //
