/*--------------------------------*- C++ -*----------------------------------*\
| =========                 |                                                 |
| \\      /  F ield         | OpenFOAM: The Open Source CFD Toolbox           |
|  \\    /   O peration     | Version:  2412                                  |
|   \\  /    A nd           | Website:  www.openfoam.com                      |
|    \\/     M anipulation  |                                                 |
\*---------------------------------------------------------------------------*/
FoamFile
{
    version     2.0;
    format      ascii;
    arch        "LSB;label=32;scalar=64";
    class       volVectorField;
    location    "0.00925379";
    object      U;
}
// * * * * * * * * * * * * * * * * * * * * * * * * * * * * * * * * * * * * * //

dimensions      [0 1 -1 0 0 0 0];

internalField   nonuniform List<vector> 
100
(
(2.6837e-14 0 0)
(1.50877e-14 0 0)
(1.4459e-14 0 0)
(-7.34257e-14 0 0)
(-5.57066e-14 0 0)
(5.10336e-14 0 0)
(1.35905e-13 0 0)
(8.63935e-14 0 0)
(8.01119e-14 0 0)
(5.07386e-14 0 0)
(5.01268e-14 0 0)
(3.95694e-14 0 0)
(8.07344e-15 0 0)
(1.06242e-12 0 0)
(4.76284e-10 0 0)
(1.95911e-07 0 0)
(5.23532e-05 0 0)
(0.00679716 0 0)
(0.300717 0 0)
(3.52084 0 0)
(13.685 0 0)
(27.5706 0 0)
(40.2973 0 0)
(51.0143 0 0)
(60.5513 0 0)
(69.6079 0 0)
(78.514 0 0)
(87.3997 0 0)
(96.2777 0 0)
(105.227 0 0)
(114.088 0 0)
(123.221 0 0)
(131.845 0 0)
(141.359 0 0)
(149.451 0 0)
(159.266 0 0)
(167.369 0 0)
(176.195 0 0)
(185.566 0 0)
(193.265 0 0)
(202.722 0 0)
(210.982 0 0)
(220.409 0 0)
(228.84 0 0)
(238.006 0 0)
(246.077 0 0)
(255.661 0 0)
(264.672 0 0)
(272.375 0 0)
(276.102 0 0)
(279.969 0 0)
(286.591 0 0)
(288.849 0 0)
(285.672 0 0)
(277.719 0 0)
(276.756 0 0)
(286.829 0 0)
(289.931 0 0)
(285.539 0 0)
(276.999 0 0)
(276.488 0 0)
(284.887 0 0)
(288.155 0 0)
(286.146 0 0)
(278.088 0 0)
(278.378 0 0)
(280.922 0 0)
(288.184 0 0)
(287.641 0 0)
(286.444 0 0)
(280.065 0 0)
(277.91 0 0)
(279.157 0 0)
(281.014 0 0)
(280.295 0 0)
(278.679 0 0)
(281.525 0 0)
(283.766 0 0)
(283.789 0 0)
(280.58 0 0)
(279.564 0 0)
(279.657 0 0)
(280.618 0 0)
(283.066 0 0)
(283.704 0 0)
(283.218 0 0)
(279.813 0 0)
(276.938 0 0)
(276.678 0 0)
(276.611 0 0)
(277.268 0 0)
(282.083 0 0)
(296.097 0 0)
(295.034 0 0)
(222.177 0 0)
(30.095 0 0)
(0.138318 0 0)
(5.28851e-05 0 0)
(4.97788e-09 0 0)
(6.73924e-13 0 0)
)
;

boundaryField
{
    sides
    {
        type            fixedValue;
        value           uniform (0 0 0);
    }
    empty
    {
        type            empty;
    }
}


// ************************************************************************* //
