/*--------------------------------*- C++ -*----------------------------------*\
| =========                 |                                                 |
| \\      /  F ield         | OpenFOAM: The Open Source CFD Toolbox           |
|  \\    /   O peration     | Version:  2412                                  |
|   \\  /    A nd           | Website:  www.openfoam.com                      |
|    \\/     M anipulation  |                                                 |
\*---------------------------------------------------------------------------*/
FoamFile
{
    version     2.0;
    format      ascii;
    arch        "LSB;label=32;scalar=64";
    class       volVectorField;
    location    "0.0233039";
    object      U;
}
// * * * * * * * * * * * * * * * * * * * * * * * * * * * * * * * * * * * * * //

dimensions      [0 1 -1 0 0 0 0];

internalField   nonuniform List<vector> 
100
(
(3.14885 0 0)
(9.50617 0 0)
(15.8116 0 0)
(22.1314 0 0)
(28.4313 0 0)
(34.738 0 0)
(41.0534 0 0)
(47.3556 0 0)
(53.5966 0 0)
(59.8979 0 0)
(66.0697 0 0)
(72.4964 0 0)
(78.5883 0 0)
(85.1373 0 0)
(91.0446 0 0)
(97.6315 0 0)
(103.619 0 0)
(110.105 0 0)
(116.353 0 0)
(122.721 0 0)
(129.183 0 0)
(135.114 0 0)
(141.412 0 0)
(147.04 0 0)
(153.128 0 0)
(158.886 0 0)
(165.223 0 0)
(171.552 0 0)
(178.617 0 0)
(185.692 0 0)
(192.896 0 0)
(199.821 0 0)
(208.107 0 0)
(221.5 0 0)
(237.673 0 0)
(245.212 0 0)
(248.75 0 0)
(252.038 0 0)
(254.951 0 0)
(256.324 0 0)
(257.243 0 0)
(260.063 0 0)
(262.971 0 0)
(266.112 0 0)
(270.156 0 0)
(275.142 0 0)
(278.064 0 0)
(280.754 0 0)
(283.058 0 0)
(283.87 0 0)
(283.867 0 0)
(283.726 0 0)
(283.3 0 0)
(282.826 0 0)
(283.173 0 0)
(283.96 0 0)
(283.206 0 0)
(281.781 0 0)
(282.699 0 0)
(285.546 0 0)
(285.525 0 0)
(280.071 0 0)
(278.333 0 0)
(287.091 0 0)
(290.072 0 0)
(283.26 0 0)
(274.376 0 0)
(274.313 0 0)
(290.367 0 0)
(291.932 0 0)
(276.054 0 0)
(158.454 0 0)
(22.949 0 0)
(11.249 0 0)
(0.680496 0 0)
(20.6426 0 0)
(14.3303 0 0)
(17.8565 0 0)
(18.6013 0 0)
(1.88407 0 0)
(-0.428773 0 0)
(-10.1731 0 0)
(-11.2257 0 0)
(-3.53597 0 0)
(-5.71145 0 0)
(-4.68522 0 0)
(0.0606367 0 0)
(2.84527 0 0)
(6.24738 0 0)
(9.80471 0 0)
(8.32691 0 0)
(2.1579 0 0)
(-6.94442 0 0)
(-12.0198 0 0)
(-10.32 0 0)
(-3.22578 0 0)
(6.15826 0 0)
(11.014 0 0)
(11.6451 0 0)
(6.2618 0 0)
)
;

boundaryField
{
    sides
    {
        type            fixedValue;
        value           uniform (0 0 0);
    }
    empty
    {
        type            empty;
    }
}


// ************************************************************************* //
