/*--------------------------------*- C++ -*----------------------------------*\
| =========                 |                                                 |
| \\      /  F ield         | OpenFOAM: The Open Source CFD Toolbox           |
|  \\    /   O peration     | Version:  2412                                  |
|   \\  /    A nd           | Website:  www.openfoam.com                      |
|    \\/     M anipulation  |                                                 |
\*---------------------------------------------------------------------------*/
FoamFile
{
    version     2.0;
    format      ascii;
    arch        "LSB;label=32;scalar=64";
    class       volVectorField;
    location    "0.0526697";
    object      U;
}
// * * * * * * * * * * * * * * * * * * * * * * * * * * * * * * * * * * * * * //

dimensions      [0 1 -1 0 0 0 0];

internalField   nonuniform List<vector> 
100
(
(-1.39277 0 0)
(-13.4163 0 0)
(-6.7427 0 0)
(4.57751 0 0)
(12.9306 0 0)
(8.33376 0 0)
(-3.70044 0 0)
(-17.5383 0 0)
(-18.7101 0 0)
(-7.57754 0 0)
(11.1268 0 0)
(18.7416 0 0)
(6.2968 0 0)
(-4.10279 0 0)
(-2.15843 0 0)
(-36.4172 0 0)
(-144.656 0 0)
(-235.684 0 0)
(-233.905 0 0)
(-227.643 0 0)
(-225.714 0 0)
(-223.913 0 0)
(-220.878 0 0)
(-215.513 0 0)
(-212.458 0 0)
(-211.054 0 0)
(-210.393 0 0)
(-213.559 0 0)
(-215.856 0 0)
(-214.999 0 0)
(-212.489 0 0)
(-205.987 0 0)
(-198.781 0 0)
(-196.258 0 0)
(-197.348 0 0)
(-215.798 0 0)
(-229.4 0 0)
(-229.571 0 0)
(-227.722 0 0)
(-224.81 0 0)
(-212.222 0 0)
(-183.603 0 0)
(-165.598 0 0)
(-160.116 0 0)
(-158.36 0 0)
(-157.497 0 0)
(-156 0 0)
(-152.659 0 0)
(-148.029 0 0)
(-144.903 0 0)
(-143.592 0 0)
(-142.701 0 0)
(-142.119 0 0)
(-142.475 0 0)
(-142.981 0 0)
(-142.669 0 0)
(-141.753 0 0)
(-139.516 0 0)
(-133.463 0 0)
(-123.478 0 0)
(-116.235 0 0)
(-111.952 0 0)
(-109.185 0 0)
(-108.078 0 0)
(-107.378 0 0)
(-106.99 0 0)
(-106.595 0 0)
(-105.656 0 0)
(-102.709 0 0)
(-97.6655 0 0)
(-92.288 0 0)
(-87.9599 0 0)
(-84.7412 0 0)
(-81.9347 0 0)
(-79.3954 0 0)
(-76.0544 0 0)
(-73.1997 0 0)
(-69.6793 0 0)
(-66.6048 0 0)
(-63.7258 0 0)
(-59.6941 0 0)
(-57.2875 0 0)
(-53.7475 0 0)
(-51.486 0 0)
(-48.5962 0 0)
(-45.4007 0 0)
(-42.2178 0 0)
(-38.3376 0 0)
(-35.8285 0 0)
(-32.2282 0 0)
(-29.2754 0 0)
(-25.7016 0 0)
(-22.7854 0 0)
(-19.5754 0 0)
(-16.6505 0 0)
(-14.0034 0 0)
(-11.215 0 0)
(-8.6991 0 0)
(-5.2882 0 0)
(-2.03876 0 0)
)
;

boundaryField
{
    sides
    {
        type            fixedValue;
        value           uniform (0 0 0);
    }
    empty
    {
        type            empty;
    }
}


// ************************************************************************* //
