/*--------------------------------*- C++ -*----------------------------------*\
| =========                 |                                                 |
| \\      /  F ield         | OpenFOAM: The Open Source CFD Toolbox           |
|  \\    /   O peration     | Version:  2412                                  |
|   \\  /    A nd           | Website:  www.openfoam.com                      |
|    \\/     M anipulation  |                                                 |
\*---------------------------------------------------------------------------*/
FoamFile
{
    version     2.0;
    format      ascii;
    arch        "LSB;label=32;scalar=64";
    class       volVectorField;
    location    "0.0240732";
    object      U;
}
// * * * * * * * * * * * * * * * * * * * * * * * * * * * * * * * * * * * * * //

dimensions      [0 1 -1 0 0 0 0];

internalField   nonuniform List<vector> 
100
(
(3.02734 0 0)
(9.13266 0 0)
(15.19 0 0)
(21.2647 0 0)
(27.3262 0 0)
(33.372 0 0)
(39.3982 0 0)
(45.4317 0 0)
(51.4104 0 0)
(57.5152 0 0)
(63.436 0 0)
(69.6696 0 0)
(75.445 0 0)
(81.7961 0 0)
(87.4809 0 0)
(93.8178 0 0)
(99.5684 0 0)
(105.732 0 0)
(111.78 0 0)
(117.668 0 0)
(123.882 0 0)
(129.708 0 0)
(136.113 0 0)
(141.914 0 0)
(148.228 0 0)
(153.895 0 0)
(159.832 0 0)
(165.346 0 0)
(171.091 0 0)
(176.77 0 0)
(182.795 0 0)
(189.179 0 0)
(196.086 0 0)
(202.95 0 0)
(209.271 0 0)
(215.321 0 0)
(223.27 0 0)
(238.002 0 0)
(254.645 0 0)
(261.069 0 0)
(264.467 0 0)
(267.745 0 0)
(270.892 0 0)
(272.565 0 0)
(272.258 0 0)
(274.038 0 0)
(277.163 0 0)
(279.187 0 0)
(281.27 0 0)
(283.592 0 0)
(284.529 0 0)
(283.864 0 0)
(283.417 0 0)
(283.289 0 0)
(282.727 0 0)
(282.53 0 0)
(283.811 0 0)
(284.435 0 0)
(282.091 0 0)
(281.015 0 0)
(284.632 0 0)
(287.116 0 0)
(283.762 0 0)
(278.195 0 0)
(279.273 0 0)
(289.036 0 0)
(291.221 0 0)
(276.891 0 0)
(269.455 0 0)
(239.513 0 0)
(58.2154 0 0)
(7.54445 0 0)
(16.0756 0 0)
(23.41 0 0)
(10.1017 0 0)
(19.3568 0 0)
(6.30069 0 0)
(2.83184 0 0)
(-2.70059 0 0)
(-9.77669 0 0)
(-3.98238 0 0)
(-7.69412 0 0)
(-10.7035 0 0)
(-4.66129 0 0)
(-1.62127 0 0)
(7.19575 0 0)
(12.8568 0 0)
(12.3702 0 0)
(4.092 0 0)
(-6.97668 0 0)
(-10.6757 0 0)
(-5.35244 0 0)
(2.18967 0 0)
(7.80377 0 0)
(8.1466 0 0)
(3.44282 0 0)
(-5.20836 0 0)
(-10.742 0 0)
(-9.59416 0 0)
(-4.63002 0 0)
)
;

boundaryField
{
    sides
    {
        type            fixedValue;
        value           uniform (0 0 0);
    }
    empty
    {
        type            empty;
    }
}


// ************************************************************************* //
