/*--------------------------------*- C++ -*----------------------------------*\
| =========                 |                                                 |
| \\      /  F ield         | OpenFOAM: The Open Source CFD Toolbox           |
|  \\    /   O peration     | Version:  2412                                  |
|   \\  /    A nd           | Website:  www.openfoam.com                      |
|    \\/     M anipulation  |                                                 |
\*---------------------------------------------------------------------------*/
FoamFile
{
    version     2.0;
    format      ascii;
    arch        "LSB;label=32;scalar=64";
    class       volVectorField;
    location    "0.0461041";
    object      U;
}
// * * * * * * * * * * * * * * * * * * * * * * * * * * * * * * * * * * * * * //

dimensions      [0 1 -1 0 0 0 0];

internalField   nonuniform List<vector> 
100
(
(-192.446 0 0)
(-256.024 0 0)
(-253.805 0 0)
(-254.371 0 0)
(-259.096 0 0)
(-257.69 0 0)
(-255.927 0 0)
(-248.211 0 0)
(-228.638 0 0)
(-216.698 0 0)
(-213.606 0 0)
(-212.088 0 0)
(-212.332 0 0)
(-222.343 0 0)
(-231.497 0 0)
(-231.659 0 0)
(-229.71 0 0)
(-226.518 0 0)
(-217.608 0 0)
(-211.533 0 0)
(-209.28 0 0)
(-209.049 0 0)
(-211.693 0 0)
(-212.989 0 0)
(-211.502 0 0)
(-207.752 0 0)
(-198.674 0 0)
(-192.685 0 0)
(-190.469 0 0)
(-191.326 0 0)
(-195.93 0 0)
(-196.867 0 0)
(-195.103 0 0)
(-189.776 0 0)
(-179.853 0 0)
(-174.709 0 0)
(-173.033 0 0)
(-176.344 0 0)
(-186.375 0 0)
(-189.372 0 0)
(-187.887 0 0)
(-183.254 0 0)
(-169.767 0 0)
(-157.194 0 0)
(-152.503 0 0)
(-150.984 0 0)
(-151.607 0 0)
(-157.44 0 0)
(-162.152 0 0)
(-162.135 0 0)
(-160.638 0 0)
(-157.419 0 0)
(-153.316 0 0)
(-150.528 0 0)
(-148.692 0 0)
(-145.561 0 0)
(-141.105 0 0)
(-137.716 0 0)
(-136.473 0 0)
(-136.52 0 0)
(-137.233 0 0)
(-136.675 0 0)
(-134.006 0 0)
(-128.576 0 0)
(-123.322 0 0)
(-121.206 0 0)
(-123.31 0 0)
(-135.179 0 0)
(-143.276 0 0)
(-143.008 0 0)
(-141.291 0 0)
(-133.325 0 0)
(-115.844 0 0)
(-97.5448 0 0)
(-87.4756 0 0)
(-82.5589 0 0)
(-77.103 0 0)
(-75.4182 0 0)
(-72.0722 0 0)
(-70.0681 0 0)
(-67.9134 0 0)
(-67.0467 0 0)
(-66.7159 0 0)
(-64.5998 0 0)
(-61.0341 0 0)
(-55.0214 0 0)
(-50.3858 0 0)
(-44.9813 0 0)
(-40.3007 0 0)
(-35.9632 0 0)
(-33.4526 0 0)
(-31.0733 0 0)
(-29.1544 0 0)
(-26.5275 0 0)
(-22.9785 0 0)
(-18.8293 0 0)
(-14.0803 0 0)
(-10.177 0 0)
(-5.73449 0 0)
(-2.04343 0 0)
)
;

boundaryField
{
    sides
    {
        type            fixedValue;
        value           uniform (0 0 0);
    }
    empty
    {
        type            empty;
    }
}


// ************************************************************************* //
