/*--------------------------------*- C++ -*----------------------------------*\
| =========                 |                                                 |
| \\      /  F ield         | OpenFOAM: The Open Source CFD Toolbox           |
|  \\    /   O peration     | Version:  2412                                  |
|   \\  /    A nd           | Website:  www.openfoam.com                      |
|    \\/     M anipulation  |                                                 |
\*---------------------------------------------------------------------------*/
FoamFile
{
    version     2.0;
    format      ascii;
    arch        "LSB;label=32;scalar=64";
    class       volVectorField;
    location    "0.042803";
    object      U;
}
// * * * * * * * * * * * * * * * * * * * * * * * * * * * * * * * * * * * * * //

dimensions      [0 1 -1 0 0 0 0];

internalField   nonuniform List<vector> 
100
(
(1.67259 0 0)
(4.95066 0 0)
(8.1738 0 0)
(11.3242 0 0)
(14.3878 0 0)
(17.3595 0 0)
(20.2805 0 0)
(23.159 0 0)
(26.0131 0 0)
(28.8936 0 0)
(32.0708 0 0)
(35.4607 0 0)
(29.9373 0 0)
(-122.931 0 0)
(-224.244 0 0)
(-227.512 0 0)
(-208.327 0 0)
(-202.082 0 0)
(-200.398 0 0)
(-203.304 0 0)
(-212.989 0 0)
(-216.564 0 0)
(-215.109 0 0)
(-213.135 0 0)
(-209.36 0 0)
(-195.76 0 0)
(-180.9 0 0)
(-175.938 0 0)
(-174.332 0 0)
(-174.442 0 0)
(-180.934 0 0)
(-187.025 0 0)
(-186.959 0 0)
(-185.253 0 0)
(-182.078 0 0)
(-175.516 0 0)
(-169.741 0 0)
(-167.421 0 0)
(-167.454 0 0)
(-169.167 0 0)
(-168.773 0 0)
(-166.313 0 0)
(-159.732 0 0)
(-152.691 0 0)
(-149.817 0 0)
(-149.88 0 0)
(-152.756 0 0)
(-153.485 0 0)
(-151.556 0 0)
(-145.88 0 0)
(-137.705 0 0)
(-133.5 0 0)
(-132.59 0 0)
(-136.888 0 0)
(-143.018 0 0)
(-143.539 0 0)
(-140.908 0 0)
(-133.379 0 0)
(-120.656 0 0)
(-113.61 0 0)
(-110.842 0 0)
(-111.03 0 0)
(-113.789 0 0)
(-116.564 0 0)
(-116.617 0 0)
(-114.887 0 0)
(-112.787 0 0)
(-108.56 0 0)
(-106.18 0 0)
(-103.584 0 0)
(-101.689 0 0)
(-97.2882 0 0)
(-93.3141 0 0)
(-92.5674 0 0)
(-91.1419 0 0)
(-92.4518 0 0)
(-89.6671 0 0)
(-86.0088 0 0)
(-80.6909 0 0)
(-77.5904 0 0)
(-79.1093 0 0)
(-85.2048 0 0)
(-92.6839 0 0)
(-93.7095 0 0)
(-93.0571 0 0)
(-85.5857 0 0)
(-65.6321 0 0)
(-50.1731 0 0)
(-42.2703 0 0)
(-36.0547 0 0)
(-30.9605 0 0)
(-27.1749 0 0)
(-23.7015 0 0)
(-20.7388 0 0)
(-19.0479 0 0)
(-18.1488 0 0)
(-16.5896 0 0)
(-14.2455 0 0)
(-9.52994 0 0)
(-3.68705 0 0)
)
;

boundaryField
{
    sides
    {
        type            fixedValue;
        value           uniform (0 0 0);
    }
    empty
    {
        type            empty;
    }
}


// ************************************************************************* //
