/*--------------------------------*- C++ -*----------------------------------*\
| =========                 |                                                 |
| \\      /  F ield         | OpenFOAM: The Open Source CFD Toolbox           |
|  \\    /   O peration     | Version:  2412                                  |
|   \\  /    A nd           | Website:  www.openfoam.com                      |
|    \\/     M anipulation  |                                                 |
\*---------------------------------------------------------------------------*/
FoamFile
{
    version     2.0;
    format      ascii;
    arch        "LSB;label=32;scalar=64";
    class       volVectorField;
    location    "0.0469711";
    object      U;
}
// * * * * * * * * * * * * * * * * * * * * * * * * * * * * * * * * * * * * * //

dimensions      [0 1 -1 0 0 0 0];

internalField   nonuniform List<vector> 
100
(
(-38.2429 0 0)
(-41.6288 0 0)
(-190.864 0 0)
(-243.471 0 0)
(-230.571 0 0)
(-223.83 0 0)
(-222.671 0 0)
(-221.131 0 0)
(-226.896 0 0)
(-239.775 0 0)
(-242.385 0 0)
(-240.665 0 0)
(-238.354 0 0)
(-231.086 0 0)
(-222.82 0 0)
(-219.807 0 0)
(-218.558 0 0)
(-220.416 0 0)
(-223.311 0 0)
(-222.929 0 0)
(-220.819 0 0)
(-214.542 0 0)
(-205.554 0 0)
(-202.177 0 0)
(-200.967 0 0)
(-204.302 0 0)
(-208.156 0 0)
(-207.511 0 0)
(-204.777 0 0)
(-196.84 0 0)
(-187.527 0 0)
(-183.98 0 0)
(-183.171 0 0)
(-189.921 0 0)
(-199.422 0 0)
(-200.402 0 0)
(-198.424 0 0)
(-191.838 0 0)
(-175.884 0 0)
(-165.445 0 0)
(-161.732 0 0)
(-160.543 0 0)
(-161.872 0 0)
(-169.173 0 0)
(-173.436 0 0)
(-173 0 0)
(-171.311 0 0)
(-167.754 0 0)
(-163.716 0 0)
(-161.116 0 0)
(-159.163 0 0)
(-155.663 0 0)
(-151.162 0 0)
(-148.173 0 0)
(-147.076 0 0)
(-147.365 0 0)
(-148.375 0 0)
(-147.824 0 0)
(-145.329 0 0)
(-139.757 0 0)
(-134.266 0 0)
(-131.961 0 0)
(-133.824 0 0)
(-146.342 0 0)
(-155.181 0 0)
(-155.604 0 0)
(-153.468 0 0)
(-147.055 0 0)
(-129.725 0 0)
(-110.567 0 0)
(-99.8531 0 0)
(-93.5477 0 0)
(-90.7168 0 0)
(-86.8359 0 0)
(-83.4804 0 0)
(-80.9834 0 0)
(-79.2301 0 0)
(-79.0653 0 0)
(-77.0549 0 0)
(-76.8959 0 0)
(-74.3979 0 0)
(-71.1642 0 0)
(-64.3228 0 0)
(-57.639 0 0)
(-53.4845 0 0)
(-48.9655 0 0)
(-46.5378 0 0)
(-44.1625 0 0)
(-42.8751 0 0)
(-40.5114 0 0)
(-37.4171 0 0)
(-33.1014 0 0)
(-28.7658 0 0)
(-24.4385 0 0)
(-20.349 0 0)
(-16.6653 0 0)
(-12.8667 0 0)
(-9.57254 0 0)
(-5.54612 0 0)
(-2.05698 0 0)
)
;

boundaryField
{
    sides
    {
        type            fixedValue;
        value           uniform (0 0 0);
    }
    empty
    {
        type            empty;
    }
}


// ************************************************************************* //
