/*--------------------------------*- C++ -*----------------------------------*\
| =========                 |                                                 |
| \\      /  F ield         | OpenFOAM: The Open Source CFD Toolbox           |
|  \\    /   O peration     | Version:  2412                                  |
|   \\  /    A nd           | Website:  www.openfoam.com                      |
|    \\/     M anipulation  |                                                 |
\*---------------------------------------------------------------------------*/
FoamFile
{
    version     2.0;
    format      ascii;
    arch        "LSB;label=32;scalar=64";
    class       volVectorField;
    location    "0.0508511";
    object      U;
}
// * * * * * * * * * * * * * * * * * * * * * * * * * * * * * * * * * * * * * //

dimensions      [0 1 -1 0 0 0 0];

internalField   nonuniform List<vector> 
100
(
(5.77007 0 0)
(-10.0499 0 0)
(-3.12964 0 0)
(8.72534 0 0)
(15.3247 0 0)
(8.2774 0 0)
(-13.007 0 0)
(-28.8973 0 0)
(-34.2341 0 0)
(-5.3035 0 0)
(18.9883 0 0)
(-24.5189 0 0)
(-185.842 0 0)
(-239.055 0 0)
(-249.258 0 0)
(-247.901 0 0)
(-246.292 0 0)
(-238.612 0 0)
(-217.978 0 0)
(-206.25 0 0)
(-203.447 0 0)
(-202.249 0 0)
(-201.888 0 0)
(-209.429 0 0)
(-220.307 0 0)
(-221.756 0 0)
(-220.022 0 0)
(-217 0 0)
(-211.462 0 0)
(-207.881 0 0)
(-205.639 0 0)
(-203.298 0 0)
(-198.637 0 0)
(-194.242 0 0)
(-192.047 0 0)
(-190.915 0 0)
(-191.923 0 0)
(-194.551 0 0)
(-194.29 0 0)
(-192.579 0 0)
(-187.62 0 0)
(-180.245 0 0)
(-176.961 0 0)
(-176.465 0 0)
(-188.168 0 0)
(-204.977 0 0)
(-207.283 0 0)
(-205.717 0 0)
(-203.051 0 0)
(-193.059 0 0)
(-167.915 0 0)
(-149.371 0 0)
(-142.41 0 0)
(-139.244 0 0)
(-137.217 0 0)
(-134.603 0 0)
(-131.004 0 0)
(-127.309 0 0)
(-125.195 0 0)
(-124.302 0 0)
(-123.605 0 0)
(-123.351 0 0)
(-123.354 0 0)
(-122.916 0 0)
(-121.718 0 0)
(-118.54 0 0)
(-111.732 0 0)
(-103.763 0 0)
(-97.8827 0 0)
(-93.5443 0 0)
(-90.5439 0 0)
(-88.8294 0 0)
(-88.125 0 0)
(-87.2105 0 0)
(-86.5257 0 0)
(-83.6549 0 0)
(-79.6267 0 0)
(-74.8645 0 0)
(-70.0295 0 0)
(-67.1696 0 0)
(-62.9926 0 0)
(-60.3011 0 0)
(-56.8057 0 0)
(-54.1503 0 0)
(-50.7762 0 0)
(-47.2211 0 0)
(-44.224 0 0)
(-39.8152 0 0)
(-37.0055 0 0)
(-33.613 0 0)
(-31.0944 0 0)
(-27.9594 0 0)
(-24.9897 0 0)
(-21.2871 0 0)
(-17.5661 0 0)
(-14.0564 0 0)
(-10.5043 0 0)
(-7.59303 0 0)
(-4.12627 0 0)
(-1.6005 0 0)
)
;

boundaryField
{
    sides
    {
        type            fixedValue;
        value           uniform (0 0 0);
    }
    empty
    {
        type            empty;
    }
}


// ************************************************************************* //
