/*--------------------------------*- C++ -*----------------------------------*\
| =========                 |                                                 |
| \\      /  F ield         | OpenFOAM: The Open Source CFD Toolbox           |
|  \\    /   O peration     | Version:  2412                                  |
|   \\  /    A nd           | Website:  www.openfoam.com                      |
|    \\/     M anipulation  |                                                 |
\*---------------------------------------------------------------------------*/
FoamFile
{
    version     2.0;
    format      ascii;
    arch        "LSB;label=32;scalar=64";
    class       volVectorField;
    location    "0.0261583";
    object      U;
}
// * * * * * * * * * * * * * * * * * * * * * * * * * * * * * * * * * * * * * //

dimensions      [0 1 -1 0 0 0 0];

internalField   nonuniform List<vector> 
100
(
(2.70674 0 0)
(8.14622 0 0)
(13.5684 0 0)
(19.0243 0 0)
(24.4837 0 0)
(29.9537 0 0)
(35.4005 0 0)
(40.9258 0 0)
(46.2909 0 0)
(51.9258 0 0)
(57.145 0 0)
(62.8909 0 0)
(67.9685 0 0)
(73.7421 0 0)
(78.9042 0 0)
(84.556 0 0)
(89.9769 0 0)
(95.3655 0 0)
(100.979 0 0)
(106.17 0 0)
(111.874 0 0)
(117.042 0 0)
(122.787 0 0)
(128.037 0 0)
(133.731 0 0)
(139.046 0 0)
(144.643 0 0)
(150 0 0)
(155.516 0 0)
(160.938 0 0)
(166.506 0 0)
(172.072 0 0)
(177.746 0 0)
(183.354 0 0)
(188.889 0 0)
(194.249 0 0)
(199.432 0 0)
(204.481 0 0)
(209.467 0 0)
(214.334 0 0)
(219.112 0 0)
(224.538 0 0)
(231.221 0 0)
(238.473 0 0)
(243.769 0 0)
(247.701 0 0)
(250.914 0 0)
(254.778 0 0)
(267.709 0 0)
(284.887 0 0)
(290.298 0 0)
(289.742 0 0)
(289.351 0 0)
(289.436 0 0)
(289.014 0 0)
(287.238 0 0)
(283.309 0 0)
(282.571 0 0)
(280.672 0 0)
(279.697 0 0)
(283.096 0 0)
(285.818 0 0)
(283.059 0 0)
(280.933 0 0)
(281.289 0 0)
(191.78 0 0)
(37.0505 0 0)
(2.81661 0 0)
(18.4844 0 0)
(9.85324 0 0)
(7.93836 0 0)
(-8.51764 0 0)
(-10.6869 0 0)
(-1.44528 0 0)
(-8.43407 0 0)
(-1.17884 0 0)
(-7.16921 0 0)
(-2.90487 0 0)
(5.45493 0 0)
(7.62034 0 0)
(13.6145 0 0)
(6.0838 0 0)
(-2.14361 0 0)
(-5.98257 0 0)
(-7.35207 0 0)
(-0.633402 0 0)
(6.67291 0 0)
(8.63313 0 0)
(2.23078 0 0)
(-7.56612 0 0)
(-11.3881 0 0)
(-8.08942 0 0)
(-2.00819 0 0)
(3.92465 0 0)
(7.32283 0 0)
(6.51196 0 0)
(4.73422 0 0)
(-0.0813452 0 0)
(-2.17475 0 0)
(-0.941079 0 0)
)
;

boundaryField
{
    sides
    {
        type            fixedValue;
        value           uniform (0 0 0);
    }
    empty
    {
        type            empty;
    }
}


// ************************************************************************* //
