/*--------------------------------*- C++ -*----------------------------------*\
| =========                 |                                                 |
| \\      /  F ield         | OpenFOAM: The Open Source CFD Toolbox           |
|  \\    /   O peration     | Version:  2412                                  |
|   \\  /    A nd           | Website:  www.openfoam.com                      |
|    \\/     M anipulation  |                                                 |
\*---------------------------------------------------------------------------*/
FoamFile
{
    version     2.0;
    format      ascii;
    arch        "LSB;label=32;scalar=64";
    class       volVectorField;
    location    "0.0354808";
    object      U;
}
// * * * * * * * * * * * * * * * * * * * * * * * * * * * * * * * * * * * * * //

dimensions      [0 1 -1 0 0 0 0];

internalField   nonuniform List<vector> 
100
(
(1.84732 0 0)
(5.70605 0 0)
(9.39475 0 0)
(13.3043 0 0)
(16.9041 0 0)
(20.9262 0 0)
(24.3961 0 0)
(28.5245 0 0)
(31.9219 0 0)
(36.0349 0 0)
(39.5738 0 0)
(43.4837 0 0)
(47.3088 0 0)
(50.9819 0 0)
(55.0059 0 0)
(58.502 0 0)
(62.5819 0 0)
(66.062 0 0)
(70.1134 0 0)
(73.6746 0 0)
(77.6618 0 0)
(81.3123 0 0)
(85.2309 0 0)
(88.9409 0 0)
(92.7879 0 0)
(96.5224 0 0)
(100.323 0 0)
(104.076 0 0)
(107.86 0 0)
(111.617 0 0)
(115.378 0 0)
(119.091 0 0)
(122.794 0 0)
(126.43 0 0)
(130.065 0 0)
(133.701 0 0)
(137.279 0 0)
(140.905 0 0)
(144.73 0 0)
(147.288 0 0)
(52.9133 0 0)
(-114.199 0 0)
(-137.889 0 0)
(-124.12 0 0)
(-115.387 0 0)
(-114.118 0 0)
(-116.203 0 0)
(-117.694 0 0)
(-117.212 0 0)
(-114.877 0 0)
(-108.616 0 0)
(-101.974 0 0)
(-99.2907 0 0)
(-98.7515 0 0)
(-98.2902 0 0)
(-98.5517 0 0)
(-98.1353 0 0)
(-97.2195 0 0)
(-92.8869 0 0)
(-85.3762 0 0)
(-77.191 0 0)
(-71.7597 0 0)
(-71.6337 0 0)
(-70.6352 0 0)
(-72.3998 0 0)
(-70.3628 0 0)
(-69.1952 0 0)
(-66.6523 0 0)
(-61.482 0 0)
(-60.4687 0 0)
(-54.1515 0 0)
(-54.6232 0 0)
(-51.3105 0 0)
(-49.5487 0 0)
(-46.5197 0 0)
(-40.6842 0 0)
(-40.7466 0 0)
(-37.3265 0 0)
(-36.2243 0 0)
(-33.7612 0 0)
(-30.084 0 0)
(-26.1641 0 0)
(-24.2576 0 0)
(-26.248 0 0)
(-23.8589 0 0)
(-12.3347 0 0)
(3.15512 0 0)
(9.88042 0 0)
(14.0679 0 0)
(12.7929 0 0)
(7.03565 0 0)
(0.291092 0 0)
(-3.95956 0 0)
(-3.59324 0 0)
(-1.87017 0 0)
(-0.968184 0 0)
(-1.50006 0 0)
(-2.88592 0 0)
(-2.83592 0 0)
(-1.4559 0 0)
)
;

boundaryField
{
    sides
    {
        type            fixedValue;
        value           uniform (0 0 0);
    }
    empty
    {
        type            empty;
    }
}


// ************************************************************************* //
