/*--------------------------------*- C++ -*----------------------------------*\
| =========                 |                                                 |
| \\      /  F ield         | OpenFOAM: The Open Source CFD Toolbox           |
|  \\    /   O peration     | Version:  2412                                  |
|   \\  /    A nd           | Website:  www.openfoam.com                      |
|    \\/     M anipulation  |                                                 |
\*---------------------------------------------------------------------------*/
FoamFile
{
    version     2.0;
    format      ascii;
    arch        "LSB;label=32;scalar=64";
    class       volVectorField;
    location    "0.00460556";
    object      U;
}
// * * * * * * * * * * * * * * * * * * * * * * * * * * * * * * * * * * * * * //

dimensions      [0 1 -1 0 0 0 0];

internalField   nonuniform List<vector> 
100
(
(-8.72516e-14 0 0)
(-8.99718e-14 0 0)
(-4.32528e-14 0 0)
(-2.72691e-14 0 0)
(1.67108e-14 0 0)
(-7.21435e-14 0 0)
(-1.7193e-13 0 0)
(-9.17188e-14 0 0)
(-1.3956e-13 0 0)
(-1.51495e-13 0 0)
(-1.12038e-13 0 0)
(-1.05775e-13 0 0)
(-6.46083e-14 0 0)
(-8.67497e-15 0 0)
(-2.35699e-14 0 0)
(-2.89688e-14 0 0)
(-3.45555e-14 0 0)
(7.91773e-15 0 0)
(-9.2406e-16 0 0)
(8.24516e-14 0 0)
(1.12958e-13 0 0)
(1.35468e-13 0 0)
(2.08347e-13 0 0)
(2.96019e-13 0 0)
(2.69623e-13 0 0)
(1.97695e-13 0 0)
(1.50994e-13 0 0)
(1.18976e-13 0 0)
(6.55546e-12 0 0)
(3.35319e-09 0 0)
(1.28126e-06 0 0)
(0.000294313 0 0)
(0.0297307 0 0)
(0.921801 0 0)
(7.69165 0 0)
(24.3199 0 0)
(45.038 0 0)
(64.8404 0 0)
(82.8913 0 0)
(100.684 0 0)
(117.106 0 0)
(135.974 0 0)
(151.298 0 0)
(169.422 0 0)
(187.085 0 0)
(199.916 0 0)
(218.646 0 0)
(237.291 0 0)
(254.425 0 0)
(263.015 0 0)
(276.743 0 0)
(291.462 0 0)
(291.431 0 0)
(281.172 0 0)
(277.709 0 0)
(281.485 0 0)
(287.861 0 0)
(287.392 0 0)
(280.799 0 0)
(276.887 0 0)
(278.632 0 0)
(279.202 0 0)
(277.96 0 0)
(282.981 0 0)
(286.522 0 0)
(286.72 0 0)
(279.382 0 0)
(274.129 0 0)
(274.322 0 0)
(281.594 0 0)
(294.757 0 0)
(276.453 0 0)
(125.81 0 0)
(3.12824 0 0)
(0.00344855 0 0)
(5.77211e-07 0 0)
(5.17846e-11 0 0)
(6.63905e-14 0 0)
(-1.1869e-13 0 0)
(-1.98371e-13 0 0)
(-7.57468e-14 0 0)
(8.848e-14 0 0)
(-2.36363e-14 0 0)
(-2.46222e-13 0 0)
(-1.83773e-13 0 0)
(-1.61188e-13 0 0)
(-1.77456e-13 0 0)
(-9.19383e-14 0 0)
(-2.23517e-13 0 0)
(-1.56927e-13 0 0)
(-1.28382e-13 0 0)
(-2.60589e-13 0 0)
(-1.94705e-13 0 0)
(-2.30248e-13 0 0)
(-2.75096e-13 0 0)
(-2.87931e-13 0 0)
(-2.31464e-13 0 0)
(-1.1222e-13 0 0)
(-6.3498e-14 0 0)
(-9.96423e-14 0 0)
)
;

boundaryField
{
    sides
    {
        type            fixedValue;
        value           uniform (0 0 0);
    }
    empty
    {
        type            empty;
    }
}


// ************************************************************************* //
