/*--------------------------------*- C++ -*----------------------------------*\
| =========                 |                                                 |
| \\      /  F ield         | OpenFOAM: The Open Source CFD Toolbox           |
|  \\    /   O peration     | Version:  2412                                  |
|   \\  /    A nd           | Website:  www.openfoam.com                      |
|    \\/     M anipulation  |                                                 |
\*---------------------------------------------------------------------------*/
FoamFile
{
    version     2.0;
    format      ascii;
    arch        "LSB;label=32;scalar=64";
    class       volVectorField;
    location    "0.00076963";
    object      U;
}
// * * * * * * * * * * * * * * * * * * * * * * * * * * * * * * * * * * * * * //

dimensions      [0 1 -1 0 0 0 0];

internalField   nonuniform List<vector> 
100
(
(1.39565e-20 0 0)
(1.87803e-14 0 0)
(-3.38379e-14 0 0)
(-2.69128e-14 0 0)
(4.19703e-14 0 0)
(3.00771e-20 0 0)
(1.87803e-14 0 0)
(-4.19703e-14 0 0)
(-1.05968e-14 0 0)
(3.37867e-14 0 0)
(1.6316e-14 0 0)
(-1.82545e-14 0 0)
(1.82545e-14 0 0)
(3.20924e-14 0 0)
(-7.7418e-15 0 0)
(-1.62182e-14 0 0)
(-8.13244e-15 0 0)
(-2.42928e-15 0 0)
(3.46403e-14 0 0)
(-7.86037e-15 0 0)
(-1.62182e-14 0 0)
(-3.45217e-14 0 0)
(-2.82792e-21 0 0)
(2.63892e-14 0 0)
(-1.82568e-14 0 0)
(-2.41764e-14 0 0)
(1.82012e-14 0 0)
(2.4232e-14 0 0)
(4.83106e-14 0 0)
(2.55986e-15 0 0)
(-7.47977e-14 0 0)
(8.13471e-15 0 0)
(1.44443e-20 0 0)
(1.57925e-14 0 0)
(1.86141e-15 0 0)
(-2.76501e-14 0 0)
(9.99614e-15 0 0)
(2.12773e-20 0 0)
(1.57925e-14 0 0)
(4.83106e-14 0 0)
(5.09707e-19 0 0)
(3.73e-14 0 0)
(9.0698e-10 0 0)
(3.00617e-06 0 0)
(0.00202065 0 0)
(0.315174 0 0)
(8.17197 0 0)
(48.1949 0 0)
(105.133 0 0)
(193.699 0 0)
(267.152 0 0)
(290.168 0 0)
(286.481 0 0)
(178.39 0 0)
(14.035 0 0)
(0.0520861 0 0)
(2.38541e-05 0 0)
(2.34484e-09 0 0)
(2.42553e-13 0 0)
(-2.99473e-14 0 0)
(-1.57649e-14 0 0)
(3.67199e-14 0 0)
(1.54332e-19 0 0)
(-3.20082e-16 0 0)
(-2.68382e-14 0 0)
(-1.02542e-14 0 0)
(3.74122e-14 0 0)
(1.28718e-19 0 0)
(-1.41803e-14 0 0)
(-2.98793e-14 0 0)
(-6.37367e-15 0 0)
(2.71639e-14 0 0)
(3.82436e-14 0 0)
(-1.49582e-14 0 0)
(-5.11989e-14 0 0)
(7.49645e-16 0 0)
(1.40388e-14 0 0)
(-7.16438e-15 0 0)
(-3.51172e-14 0 0)
(6.42125e-15 0 0)
(2.18215e-14 0 0)
(1.61513e-14 0 0)
(-9.27682e-15 0 0)
(-3.51172e-14 0 0)
(6.42125e-15 0 0)
(2.18215e-14 0 0)
(8.98687e-15 0 0)
(-1.66649e-14 0 0)
(-1.34451e-14 0 0)
(4.26198e-14 0 0)
(2.85756e-14 0 0)
(2.78288e-14 0 0)
(1.48276e-14 0 0)
(-3.59948e-14 0 0)
(7.56327e-15 0 0)
(-7.30061e-15 0 0)
(2.13626e-14 0 0)
(1.43695e-14 0 0)
(-2.90117e-14 0 0)
(6.94801e-15 0 0)
)
;

boundaryField
{
    sides
    {
        type            fixedValue;
        value           uniform (0 0 0);
    }
    empty
    {
        type            empty;
    }
}


// ************************************************************************* //
