/*--------------------------------*- C++ -*----------------------------------*\
| =========                 |                                                 |
| \\      /  F ield         | OpenFOAM: The Open Source CFD Toolbox           |
|  \\    /   O peration     | Version:  2412                                  |
|   \\  /    A nd           | Website:  www.openfoam.com                      |
|    \\/     M anipulation  |                                                 |
\*---------------------------------------------------------------------------*/
FoamFile
{
    version     2.0;
    format      ascii;
    arch        "LSB;label=32;scalar=64";
    class       volVectorField;
    location    "0.0318914";
    object      U;
}
// * * * * * * * * * * * * * * * * * * * * * * * * * * * * * * * * * * * * * //

dimensions      [0 1 -1 0 0 0 0];

internalField   nonuniform List<vector> 
100
(
(2.12334 0 0)
(6.43533 0 0)
(10.6672 0 0)
(14.9993 0 0)
(19.1719 0 0)
(23.5662 0 0)
(27.6287 0 0)
(32.1744 0 0)
(36.118 0 0)
(40.7526 0 0)
(44.6788 0 0)
(49.2623 0 0)
(53.4201 0 0)
(57.7664 0 0)
(62.1801 0 0)
(66.2998 0 0)
(70.8486 0 0)
(74.8326 0 0)
(79.4015 0 0)
(83.4224 0 0)
(87.966 0 0)
(92.0921 0 0)
(96.592 0 0)
(100.8 0 0)
(105.226 0 0)
(109.483 0 0)
(113.856 0 0)
(118.143 0 0)
(122.489 0 0)
(126.792 0 0)
(131.109 0 0)
(135.402 0 0)
(139.692 0 0)
(143.975 0 0)
(148.268 0 0)
(152.549 0 0)
(156.83 0 0)
(161.051 0 0)
(165.275 0 0)
(169.369 0 0)
(173.436 0 0)
(177.518 0 0)
(181.462 0 0)
(185.182 0 0)
(188.491 0 0)
(191.153 0 0)
(193.418 0 0)
(195.337 0 0)
(196.728 0 0)
(198.499 0 0)
(201.651 0 0)
(155.785 0 0)
(-35.285 0 0)
(-88.8477 0 0)
(-83.2048 0 0)
(-73.2462 0 0)
(-67.9476 0 0)
(-64.0934 0 0)
(-57.6095 0 0)
(-53.0783 0 0)
(-50.9109 0 0)
(-47.9903 0 0)
(-50.7624 0 0)
(-48.6066 0 0)
(-47.9723 0 0)
(-42.3991 0 0)
(-36.7995 0 0)
(-34.6509 0 0)
(-29.3335 0 0)
(-34.4866 0 0)
(-31.4872 0 0)
(-32.7362 0 0)
(-22.3714 0 0)
(-3.19661 0 0)
(7.76711 0 0)
(16.3553 0 0)
(12.1438 0 0)
(7.11114 0 0)
(0.306776 0 0)
(-3.0356 0 0)
(-1.86374 0 0)
(-0.829911 0 0)
(-0.318441 0 0)
(-1.35507 0 0)
(-2.79736 0 0)
(-2.36239 0 0)
(-0.2717 0 0)
(1.73823 0 0)
(2.58598 0 0)
(1.22826 0 0)
(-1.12176 0 0)
(-0.955704 0 0)
(0.682746 0 0)
(3.40052 0 0)
(3.49716 0 0)
(0.73001 0 0)
(-3.69128 0 0)
(-7.7016 0 0)
(-7.6514 0 0)
(-3.19371 0 0)
)
;

boundaryField
{
    sides
    {
        type            fixedValue;
        value           uniform (0 0 0);
    }
    empty
    {
        type            empty;
    }
}


// ************************************************************************* //
