/*--------------------------------*- C++ -*----------------------------------*\
| =========                 |                                                 |
| \\      /  F ield         | OpenFOAM: The Open Source CFD Toolbox           |
|  \\    /   O peration     | Version:  2412                                  |
|   \\  /    A nd           | Website:  www.openfoam.com                      |
|    \\/     M anipulation  |                                                 |
\*---------------------------------------------------------------------------*/
FoamFile
{
    version     2.0;
    format      ascii;
    arch        "LSB;label=32;scalar=64";
    class       volVectorField;
    location    "0.0402615";
    object      U;
}
// * * * * * * * * * * * * * * * * * * * * * * * * * * * * * * * * * * * * * //

dimensions      [0 1 -1 0 0 0 0];

internalField   nonuniform List<vector> 
100
(
(1.51648 0 0)
(4.63941 0 0)
(7.84412 0 0)
(11.1504 0 0)
(14.5331 0 0)
(17.9444 0 0)
(21.347 0 0)
(24.7122 0 0)
(28.0226 0 0)
(31.2732 0 0)
(34.4615 0 0)
(37.5973 0 0)
(40.7133 0 0)
(43.8696 0 0)
(47.0851 0 0)
(50.3421 0 0)
(53.6406 0 0)
(56.9611 0 0)
(60.279 0 0)
(63.5818 0 0)
(66.9774 0 0)
(70.779 0 0)
(72.5217 0 0)
(-31.4343 0 0)
(-182.473 0 0)
(-202.422 0 0)
(-195.36 0 0)
(-186.688 0 0)
(-180.272 0 0)
(-173.125 0 0)
(-168.999 0 0)
(-167.615 0 0)
(-170.263 0 0)
(-177.246 0 0)
(-178.864 0 0)
(-177.544 0 0)
(-175.338 0 0)
(-168.794 0 0)
(-154.36 0 0)
(-145.655 0 0)
(-142.662 0 0)
(-142.222 0 0)
(-145.236 0 0)
(-149.425 0 0)
(-150.001 0 0)
(-148.764 0 0)
(-146.821 0 0)
(-141.883 0 0)
(-135.887 0 0)
(-132.874 0 0)
(-132.435 0 0)
(-132.955 0 0)
(-132.17 0 0)
(-128.801 0 0)
(-122.044 0 0)
(-116.511 0 0)
(-114.558 0 0)
(-115.264 0 0)
(-116.311 0 0)
(-115.602 0 0)
(-111.411 0 0)
(-104.658 0 0)
(-99.2051 0 0)
(-97.1955 0 0)
(-99.6814 0 0)
(-103.741 0 0)
(-105.639 0 0)
(-101.827 0 0)
(-96.4806 0 0)
(-85.3041 0 0)
(-78.4515 0 0)
(-76.4752 0 0)
(-74.7756 0 0)
(-78.3388 0 0)
(-78.5868 0 0)
(-78.8425 0 0)
(-76.6059 0 0)
(-73.1546 0 0)
(-70.8363 0 0)
(-67.2857 0 0)
(-66.1104 0 0)
(-61.5508 0 0)
(-57.6328 0 0)
(-54.8153 0 0)
(-53.7367 0 0)
(-52.5552 0 0)
(-52.147 0 0)
(-50.3541 0 0)
(-45.7888 0 0)
(-43.7422 0 0)
(-44.9643 0 0)
(-47.1002 0 0)
(-50.0712 0 0)
(-52.4777 0 0)
(-50.5257 0 0)
(-45.4145 0 0)
(-33.765 0 0)
(-21.4836 0 0)
(-11.3758 0 0)
(-8.2505 0 0)
)
;

boundaryField
{
    sides
    {
        type            fixedValue;
        value           uniform (0 0 0);
    }
    empty
    {
        type            empty;
    }
}


// ************************************************************************* //
