/*--------------------------------*- C++ -*----------------------------------*\
| =========                 |                                                 |
| \\      /  F ield         | OpenFOAM: The Open Source CFD Toolbox           |
|  \\    /   O peration     | Version:  2412                                  |
|   \\  /    A nd           | Website:  www.openfoam.com                      |
|    \\/     M anipulation  |                                                 |
\*---------------------------------------------------------------------------*/
FoamFile
{
    version     2.0;
    format      ascii;
    arch        "LSB;label=32;scalar=64";
    class       volVectorField;
    location    "0.0500176";
    object      U;
}
// * * * * * * * * * * * * * * * * * * * * * * * * * * * * * * * * * * * * * //

dimensions      [0 1 -1 0 0 0 0];

internalField   nonuniform List<vector> 
100
(
(10.8272 0 0)
(16.1264 0 0)
(6.97831 0 0)
(-15.1273 0 0)
(-32.2061 0 0)
(-29.5779 0 0)
(-12.6252 0 0)
(16.2785 0 0)
(27.3947 0 0)
(-41.6147 0 0)
(-211.709 0 0)
(-244.128 0 0)
(-241.512 0 0)
(-232.336 0 0)
(-221.489 0 0)
(-217.723 0 0)
(-216.774 0 0)
(-222.229 0 0)
(-236.351 0 0)
(-239.174 0 0)
(-237.594 0 0)
(-233.987 0 0)
(-218.43 0 0)
(-201.309 0 0)
(-195.983 0 0)
(-194.531 0 0)
(-193.464 0 0)
(-197.1 0 0)
(-208.134 0 0)
(-211.916 0 0)
(-210.56 0 0)
(-208.136 0 0)
(-203.341 0 0)
(-199.021 0 0)
(-196.532 0 0)
(-194.423 0 0)
(-190.53 0 0)
(-185.855 0 0)
(-183.207 0 0)
(-182.05 0 0)
(-182.399 0 0)
(-184.804 0 0)
(-185.003 0 0)
(-183.474 0 0)
(-179.026 0 0)
(-171.817 0 0)
(-167.958 0 0)
(-166.991 0 0)
(-175.754 0 0)
(-192.903 0 0)
(-196.764 0 0)
(-195.543 0 0)
(-192.997 0 0)
(-183.977 0 0)
(-160.616 0 0)
(-141.623 0 0)
(-133.78 0 0)
(-130.067 0 0)
(-127.565 0 0)
(-124.716 0 0)
(-121.24 0 0)
(-117.854 0 0)
(-115.945 0 0)
(-115.122 0 0)
(-114.396 0 0)
(-114.109 0 0)
(-113.796 0 0)
(-113.037 0 0)
(-110.77 0 0)
(-105.857 0 0)
(-98.3935 0 0)
(-91.6716 0 0)
(-87.2356 0 0)
(-82.7596 0 0)
(-80.6192 0 0)
(-79.2369 0 0)
(-78.2665 0 0)
(-77.4533 0 0)
(-74.6661 0 0)
(-72.3472 0 0)
(-66.2091 0 0)
(-62.4757 0 0)
(-58.1267 0 0)
(-55.0494 0 0)
(-51.9054 0 0)
(-48.3496 0 0)
(-45.4994 0 0)
(-41.3322 0 0)
(-38.5605 0 0)
(-35.1044 0 0)
(-31.6868 0 0)
(-27.6475 0 0)
(-24.3792 0 0)
(-21.0946 0 0)
(-18.0679 0 0)
(-14.9904 0 0)
(-11.4989 0 0)
(-8.53135 0 0)
(-4.95002 0 0)
(-2.04509 0 0)
)
;

boundaryField
{
    sides
    {
        type            fixedValue;
        value           uniform (0 0 0);
    }
    empty
    {
        type            empty;
    }
}


// ************************************************************************* //
