/*--------------------------------*- C++ -*----------------------------------*\
| =========                 |                                                 |
| \\      /  F ield         | OpenFOAM: The Open Source CFD Toolbox           |
|  \\    /   O peration     | Version:  2412                                  |
|   \\  /    A nd           | Website:  www.openfoam.com                      |
|    \\/     M anipulation  |                                                 |
\*---------------------------------------------------------------------------*/
FoamFile
{
    version     2.0;
    format      ascii;
    arch        "LSB;label=32;scalar=64";
    class       volVectorField;
    location    "0.0528781";
    object      U;
}
// * * * * * * * * * * * * * * * * * * * * * * * * * * * * * * * * * * * * * //

dimensions      [0 1 -1 0 0 0 0];

internalField   nonuniform List<vector> 
100
(
(-5.9774 0 0)
(-15.4619 0 0)
(-5.77578 0 0)
(8.82239 0 0)
(14.5957 0 0)
(7.18896 0 0)
(-14.4428 0 0)
(-25.2664 0 0)
(-19.243 0 0)
(0.572395 0 0)
(23.0666 0 0)
(29.6818 0 0)
(14.0585 0 0)
(-6.46886 0 0)
(-20.4743 0 0)
(-27.3821 0 0)
(-80.0658 0 0)
(-208.22 0 0)
(-231.122 0 0)
(-227.49 0 0)
(-226.113 0 0)
(-222.292 0 0)
(-217.232 0 0)
(-214.333 0 0)
(-213.022 0 0)
(-212.592 0 0)
(-216.038 0 0)
(-218.183 0 0)
(-217.024 0 0)
(-214.683 0 0)
(-207.376 0 0)
(-200.819 0 0)
(-198.306 0 0)
(-200.494 0 0)
(-220.237 0 0)
(-232.342 0 0)
(-231.978 0 0)
(-230.26 0 0)
(-226.922 0 0)
(-213.06 0 0)
(-183.758 0 0)
(-166.86 0 0)
(-161.923 0 0)
(-160.474 0 0)
(-159.601 0 0)
(-158.266 0 0)
(-154.974 0 0)
(-150.265 0 0)
(-147.074 0 0)
(-145.749 0 0)
(-144.829 0 0)
(-144.212 0 0)
(-144.549 0 0)
(-145.162 0 0)
(-144.909 0 0)
(-144.008 0 0)
(-142.017 0 0)
(-136.518 0 0)
(-126.356 0 0)
(-118.622 0 0)
(-114.183 0 0)
(-111.381 0 0)
(-110.238 0 0)
(-109.53 0 0)
(-109.126 0 0)
(-108.841 0 0)
(-108.023 0 0)
(-105.497 0 0)
(-100.695 0 0)
(-95.0249 0 0)
(-90.763 0 0)
(-87.1422 0 0)
(-84.6461 0 0)
(-81.816 0 0)
(-79.0403 0 0)
(-75.5003 0 0)
(-72.72 0 0)
(-69.2129 0 0)
(-66.1591 0 0)
(-63.2234 0 0)
(-59.364 0 0)
(-57.1554 0 0)
(-53.6419 0 0)
(-51.3663 0 0)
(-48.4549 0 0)
(-45.1823 0 0)
(-41.8206 0 0)
(-37.8646 0 0)
(-35.3645 0 0)
(-31.9077 0 0)
(-29.1625 0 0)
(-25.8089 0 0)
(-22.9859 0 0)
(-19.7237 0 0)
(-16.6649 0 0)
(-13.8522 0 0)
(-10.9371 0 0)
(-8.46211 0 0)
(-5.137 0 0)
(-2.09314 0 0)
)
;

boundaryField
{
    sides
    {
        type            fixedValue;
        value           uniform (0 0 0);
    }
    empty
    {
        type            empty;
    }
}


// ************************************************************************* //
