/*--------------------------------*- C++ -*----------------------------------*\
| =========                 |                                                 |
| \\      /  F ield         | OpenFOAM: The Open Source CFD Toolbox           |
|  \\    /   O peration     | Version:  2412                                  |
|   \\  /    A nd           | Website:  www.openfoam.com                      |
|    \\/     M anipulation  |                                                 |
\*---------------------------------------------------------------------------*/
FoamFile
{
    version     2.0;
    format      ascii;
    arch        "LSB;label=32;scalar=64";
    class       volVectorField;
    location    "0.00579739";
    object      U;
}
// * * * * * * * * * * * * * * * * * * * * * * * * * * * * * * * * * * * * * //

dimensions      [0 1 -1 0 0 0 0];

internalField   nonuniform List<vector> 
100
(
(5.07799e-14 0 0)
(3.13542e-14 0 0)
(-6.76686e-14 0 0)
(-2.1413e-13 0 0)
(-2.10966e-13 0 0)
(-1.44728e-13 0 0)
(-1.30733e-13 0 0)
(-1.80996e-13 0 0)
(-2.45419e-13 0 0)
(-1.76026e-13 0 0)
(-1.03529e-13 0 0)
(-6.54882e-14 0 0)
(-8.92037e-14 0 0)
(-5.68387e-14 0 0)
(-4.00287e-14 0 0)
(-6.17732e-14 0 0)
(-1.94532e-15 0 0)
(9.76599e-14 0 0)
(1.78161e-13 0 0)
(1.55479e-13 0 0)
(8.80358e-14 0 0)
(1.43118e-13 0 0)
(2.32361e-13 0 0)
(2.55981e-13 0 0)
(1.81204e-12 0 0)
(8.16662e-10 0 0)
(3.31479e-07 0 0)
(8.62074e-05 0 0)
(0.0106628 0 0)
(0.43865 0 0)
(4.77632 0 0)
(17.8239 0 0)
(35.6555 0 0)
(52.786 0 0)
(68.1369 0 0)
(82.5362 0 0)
(96.3667 0 0)
(110.56 0 0)
(123.831 0 0)
(138.992 0 0)
(151.396 0 0)
(166.346 0 0)
(179.932 0 0)
(191.631 0 0)
(206.366 0 0)
(219.598 0 0)
(234.357 0 0)
(244.413 0 0)
(259.553 0 0)
(276.098 0 0)
(286.401 0 0)
(281.763 0 0)
(278.634 0 0)
(282.403 0 0)
(287.736 0 0)
(286.295 0 0)
(277.776 0 0)
(277.989 0 0)
(284.273 0 0)
(288.769 0 0)
(287.643 0 0)
(281.24 0 0)
(277.927 0 0)
(278.981 0 0)
(281.504 0 0)
(283.85 0 0)
(280.241 0 0)
(276.725 0 0)
(277.966 0 0)
(279.391 0 0)
(283.456 0 0)
(286.022 0 0)
(285.349 0 0)
(279.596 0 0)
(277.103 0 0)
(282.726 0 0)
(289.398 0 0)
(256.933 0 0)
(82.2956 0 0)
(1.07195 0 0)
(0.000759132 0 0)
(9.63607e-08 0 0)
(9.7706e-12 0 0)
(-1.75014e-13 0 0)
(-1.47828e-13 0 0)
(-1.10885e-13 0 0)
(-4.23676e-14 0 0)
(-6.31857e-14 0 0)
(-2.3805e-13 0 0)
(-3.27664e-13 0 0)
(-3.06127e-13 0 0)
(-3.31901e-13 0 0)
(-2.09266e-13 0 0)
(-1.44406e-13 0 0)
(-2.61011e-13 0 0)
(-4.23495e-13 0 0)
(-4.30914e-13 0 0)
(-3.25119e-13 0 0)
(-1.48996e-13 0 0)
(-3.51604e-14 0 0)
)
;

boundaryField
{
    sides
    {
        type            fixedValue;
        value           uniform (0 0 0);
    }
    empty
    {
        type            empty;
    }
}


// ************************************************************************* //
