/*--------------------------------*- C++ -*----------------------------------*\
| =========                 |                                                 |
| \\      /  F ield         | OpenFOAM: The Open Source CFD Toolbox           |
|  \\    /   O peration     | Version:  2412                                  |
|   \\  /    A nd           | Website:  www.openfoam.com                      |
|    \\/     M anipulation  |                                                 |
\*---------------------------------------------------------------------------*/
FoamFile
{
    version     2.0;
    format      ascii;
    arch        "LSB;label=32;scalar=64";
    class       volVectorField;
    location    "0.0404109";
    object      U;
}
// * * * * * * * * * * * * * * * * * * * * * * * * * * * * * * * * * * * * * //

dimensions      [0 1 -1 0 0 0 0];

internalField   nonuniform List<vector> 
100
(
(1.51629 0 0)
(4.66394 0 0)
(7.87824 0 0)
(11.178 0 0)
(14.5376 0 0)
(17.9205 0 0)
(21.2937 0 0)
(24.6266 0 0)
(27.9048 0 0)
(31.1329 0 0)
(34.3111 0 0)
(37.4443 0 0)
(40.5484 0 0)
(43.6742 0 0)
(46.8569 0 0)
(50.0891 0 0)
(53.3614 0 0)
(56.6635 0 0)
(59.9616 0 0)
(63.2707 0 0)
(66.9678 0 0)
(70.3976 0 0)
(40.9396 0 0)
(-141.368 0 0)
(-203.465 0 0)
(-202.206 0 0)
(-190.87 0 0)
(-183.446 0 0)
(-176.618 0 0)
(-171.88 0 0)
(-169.911 0 0)
(-170.771 0 0)
(-177.786 0 0)
(-181.137 0 0)
(-180.179 0 0)
(-178.389 0 0)
(-173.703 0 0)
(-160.598 0 0)
(-149.273 0 0)
(-145.161 0 0)
(-144.116 0 0)
(-145.83 0 0)
(-150.705 0 0)
(-152.377 0 0)
(-151.481 0 0)
(-149.852 0 0)
(-145.928 0 0)
(-139.729 0 0)
(-135.597 0 0)
(-134.537 0 0)
(-135.066 0 0)
(-134.857 0 0)
(-132.548 0 0)
(-126.79 0 0)
(-120.006 0 0)
(-117.086 0 0)
(-116.972 0 0)
(-118.424 0 0)
(-118.303 0 0)
(-115.722 0 0)
(-109.44 0 0)
(-102.773 0 0)
(-99.7329 0 0)
(-100.238 0 0)
(-104.848 0 0)
(-107.137 0 0)
(-107.186 0 0)
(-100.686 0 0)
(-91.8646 0 0)
(-82.7511 0 0)
(-78.2933 0 0)
(-78.567 0 0)
(-78.4537 0 0)
(-81.3551 0 0)
(-80.2349 0 0)
(-80.383 0 0)
(-77.2013 0 0)
(-73.3897 0 0)
(-71.6315 0 0)
(-68.3028 0 0)
(-66.3115 0 0)
(-61.5974 0 0)
(-58.5071 0 0)
(-56.2133 0 0)
(-55.4826 0 0)
(-54.382 0 0)
(-53.1916 0 0)
(-49.0188 0 0)
(-45.2492 0 0)
(-45.9873 0 0)
(-49.4521 0 0)
(-53.3441 0 0)
(-55.627 0 0)
(-54.3599 0 0)
(-50.1638 0 0)
(-39.9172 0 0)
(-26.4152 0 0)
(-15.4915 0 0)
(-7.07383 0 0)
(-6.70954 0 0)
)
;

boundaryField
{
    sides
    {
        type            fixedValue;
        value           uniform (0 0 0);
    }
    empty
    {
        type            empty;
    }
}


// ************************************************************************* //
