/*--------------------------------*- C++ -*----------------------------------*\
| =========                 |                                                 |
| \\      /  F ield         | OpenFOAM: The Open Source CFD Toolbox           |
|  \\    /   O peration     | Version:  2412                                  |
|   \\  /    A nd           | Website:  www.openfoam.com                      |
|    \\/     M anipulation  |                                                 |
\*---------------------------------------------------------------------------*/
FoamFile
{
    version     2.0;
    format      ascii;
    arch        "LSB;label=32;scalar=64";
    class       volVectorField;
    location    "0.0438731";
    object      U;
}
// * * * * * * * * * * * * * * * * * * * * * * * * * * * * * * * * * * * * * //

dimensions      [0 1 -1 0 0 0 0];

internalField   nonuniform List<vector> 
100
(
(1.52577 0 0)
(4.48372 0 0)
(7.50231 0 0)
(10.5259 0 0)
(13.5423 0 0)
(16.694 0 0)
(20.1845 0 0)
(22.6787 0 0)
(-36.5805 0 0)
(-200.905 0 0)
(-235.137 0 0)
(-225.865 0 0)
(-214.395 0 0)
(-212.885 0 0)
(-222.347 0 0)
(-231.38 0 0)
(-230.657 0 0)
(-228.809 0 0)
(-226.494 0 0)
(-219.509 0 0)
(-201.128 0 0)
(-191.26 0 0)
(-188.382 0 0)
(-187.357 0 0)
(-189.301 0 0)
(-198.513 0 0)
(-202.221 0 0)
(-201.107 0 0)
(-199.066 0 0)
(-194.322 0 0)
(-186.62 0 0)
(-182.475 0 0)
(-180.973 0 0)
(-181.938 0 0)
(-183.687 0 0)
(-182.781 0 0)
(-179.661 0 0)
(-172.16 0 0)
(-165.616 0 0)
(-163.222 0 0)
(-163.779 0 0)
(-167.392 0 0)
(-168.08 0 0)
(-166.056 0 0)
(-160.101 0 0)
(-151.401 0 0)
(-147.17 0 0)
(-146.149 0 0)
(-150.832 0 0)
(-158.016 0 0)
(-158.882 0 0)
(-156.802 0 0)
(-149.835 0 0)
(-136.026 0 0)
(-127.888 0 0)
(-124.851 0 0)
(-124.428 0 0)
(-127.217 0 0)
(-131.321 0 0)
(-132.056 0 0)
(-130.912 0 0)
(-128.704 0 0)
(-124.88 0 0)
(-121.614 0 0)
(-119.664 0 0)
(-117.049 0 0)
(-113.23 0 0)
(-108.967 0 0)
(-107.581 0 0)
(-106.573 0 0)
(-107.129 0 0)
(-106.107 0 0)
(-103.148 0 0)
(-98.5056 0 0)
(-93.2525 0 0)
(-92.8681 0 0)
(-94.8523 0 0)
(-105.907 0 0)
(-110.738 0 0)
(-109.607 0 0)
(-106.014 0 0)
(-95.4328 0 0)
(-77.3347 0 0)
(-61.6314 0 0)
(-54.8067 0 0)
(-49.466 0 0)
(-46.181 0 0)
(-43.031 0 0)
(-40.9936 0 0)
(-39.0654 0 0)
(-37.1088 0 0)
(-34.8466 0 0)
(-31.7087 0 0)
(-27.0597 0 0)
(-21.8827 0 0)
(-16.3251 0 0)
(-10.0139 0 0)
(-5.28124 0 0)
(-1.62427 0 0)
(-0.665034 0 0)
)
;

boundaryField
{
    sides
    {
        type            fixedValue;
        value           uniform (0 0 0);
    }
    empty
    {
        type            empty;
    }
}


// ************************************************************************* //
