/*--------------------------------*- C++ -*----------------------------------*\
| =========                 |                                                 |
| \\      /  F ield         | OpenFOAM: The Open Source CFD Toolbox           |
|  \\    /   O peration     | Version:  2412                                  |
|   \\  /    A nd           | Website:  www.openfoam.com                      |
|    \\/     M anipulation  |                                                 |
\*---------------------------------------------------------------------------*/
FoamFile
{
    version     2.0;
    format      ascii;
    arch        "LSB;label=32;scalar=64";
    class       volVectorField;
    location    "0.0067449";
    object      U;
}
// * * * * * * * * * * * * * * * * * * * * * * * * * * * * * * * * * * * * * //

dimensions      [0 1 -1 0 0 0 0];

internalField   nonuniform List<vector> 
100
(
(-1.37134e-13 0 0)
(-2.38907e-13 0 0)
(-1.66076e-13 0 0)
(-3.38675e-14 0 0)
(-8.82922e-14 0 0)
(-1.03793e-13 0 0)
(-2.20557e-13 0 0)
(-1.32072e-13 0 0)
(-1.06155e-13 0 0)
(-1.68024e-13 0 0)
(-2.26436e-13 0 0)
(-1.79806e-13 0 0)
(-1.13735e-13 0 0)
(-7.93634e-15 0 0)
(-1.54532e-14 0 0)
(9.39052e-14 0 0)
(1.4535e-13 0 0)
(1.3039e-13 0 0)
(1.61618e-13 0 0)
(1.14524e-13 0 0)
(1.61769e-13 0 0)
(1.62543e-12 0 0)
(7.42611e-10 0 0)
(3.02513e-07 0 0)
(7.91063e-05 0 0)
(0.00984729 0 0)
(0.40766 0 0)
(4.45347 0 0)
(16.5882 0 0)
(32.9827 0 0)
(48.4351 0 0)
(62.0559 0 0)
(74.6038 0 0)
(86.7803 0 0)
(98.7317 0 0)
(110.971 0 0)
(122.627 0 0)
(135.525 0 0)
(146.442 0 0)
(159.772 0 0)
(170.819 0 0)
(182.048 0 0)
(195.135 0 0)
(205.494 0 0)
(217.72 0 0)
(228.591 0 0)
(242.456 0 0)
(255.354 0 0)
(263.311 0 0)
(270.546 0 0)
(280.623 0 0)
(290.362 0 0)
(290.374 0 0)
(279.379 0 0)
(277.383 0 0)
(282.271 0 0)
(288.662 0 0)
(287.955 0 0)
(278.479 0 0)
(277.474 0 0)
(280.985 0 0)
(287.182 0 0)
(286.552 0 0)
(284.519 0 0)
(279.172 0 0)
(278.821 0 0)
(281.199 0 0)
(281.271 0 0)
(281.779 0 0)
(284.198 0 0)
(284.012 0 0)
(279.46 0 0)
(277.185 0 0)
(277.081 0 0)
(277.486 0 0)
(280.89 0 0)
(284.775 0 0)
(284.62 0 0)
(282.282 0 0)
(282.056 0 0)
(287.972 0 0)
(284.274 0 0)
(198.524 0 0)
(19.4886 0 0)
(0.0663954 0 0)
(2.16224e-05 0 0)
(1.86101e-09 0 0)
(3.45036e-14 0 0)
(-2.02601e-13 0 0)
(-1.77271e-13 0 0)
(-1.76968e-13 0 0)
(-2.53133e-13 0 0)
(-3.382e-13 0 0)
(-4.0949e-13 0 0)
(-3.53835e-13 0 0)
(-2.51833e-13 0 0)
(-1.94571e-13 0 0)
(-1.24355e-13 0 0)
(8.94686e-15 0 0)
(7.9627e-15 0 0)
)
;

boundaryField
{
    sides
    {
        type            fixedValue;
        value           uniform (0 0 0);
    }
    empty
    {
        type            empty;
    }
}


// ************************************************************************* //
