/*--------------------------------*- C++ -*----------------------------------*\
| =========                 |                                                 |
| \\      /  F ield         | OpenFOAM: The Open Source CFD Toolbox           |
|  \\    /   O peration     | Version:  2412                                  |
|   \\  /    A nd           | Website:  www.openfoam.com                      |
|    \\/     M anipulation  |                                                 |
\*---------------------------------------------------------------------------*/
FoamFile
{
    version     2.0;
    format      ascii;
    arch        "LSB;label=32;scalar=64";
    class       volVectorField;
    location    "0.0530895";
    object      U;
}
// * * * * * * * * * * * * * * * * * * * * * * * * * * * * * * * * * * * * * //

dimensions      [0 1 -1 0 0 0 0];

internalField   nonuniform List<vector> 
100
(
(-5.98582 0 0)
(-9.65303 0 0)
(-1.7026 0 0)
(7.81168 0 0)
(8.76685 0 0)
(-2.8101 0 0)
(-17.7393 0 0)
(-23.567 0 0)
(-13.5418 0 0)
(10.1461 0 0)
(26.9706 0 0)
(29.3899 0 0)
(19.6036 0 0)
(-8.59232 0 0)
(-32.4697 0 0)
(-24.7676 0 0)
(-33.9643 0 0)
(-147.642 0 0)
(-228.326 0 0)
(-227.618 0 0)
(-224.281 0 0)
(-218.683 0 0)
(-216.309 0 0)
(-214.929 0 0)
(-214.87 0 0)
(-218.751 0 0)
(-220.356 0 0)
(-219.182 0 0)
(-216.368 0 0)
(-208.898 0 0)
(-202.595 0 0)
(-200.611 0 0)
(-203.732 0 0)
(-225.295 0 0)
(-235.209 0 0)
(-234.545 0 0)
(-232.554 0 0)
(-229.207 0 0)
(-213.175 0 0)
(-183.459 0 0)
(-168.006 0 0)
(-163.799 0 0)
(-162.516 0 0)
(-161.755 0 0)
(-160.457 0 0)
(-157.231 0 0)
(-152.391 0 0)
(-149.224 0 0)
(-147.906 0 0)
(-147.011 0 0)
(-146.331 0 0)
(-146.668 0 0)
(-147.377 0 0)
(-147.169 0 0)
(-146.256 0 0)
(-144.451 0 0)
(-139.396 0 0)
(-129.148 0 0)
(-120.941 0 0)
(-116.365 0 0)
(-113.545 0 0)
(-112.426 0 0)
(-111.675 0 0)
(-111.296 0 0)
(-111.045 0 0)
(-110.399 0 0)
(-108.127 0 0)
(-103.691 0 0)
(-97.7831 0 0)
(-93.2715 0 0)
(-89.8111 0 0)
(-87.0315 0 0)
(-84.5735 0 0)
(-81.4761 0 0)
(-78.5153 0 0)
(-74.9521 0 0)
(-72.1905 0 0)
(-68.7988 0 0)
(-65.7225 0 0)
(-62.7509 0 0)
(-59.1023 0 0)
(-57.0697 0 0)
(-53.6034 0 0)
(-51.2276 0 0)
(-48.1412 0 0)
(-44.822 0 0)
(-41.4498 0 0)
(-37.4743 0 0)
(-34.9435 0 0)
(-31.6106 0 0)
(-29.0731 0 0)
(-25.9055 0 0)
(-23.1652 0 0)
(-19.9067 0 0)
(-16.7797 0 0)
(-13.7644 0 0)
(-10.6453 0 0)
(-8.04696 0 0)
(-4.75167 0 0)
(-2.04209 0 0)
)
;

boundaryField
{
    sides
    {
        type            fixedValue;
        value           uniform (0 0 0);
    }
    empty
    {
        type            empty;
    }
}


// ************************************************************************* //
