/*--------------------------------*- C++ -*----------------------------------*\
| =========                 |                                                 |
| \\      /  F ield         | OpenFOAM: The Open Source CFD Toolbox           |
|  \\    /   O peration     | Version:  2412                                  |
|   \\  /    A nd           | Website:  www.openfoam.com                      |
|    \\/     M anipulation  |                                                 |
\*---------------------------------------------------------------------------*/
FoamFile
{
    version     2.0;
    format      ascii;
    arch        "LSB;label=32;scalar=64";
    class       volVectorField;
    location    "0.0129397";
    object      U;
}
// * * * * * * * * * * * * * * * * * * * * * * * * * * * * * * * * * * * * * //

dimensions      [0 1 -1 0 0 0 0];

internalField   nonuniform List<vector> 
100
(
(-3.62288e-14 0 0)
(1.84988e-13 0 0)
(5.28745e-11 0 0)
(2.40479e-08 0 0)
(7.70164e-06 0 0)
(0.00133535 0 0)
(0.0890555 0 0)
(1.6238 0 0)
(8.60066 0 0)
(20.2447 0 0)
(31.3999 0 0)
(40.3151 0 0)
(47.6952 0 0)
(54.3799 0 0)
(60.8285 0 0)
(67.2278 0 0)
(73.6339 0 0)
(80.0561 0 0)
(86.491 0 0)
(92.9378 0 0)
(99.3927 0 0)
(105.867 0 0)
(112.337 0 0)
(118.861 0 0)
(125.298 0 0)
(131.92 0 0)
(138.175 0 0)
(144.996 0 0)
(150.911 0 0)
(157.95 0 0)
(163.779 0 0)
(170.538 0 0)
(176.942 0 0)
(182.943 0 0)
(189.753 0 0)
(195.655 0 0)
(202.465 0 0)
(208.344 0 0)
(215.218 0 0)
(221.404 0 0)
(228.052 0 0)
(234.289 0 0)
(240.96 0 0)
(247.298 0 0)
(253.575 0 0)
(259.991 0 0)
(266.425 0 0)
(271.144 0 0)
(276.055 0 0)
(281.546 0 0)
(285.565 0 0)
(286.999 0 0)
(282.26 0 0)
(279.676 0 0)
(281.702 0 0)
(287.581 0 0)
(288.341 0 0)
(278.029 0 0)
(276.065 0 0)
(282.261 0 0)
(290.032 0 0)
(289.405 0 0)
(277.022 0 0)
(276.233 0 0)
(281.782 0 0)
(289.911 0 0)
(289.637 0 0)
(279.096 0 0)
(276.208 0 0)
(278.379 0 0)
(287.878 0 0)
(287.307 0 0)
(285.114 0 0)
(277.256 0 0)
(277.44 0 0)
(278.312 0 0)
(287.356 0 0)
(287.927 0 0)
(284.508 0 0)
(282.957 0 0)
(278.521 0 0)
(277.91 0 0)
(279.603 0 0)
(280.71 0 0)
(281.332 0 0)
(283.499 0 0)
(283.424 0 0)
(280.096 0 0)
(279.659 0 0)
(280.677 0 0)
(281.837 0 0)
(285.037 0 0)
(279.566 0 0)
(138.835 0 0)
(-13.7602 0 0)
(-23.3166 0 0)
(-5.59292 0 0)
(2.18001 0 0)
(8.03161 0 0)
(-0.415332 0 0)
)
;

boundaryField
{
    sides
    {
        type            fixedValue;
        value           uniform (0 0 0);
    }
    empty
    {
        type            empty;
    }
}


// ************************************************************************* //
