/*--------------------------------*- C++ -*----------------------------------*\
| =========                 |                                                 |
| \\      /  F ield         | OpenFOAM: The Open Source CFD Toolbox           |
|  \\    /   O peration     | Version:  2412                                  |
|   \\  /    A nd           | Website:  www.openfoam.com                      |
|    \\/     M anipulation  |                                                 |
\*---------------------------------------------------------------------------*/
FoamFile
{
    version     2.0;
    format      ascii;
    arch        "LSB;label=32;scalar=64";
    class       volVectorField;
    location    "0.0498813";
    object      U;
}
// * * * * * * * * * * * * * * * * * * * * * * * * * * * * * * * * * * * * * //

dimensions      [0 1 -1 0 0 0 0];

internalField   nonuniform List<vector> 
100
(
(5.8082 0 0)
(8.52326 0 0)
(2.33676 0 0)
(-15.358 0 0)
(-30.6932 0 0)
(-28.9157 0 0)
(-8.05358 0 0)
(22.2629 0 0)
(22.0839 0 0)
(-91.4807 0 0)
(-234.125 0 0)
(-243.469 0 0)
(-241.345 0 0)
(-237.903 0 0)
(-227.771 0 0)
(-218.469 0 0)
(-216.082 0 0)
(-215.486 0 0)
(-224.907 0 0)
(-236.663 0 0)
(-237.203 0 0)
(-235.446 0 0)
(-229.601 0 0)
(-211.095 0 0)
(-197.574 0 0)
(-194.089 0 0)
(-192.63 0 0)
(-192.374 0 0)
(-198.521 0 0)
(-208.698 0 0)
(-209.945 0 0)
(-208.35 0 0)
(-205.126 0 0)
(-200.276 0 0)
(-196.515 0 0)
(-194.4 0 0)
(-191.884 0 0)
(-187.549 0 0)
(-183.268 0 0)
(-181.308 0 0)
(-180.388 0 0)
(-181.642 0 0)
(-183.607 0 0)
(-183.031 0 0)
(-180.858 0 0)
(-175.062 0 0)
(-168.554 0 0)
(-165.823 0 0)
(-166.443 0 0)
(-180.46 0 0)
(-193.786 0 0)
(-194.782 0 0)
(-193.185 0 0)
(-189.538 0 0)
(-175.544 0 0)
(-151.16 0 0)
(-136.559 0 0)
(-130.776 0 0)
(-127.572 0 0)
(-125.061 0 0)
(-121.927 0 0)
(-118.381 0 0)
(-115.372 0 0)
(-114.104 0 0)
(-113.255 0 0)
(-112.742 0 0)
(-112.449 0 0)
(-111.946 0 0)
(-110.81 0 0)
(-107.362 0 0)
(-101.2 0 0)
(-93.7233 0 0)
(-88.345 0 0)
(-83.3729 0 0)
(-80.3393 0 0)
(-78.4091 0 0)
(-77.2115 0 0)
(-76.5864 0 0)
(-74.3462 0 0)
(-72.8295 0 0)
(-67.4787 0 0)
(-63.2482 0 0)
(-58.4074 0 0)
(-55.2377 0 0)
(-52.1 0 0)
(-48.4649 0 0)
(-45.7397 0 0)
(-41.7405 0 0)
(-38.8852 0 0)
(-35.2214 0 0)
(-31.6196 0 0)
(-27.6721 0 0)
(-24.4135 0 0)
(-21.1557 0 0)
(-18.1126 0 0)
(-15.0316 0 0)
(-11.6289 0 0)
(-8.73366 0 0)
(-5.16 0 0)
(-2.09425 0 0)
)
;

boundaryField
{
    sides
    {
        type            fixedValue;
        value           uniform (0 0 0);
    }
    empty
    {
        type            empty;
    }
}


// ************************************************************************* //
