/*--------------------------------*- C++ -*----------------------------------*\
| =========                 |                                                 |
| \\      /  F ield         | OpenFOAM: The Open Source CFD Toolbox           |
|  \\    /   O peration     | Version:  2412                                  |
|   \\  /    A nd           | Website:  www.openfoam.com                      |
|    \\/     M anipulation  |                                                 |
\*---------------------------------------------------------------------------*/
FoamFile
{
    version     2.0;
    format      ascii;
    arch        "LSB;label=32;scalar=64";
    class       volVectorField;
    location    "0.0364767";
    object      U;
}
// * * * * * * * * * * * * * * * * * * * * * * * * * * * * * * * * * * * * * //

dimensions      [0 1 -1 0 0 0 0];

internalField   nonuniform List<vector> 
100
(
(1.78992 0 0)
(5.56239 0 0)
(9.11872 0 0)
(12.934 0 0)
(16.3857 0 0)
(20.3153 0 0)
(23.6539 0 0)
(27.6716 0 0)
(30.9653 0 0)
(34.9255 0 0)
(38.386 0 0)
(42.1208 0 0)
(45.8682 0 0)
(49.3912 0 0)
(53.3034 0 0)
(56.6674 0 0)
(60.6315 0 0)
(64.0003 0 0)
(67.9258 0 0)
(71.3697 0 0)
(75.2113 0 0)
(78.7293 0 0)
(82.4843 0 0)
(86.0588 0 0)
(89.7623 0 0)
(93.3766 0 0)
(97.0563 0 0)
(100.693 0 0)
(104.359 0 0)
(107.99 0 0)
(111.628 0 0)
(115.206 0 0)
(118.765 0 0)
(122.25 0 0)
(125.876 0 0)
(129.718 0 0)
(123.345 0 0)
(-38.3085 0 0)
(-143.152 0 0)
(-145.877 0 0)
(-132.62 0 0)
(-128.985 0 0)
(-133.444 0 0)
(-135.651 0 0)
(-134.367 0 0)
(-129.851 0 0)
(-122.266 0 0)
(-116.651 0 0)
(-114.805 0 0)
(-114.601 0 0)
(-115.245 0 0)
(-116.168 0 0)
(-116.005 0 0)
(-114.432 0 0)
(-109.515 0 0)
(-100.072 0 0)
(-91.5725 0 0)
(-87.9791 0 0)
(-87.4353 0 0)
(-88.236 0 0)
(-88.672 0 0)
(-87.4976 0 0)
(-86.8018 0 0)
(-82.9775 0 0)
(-80.5619 0 0)
(-75.3599 0 0)
(-74.0951 0 0)
(-72.1467 0 0)
(-70.0613 0 0)
(-69.0449 0 0)
(-60.8618 0 0)
(-58.1783 0 0)
(-53.4343 0 0)
(-55.0727 0 0)
(-54.9137 0 0)
(-50.5283 0 0)
(-48.402 0 0)
(-42.3831 0 0)
(-40.988 0 0)
(-40.0863 0 0)
(-41.2532 0 0)
(-41.3971 0 0)
(-38.6562 0 0)
(-34.0944 0 0)
(-27.2503 0 0)
(-22.4331 0 0)
(-21.1674 0 0)
(-18.0964 0 0)
(-7.68779 0 0)
(-2.09953 0 0)
(5.42886 0 0)
(10.5903 0 0)
(11.1154 0 0)
(7.27361 0 0)
(0.354412 0 0)
(-2.32904 0 0)
(-0.95417 0 0)
(0.704257 0 0)
(2.32118 0 0)
(1.12009 0 0)
)
;

boundaryField
{
    sides
    {
        type            fixedValue;
        value           uniform (0 0 0);
    }
    empty
    {
        type            empty;
    }
}


// ************************************************************************* //
