/*--------------------------------*- C++ -*----------------------------------*\
| =========                 |                                                 |
| \\      /  F ield         | OpenFOAM: The Open Source CFD Toolbox           |
|  \\    /   O peration     | Version:  2412                                  |
|   \\  /    A nd           | Website:  www.openfoam.com                      |
|    \\/     M anipulation  |                                                 |
\*---------------------------------------------------------------------------*/
FoamFile
{
    version     2.0;
    format      ascii;
    arch        "LSB;label=32;scalar=64";
    class       volVectorField;
    location    "0.010061";
    object      U;
}
// * * * * * * * * * * * * * * * * * * * * * * * * * * * * * * * * * * * * * //

dimensions      [0 1 -1 0 0 0 0];

internalField   nonuniform List<vector> 
100
(
(-2.95145e-14 0 0)
(-4.9096e-14 0 0)
(3.048e-14 0 0)
(6.31417e-14 0 0)
(1.70368e-14 0 0)
(5.10278e-14 0 0)
(4.71874e-14 0 0)
(1.18703e-13 0 0)
(1.52352e-13 0 0)
(1.07109e-13 0 0)
(2.51303e-13 0 0)
(3.06276e-11 0 0)
(1.41265e-08 0 0)
(4.66088e-06 0 0)
(0.000862051 0 0)
(0.0641045 0 0)
(1.35006 0 0)
(8.08659 0 0)
(20.626 0 0)
(33.5816 0 0)
(44.467 0 0)
(53.7482 0 0)
(62.2744 0 0)
(70.5355 0 0)
(78.7296 0 0)
(86.9246 0 0)
(95.1246 0 0)
(103.37 0 0)
(111.577 0 0)
(119.944 0 0)
(128.02 0 0)
(136.649 0 0)
(144.299 0 0)
(153.305 0 0)
(160.648 0 0)
(169.335 0 0)
(177.456 0 0)
(184.884 0 0)
(193.713 0 0)
(201.157 0 0)
(209.788 0 0)
(217.329 0 0)
(226.057 0 0)
(233.962 0 0)
(242.522 0 0)
(250.85 0 0)
(257.571 0 0)
(265.014 0 0)
(274.047 0 0)
(281.31 0 0)
(284.623 0 0)
(281.751 0 0)
(279.469 0 0)
(286.163 0 0)
(288.039 0 0)
(283.655 0 0)
(276.692 0 0)
(276.829 0 0)
(288.577 0 0)
(289.344 0 0)
(284.1 0 0)
(277.334 0 0)
(277.748 0 0)
(286.885 0 0)
(288.153 0 0)
(285.211 0 0)
(277.755 0 0)
(277.805 0 0)
(280.104 0 0)
(287.454 0 0)
(286.953 0 0)
(286.124 0 0)
(281.062 0 0)
(278.335 0 0)
(279.402 0 0)
(281.025 0 0)
(283.229 0 0)
(282.26 0 0)
(277.543 0 0)
(278.152 0 0)
(279.841 0 0)
(282.375 0 0)
(283.483 0 0)
(283.107 0 0)
(280.695 0 0)
(279.618 0 0)
(279.591 0 0)
(281.027 0 0)
(283.529 0 0)
(283.683 0 0)
(283.074 0 0)
(279.861 0 0)
(276.788 0 0)
(276.13 0 0)
(276.332 0 0)
(279.188 0 0)
(294.367 0 0)
(293.983 0 0)
(215.264 0 0)
(22.7728 0 0)
)
;

boundaryField
{
    sides
    {
        type            fixedValue;
        value           uniform (0 0 0);
    }
    empty
    {
        type            empty;
    }
}


// ************************************************************************* //
