/*--------------------------------*- C++ -*----------------------------------*\
| =========                 |                                                 |
| \\      /  F ield         | OpenFOAM: The Open Source CFD Toolbox           |
|  \\    /   O peration     | Version:  2412                                  |
|   \\  /    A nd           | Website:  www.openfoam.com                      |
|    \\/     M anipulation  |                                                 |
\*---------------------------------------------------------------------------*/
FoamFile
{
    version     2.0;
    format      ascii;
    arch        "LSB;label=32;scalar=64";
    class       volVectorField;
    location    "0.0447907";
    object      U;
}
// * * * * * * * * * * * * * * * * * * * * * * * * * * * * * * * * * * * * * //

dimensions      [0 1 -1 0 0 0 0];

internalField   nonuniform List<vector> 
100
(
(1.36626 0 0)
(4.21048 0 0)
(7.60077 0 0)
(10.2965 0 0)
(-31.8713 0 0)
(-198.032 0 0)
(-239.879 0 0)
(-234.941 0 0)
(-227.29 0 0)
(-229.499 0 0)
(-241.43 0 0)
(-242.814 0 0)
(-241.018 0 0)
(-238.845 0 0)
(-232.793 0 0)
(-215.777 0 0)
(-202.893 0 0)
(-199.491 0 0)
(-198.044 0 0)
(-198.981 0 0)
(-208.061 0 0)
(-214.967 0 0)
(-214.552 0 0)
(-212.832 0 0)
(-208.802 0 0)
(-200.551 0 0)
(-194.872 0 0)
(-192.759 0 0)
(-192.626 0 0)
(-195.08 0 0)
(-195.27 0 0)
(-193.444 0 0)
(-188.084 0 0)
(-179.606 0 0)
(-175.615 0 0)
(-174.469 0 0)
(-177.118 0 0)
(-180.219 0 0)
(-179.465 0 0)
(-176.234 0 0)
(-167.939 0 0)
(-160.539 0 0)
(-157.718 0 0)
(-158.191 0 0)
(-165.953 0 0)
(-171.634 0 0)
(-171.108 0 0)
(-167.987 0 0)
(-158.213 0 0)
(-144.265 0 0)
(-138.03 0 0)
(-135.848 0 0)
(-135.926 0 0)
(-139.989 0 0)
(-144.399 0 0)
(-144.718 0 0)
(-143.375 0 0)
(-140.714 0 0)
(-136.662 0 0)
(-133.668 0 0)
(-131.871 0 0)
(-129.096 0 0)
(-124.64 0 0)
(-120.937 0 0)
(-119.58 0 0)
(-119.368 0 0)
(-119.79 0 0)
(-118.785 0 0)
(-116.297 0 0)
(-110.29 0 0)
(-106.056 0 0)
(-103.8 0 0)
(-107.629 0 0)
(-118.813 0 0)
(-124.064 0 0)
(-124.969 0 0)
(-119.352 0 0)
(-111.564 0 0)
(-92.1416 0 0)
(-76.9821 0 0)
(-67.8199 0 0)
(-61.9775 0 0)
(-60.0712 0 0)
(-56.4179 0 0)
(-53.7077 0 0)
(-51.371 0 0)
(-51.1986 0 0)
(-49.814 0 0)
(-47.5272 0 0)
(-43.5853 0 0)
(-38.6645 0 0)
(-32.9377 0 0)
(-27.4587 0 0)
(-22.4783 0 0)
(-18.0176 0 0)
(-15.118 0 0)
(-12.2538 0 0)
(-10.0705 0 0)
(-6.83925 0 0)
(-2.19553 0 0)
)
;

boundaryField
{
    sides
    {
        type            fixedValue;
        value           uniform (0 0 0);
    }
    empty
    {
        type            empty;
    }
}


// ************************************************************************* //
