/*--------------------------------*- C++ -*----------------------------------*\
| =========                 |                                                 |
| \\      /  F ield         | OpenFOAM: The Open Source CFD Toolbox           |
|  \\    /   O peration     | Version:  2412                                  |
|   \\  /    A nd           | Website:  www.openfoam.com                      |
|    \\/     M anipulation  |                                                 |
\*---------------------------------------------------------------------------*/
FoamFile
{
    version     2.0;
    format      ascii;
    arch        "LSB;label=32;scalar=64";
    class       volVectorField;
    location    "0.000262165";
    object      U;
}
// * * * * * * * * * * * * * * * * * * * * * * * * * * * * * * * * * * * * * //

dimensions      [0 1 -1 0 0 0 0];

internalField   nonuniform List<vector> 
100
(
(6.18243e-21 0 0)
(3.74378e-14 0 0)
(-1.7894e-14 0 0)
(-1.95438e-14 0 0)
(-3.79314e-21 0 0)
(5.9678e-21 0 0)
(3.74378e-14 0 0)
(-1.7894e-14 0 0)
(-1.95438e-14 0 0)
(8.947e-15 0 0)
(-1.0732e-22 0 0)
(-8.94701e-15 0 0)
(-1.08733e-21 0 0)
(3.21188e-35 0 0)
(1.08733e-21 0 0)
(8.94701e-15 0 0)
(-8.94701e-15 0 0)
(-1.08733e-21 0 0)
(1.08733e-21 0 0)
(8.94701e-15 0 0)
(2.10775e-35 0 0)
(-8.94701e-15 0 0)
(-1.08733e-21 0 0)
(2.17466e-21 0 0)
(1.7894e-14 0 0)
(-1.7894e-14 0 0)
(-2.17466e-21 0 0)
(1.07319e-22 0 0)
(3.90046e-21 0 0)
(1.95438e-14 0 0)
(1.7894e-14 0 0)
(2.17466e-21 0 0)
(-5.9678e-21 0 0)
(-3.74378e-14 0 0)
(1.95438e-14 0 0)
(7.29723e-15 0 0)
(1.05968e-14 0 0)
(-3.36931e-21 0 0)
(-3.74378e-14 0 0)
(-6.07512e-21 0 0)
(9.8001e-22 0 0)
(8.94701e-15 0 0)
(8.85727e-35 0 0)
(-8.94701e-15 0 0)
(6.14989e-21 0 0)
(4.63325e-14 0 0)
(1.64217e-07 0 0)
(0.349824 0 0)
(17.9551 0 0)
(113.65 0 0)
(211.657 0 0)
(122.903 0 0)
(1.82841 0 0)
(6.58017e-06 0 0)
(1.28888e-11 0 0)
(1.71469e-17 0 0)
(2.24793e-23 0 0)
(2.93721e-29 0 0)
(3.84923e-35 0 0)
(6.5222e-40 0 0)
(1.28542e-33 0 0)
(1.25764e-27 0 0)
(6.67178e-22 0 0)
(2.358e-20 0 0)
(1.71096e-14 0 0)
(-1.71096e-14 0 0)
(-2.358e-20 0 0)
(-6.67178e-22 0 0)
(-1.25766e-27 0 0)
(-1.78229e-33 0 0)
(-2.25044e-39 0 0)
(-2.67019e-45 0 0)
(-3.04851e-51 0 0)
(-3.39143e-57 0 0)
(-3.70417e-63 0 0)
(-3.99125e-69 0 0)
(5.83317e-27 0 0)
(6.75938e-21 0 0)
(7.83268e-15 0 0)
(-7.83267e-15 0 0)
(1.00612e-20 0 0)
(9.27695e-15 0 0)
(-9.27695e-15 0 0)
(7.83266e-15 0 0)
(-7.83268e-15 0 0)
(1.00612e-20 0 0)
(9.27695e-15 0 0)
(-9.27695e-15 0 0)
(7.83266e-15 0 0)
(-7.83268e-15 0 0)
(-6.75938e-21 0 0)
(-5.83316e-27 0 0)
(-5.03385e-33 0 0)
(-4.34408e-39 0 0)
(-3.74882e-45 0 0)
(-3.23512e-51 0 0)
(-2.79182e-57 0 0)
(-2.40927e-63 0 0)
(-2.07913e-69 0 0)
(-1.79423e-75 0 0)
)
;

boundaryField
{
    sides
    {
        type            fixedValue;
        value           uniform (0 0 0);
    }
    empty
    {
        type            empty;
    }
}


// ************************************************************************* //
