/*--------------------------------*- C++ -*----------------------------------*\
| =========                 |                                                 |
| \\      /  F ield         | OpenFOAM: The Open Source CFD Toolbox           |
|  \\    /   O peration     | Version:  2412                                  |
|   \\  /    A nd           | Website:  www.openfoam.com                      |
|    \\/     M anipulation  |                                                 |
\*---------------------------------------------------------------------------*/
FoamFile
{
    version     2.0;
    format      ascii;
    arch        "LSB;label=32;scalar=64";
    class       volVectorField;
    location    "0.0104347";
    object      U;
}
// * * * * * * * * * * * * * * * * * * * * * * * * * * * * * * * * * * * * * //

dimensions      [0 1 -1 0 0 0 0];

internalField   nonuniform List<vector> 
100
(
(-1.10321e-13 0 0)
(-7.35591e-14 0 0)
(6.26199e-15 0 0)
(5.51274e-14 0 0)
(1.38591e-13 0 0)
(7.49987e-14 0 0)
(2.30877e-14 0 0)
(2.96685e-14 0 0)
(1.20151e-13 0 0)
(4.44395e-13 0 0)
(9.49771e-11 0 0)
(4.16076e-08 0 0)
(1.26184e-05 0 0)
(0.0020288 0 0)
(0.122658 0 0)
(2.01639 0 0)
(9.96468 0 0)
(22.7704 0 0)
(35.1432 0 0)
(45.3912 0 0)
(54.1999 0 0)
(62.3682 0 0)
(70.3221 0 0)
(78.2294 0 0)
(86.1368 0 0)
(94.0652 0 0)
(101.995 0 0)
(109.99 0 0)
(117.902 0 0)
(126.042 0 0)
(133.745 0 0)
(142.181 0 0)
(149.429 0 0)
(158.153 0 0)
(165.331 0 0)
(173.425 0 0)
(181.567 0 0)
(188.588 0 0)
(197.041 0 0)
(204.359 0 0)
(212.754 0 0)
(220.05 0 0)
(228.389 0 0)
(236.043 0 0)
(244.2 0 0)
(252.348 0 0)
(259.749 0 0)
(265.635 0 0)
(272.658 0 0)
(281.204 0 0)
(286.584 0 0)
(285.259 0 0)
(280.084 0 0)
(278.945 0 0)
(287.299 0 0)
(288.683 0 0)
(281.665 0 0)
(275.936 0 0)
(278.159 0 0)
(289.052 0 0)
(289.173 0 0)
(282.378 0 0)
(277.103 0 0)
(278.721 0 0)
(288.215 0 0)
(288.041 0 0)
(284.557 0 0)
(277.675 0 0)
(277.581 0 0)
(280.537 0 0)
(287.551 0 0)
(286.405 0 0)
(285.481 0 0)
(280.698 0 0)
(278.266 0 0)
(279.726 0 0)
(281.035 0 0)
(282.661 0 0)
(284.089 0 0)
(280.881 0 0)
(277.322 0 0)
(278.101 0 0)
(279.265 0 0)
(281.949 0 0)
(283.409 0 0)
(283.239 0 0)
(281.46 0 0)
(279.736 0 0)
(279.661 0 0)
(280.487 0 0)
(283.102 0 0)
(283.861 0 0)
(283.526 0 0)
(281.191 0 0)
(277.163 0 0)
(276.038 0 0)
(276.028 0 0)
(281.618 0 0)
(296.734 0 0)
(227.704 0 0)
)
;

boundaryField
{
    sides
    {
        type            fixedValue;
        value           uniform (0 0 0);
    }
    empty
    {
        type            empty;
    }
}


// ************************************************************************* //
