/*--------------------------------*- C++ -*----------------------------------*\
| =========                 |                                                 |
| \\      /  F ield         | OpenFOAM: The Open Source CFD Toolbox           |
|  \\    /   O peration     | Version:  2412                                  |
|   \\  /    A nd           | Website:  www.openfoam.com                      |
|    \\/     M anipulation  |                                                 |
\*---------------------------------------------------------------------------*/
FoamFile
{
    version     2.0;
    format      ascii;
    arch        "LSB;label=32;scalar=64";
    class       volVectorField;
    location    "0.0340667";
    object      U;
}
// * * * * * * * * * * * * * * * * * * * * * * * * * * * * * * * * * * * * * //

dimensions      [0 1 -1 0 0 0 0];

internalField   nonuniform List<vector> 
100
(
(1.94615 0 0)
(5.95653 0 0)
(9.83892 0 0)
(13.8829 0 0)
(17.6894 0 0)
(21.8504 0 0)
(25.5462 0 0)
(29.8534 0 0)
(33.4491 0 0)
(37.7545 0 0)
(41.4169 0 0)
(45.5685 0 0)
(49.499 0 0)
(53.4114 0 0)
(57.591 0 0)
(61.3109 0 0)
(65.584 0 0)
(69.2651 0 0)
(73.5379 0 0)
(77.281 0 0)
(81.4827 0 0)
(85.3046 0 0)
(89.4305 0 0)
(93.3119 0 0)
(97.3597 0 0)
(101.263 0 0)
(105.236 0 0)
(109.148 0 0)
(113.103 0 0)
(117.049 0 0)
(121.024 0 0)
(124.992 0 0)
(128.973 0 0)
(132.919 0 0)
(136.864 0 0)
(140.718 0 0)
(144.554 0 0)
(148.388 0 0)
(152.121 0 0)
(155.86 0 0)
(159.468 0 0)
(162.821 0 0)
(165.868 0 0)
(168.818 0 0)
(160.887 0 0)
(-8.94758 0 0)
(-117.101 0 0)
(-119.775 0 0)
(-102.464 0 0)
(-95.26 0 0)
(-93.0956 0 0)
(-91.6811 0 0)
(-91.0357 0 0)
(-91.5866 0 0)
(-91.227 0 0)
(-89.5107 0 0)
(-83.5781 0 0)
(-77.8135 0 0)
(-75.1174 0 0)
(-74.041 0 0)
(-73.6985 0 0)
(-72.5414 0 0)
(-73.6058 0 0)
(-69.3863 0 0)
(-65.8232 0 0)
(-57.2295 0 0)
(-50.1077 0 0)
(-46.5581 0 0)
(-43.6135 0 0)
(-48.63 0 0)
(-46.9569 0 0)
(-47.235 0 0)
(-42.011 0 0)
(-37.2266 0 0)
(-36.3122 0 0)
(-31.8686 0 0)
(-31.8306 0 0)
(-29.161 0 0)
(-29.1543 0 0)
(-20.6743 0 0)
(-7.4245 0 0)
(5.85751 0 0)
(9.74771 0 0)
(9.13055 0 0)
(7.67167 0 0)
(5.1902 0 0)
(3.31802 0 0)
(2.11403 0 0)
(-1.46895 0 0)
(-6.2679 0 0)
(-6.90369 0 0)
(-4.96001 0 0)
(-1.78351 0 0)
(0.941917 0 0)
(3.33205 0 0)
(4.68754 0 0)
(3.41176 0 0)
(0.721649 0 0)
(-0.690952 0 0)
(-0.613626 0 0)
)
;

boundaryField
{
    sides
    {
        type            fixedValue;
        value           uniform (0 0 0);
    }
    empty
    {
        type            empty;
    }
}


// ************************************************************************* //
