/*--------------------------------*- C++ -*----------------------------------*\
| =========                 |                                                 |
| \\      /  F ield         | OpenFOAM: The Open Source CFD Toolbox           |
|  \\    /   O peration     | Version:  2412                                  |
|   \\  /    A nd           | Website:  www.openfoam.com                      |
|    \\/     M anipulation  |                                                 |
\*---------------------------------------------------------------------------*/
FoamFile
{
    version     2.0;
    format      ascii;
    arch        "LSB;label=32;scalar=64";
    class       volVectorField;
    location    "0.0544085";
    object      U;
}
// * * * * * * * * * * * * * * * * * * * * * * * * * * * * * * * * * * * * * //

dimensions      [0 1 -1 0 0 0 0];

internalField   nonuniform List<vector> 
100
(
(-4.94481 0 0)
(-22.39 0 0)
(-17.8567 0 0)
(-10.6883 0 0)
(6.5599 0 0)
(15.59 0 0)
(14.2767 0 0)
(13.9964 0 0)
(6.28864 0 0)
(-5.30411 0 0)
(-10.7129 0 0)
(-11.5064 0 0)
(-9.4735 0 0)
(-1.63281 0 0)
(3.78255 0 0)
(9.20056 0 0)
(6.66303 0 0)
(3.00236 0 0)
(-2.82191 0 0)
(-41.5104 0 0)
(-155.063 0 0)
(-228.173 0 0)
(-223.461 0 0)
(-216.106 0 0)
(-214.114 0 0)
(-217.365 0 0)
(-240.664 0 0)
(-251.333 0 0)
(-250.469 0 0)
(-248.612 0 0)
(-245.636 0 0)
(-231.936 0 0)
(-199.36 0 0)
(-181.681 0 0)
(-177.289 0 0)
(-176.202 0 0)
(-175.636 0 0)
(-174.939 0 0)
(-173.298 0 0)
(-169.52 0 0)
(-164.233 0 0)
(-161.446 0 0)
(-160.354 0 0)
(-159.595 0 0)
(-159.206 0 0)
(-160.065 0 0)
(-161.125 0 0)
(-160.981 0 0)
(-160.057 0 0)
(-158.601 0 0)
(-154.273 0 0)
(-143.394 0 0)
(-133.221 0 0)
(-128.346 0 0)
(-126.195 0 0)
(-125.41 0 0)
(-124.678 0 0)
(-124.317 0 0)
(-124.401 0 0)
(-124.048 0 0)
(-122.933 0 0)
(-119.809 0 0)
(-113.726 0 0)
(-107.866 0 0)
(-104.103 0 0)
(-101.279 0 0)
(-99.0016 0 0)
(-96.6201 0 0)
(-93.7956 0 0)
(-90.6399 0 0)
(-87.4495 0 0)
(-84.2976 0 0)
(-81.3428 0 0)
(-78.083 0 0)
(-75.3037 0 0)
(-72.2909 0 0)
(-69.7867 0 0)
(-66.9982 0 0)
(-64.1873 0 0)
(-61.1226 0 0)
(-57.8016 0 0)
(-55.1806 0 0)
(-51.3917 0 0)
(-48.9048 0 0)
(-45.8259 0 0)
(-42.8783 0 0)
(-40.0195 0 0)
(-36.9055 0 0)
(-34.6119 0 0)
(-31.2867 0 0)
(-28.6207 0 0)
(-25.2954 0 0)
(-22.4321 0 0)
(-19.1841 0 0)
(-16.1478 0 0)
(-13.0895 0 0)
(-10.0509 0 0)
(-7.34971 0 0)
(-4.06237 0 0)
(-1.38588 0 0)
)
;

boundaryField
{
    sides
    {
        type            fixedValue;
        value           uniform (0 0 0);
    }
    empty
    {
        type            empty;
    }
}


// ************************************************************************* //
