/*--------------------------------*- C++ -*----------------------------------*\
| =========                 |                                                 |
| \\      /  F ield         | OpenFOAM: The Open Source CFD Toolbox           |
|  \\    /   O peration     | Version:  2412                                  |
|   \\  /    A nd           | Website:  www.openfoam.com                      |
|    \\/     M anipulation  |                                                 |
\*---------------------------------------------------------------------------*/
FoamFile
{
    version     2.0;
    format      ascii;
    arch        "LSB;label=32;scalar=64";
    class       volVectorField;
    location    "0.047877";
    object      U;
}
// * * * * * * * * * * * * * * * * * * * * * * * * * * * * * * * * * * * * * //

dimensions      [0 1 -1 0 0 0 0];

internalField   nonuniform List<vector> 
100
(
(46.6709 0 0)
(52.0766 0 0)
(57.5858 0 0)
(33.0104 0 0)
(-153.519 0 0)
(-253.769 0 0)
(-253.823 0 0)
(-249.346 0 0)
(-242.376 0 0)
(-232.803 0 0)
(-229.65 0 0)
(-228.045 0 0)
(-229.634 0 0)
(-233.507 0 0)
(-233.618 0 0)
(-232.035 0 0)
(-227.184 0 0)
(-217.329 0 0)
(-212.697 0 0)
(-211.308 0 0)
(-212.952 0 0)
(-218.689 0 0)
(-219.295 0 0)
(-217.721 0 0)
(-211.871 0 0)
(-201.098 0 0)
(-195.61 0 0)
(-193.882 0 0)
(-196.518 0 0)
(-208.269 0 0)
(-212.385 0 0)
(-211.124 0 0)
(-207.554 0 0)
(-194.555 0 0)
(-178.749 0 0)
(-172.91 0 0)
(-171.006 0 0)
(-170.469 0 0)
(-174.957 0 0)
(-183.366 0 0)
(-185.118 0 0)
(-183.742 0 0)
(-181.136 0 0)
(-176.932 0 0)
(-173.303 0 0)
(-171.22 0 0)
(-168.863 0 0)
(-164.747 0 0)
(-160.487 0 0)
(-158.428 0 0)
(-157.664 0 0)
(-158.751 0 0)
(-159.653 0 0)
(-158.674 0 0)
(-155.569 0 0)
(-149.245 0 0)
(-144.395 0 0)
(-142.664 0 0)
(-146.567 0 0)
(-161.491 0 0)
(-168.292 0 0)
(-167.755 0 0)
(-165.336 0 0)
(-158.098 0 0)
(-138.22 0 0)
(-119.381 0 0)
(-109.719 0 0)
(-104.911 0 0)
(-101.656 0 0)
(-98.0316 0 0)
(-95.07 0 0)
(-92.1827 0 0)
(-90.8707 0 0)
(-89.5779 0 0)
(-89.3074 0 0)
(-88.6829 0 0)
(-86.6039 0 0)
(-83.5916 0 0)
(-77.9503 0 0)
(-72.5522 0 0)
(-65.3238 0 0)
(-61.5763 0 0)
(-58.5188 0 0)
(-55.9179 0 0)
(-54.6548 0 0)
(-52.4591 0 0)
(-50.8916 0 0)
(-46.9758 0 0)
(-42.8157 0 0)
(-38.1422 0 0)
(-34.3793 0 0)
(-30.6371 0 0)
(-27.2108 0 0)
(-23.2624 0 0)
(-19.504 0 0)
(-15.8706 0 0)
(-12.0038 0 0)
(-8.72724 0 0)
(-4.86205 0 0)
(-1.88911 0 0)
)
;

boundaryField
{
    sides
    {
        type            fixedValue;
        value           uniform (0 0 0);
    }
    empty
    {
        type            empty;
    }
}


// ************************************************************************* //
