/*--------------------------------*- C++ -*----------------------------------*\
| =========                 |                                                 |
| \\      /  F ield         | OpenFOAM: The Open Source CFD Toolbox           |
|  \\    /   O peration     | Version:  2412                                  |
|   \\  /    A nd           | Website:  www.openfoam.com                      |
|    \\/     M anipulation  |                                                 |
\*---------------------------------------------------------------------------*/
FoamFile
{
    version     2.0;
    format      ascii;
    arch        "LSB;label=32;scalar=64";
    class       volVectorField;
    location    "0.0546138";
    object      U;
}
// * * * * * * * * * * * * * * * * * * * * * * * * * * * * * * * * * * * * * //

dimensions      [0 1 -1 0 0 0 0];

internalField   nonuniform List<vector> 
100
(
(-11.568 0 0)
(-28.3187 0 0)
(-19.4889 0 0)
(-1.06224 0 0)
(17.6574 0 0)
(24.3948 0 0)
(16.9327 0 0)
(4.69238 0 0)
(-10.0476 0 0)
(-11.4219 0 0)
(-8.04006 0 0)
(-2.67287 0 0)
(-4.67632 0 0)
(-3.33915 0 0)
(-1.13567 0 0)
(7.52583 0 0)
(9.56468 0 0)
(8.26349 0 0)
(-1.65267 0 0)
(-25.1776 0 0)
(-91.0999 0 0)
(-206.384 0 0)
(-219.294 0 0)
(-216.126 0 0)
(-221.312 0 0)
(-245.146 0 0)
(-253.768 0 0)
(-252.663 0 0)
(-250.662 0 0)
(-247.561 0 0)
(-231.634 0 0)
(-199.011 0 0)
(-182.965 0 0)
(-179.271 0 0)
(-178.097 0 0)
(-177.892 0 0)
(-177.014 0 0)
(-175.629 0 0)
(-171.605 0 0)
(-166.404 0 0)
(-163.431 0 0)
(-162.393 0 0)
(-161.461 0 0)
(-161.169 0 0)
(-161.999 0 0)
(-163.18 0 0)
(-163.068 0 0)
(-162.191 0 0)
(-160.83 0 0)
(-156.938 0 0)
(-146.287 0 0)
(-135.573 0 0)
(-130.402 0 0)
(-128.222 0 0)
(-127.415 0 0)
(-126.679 0 0)
(-126.292 0 0)
(-126.393 0 0)
(-126.159 0 0)
(-125.192 0 0)
(-122.411 0 0)
(-116.67 0 0)
(-110.401 0 0)
(-106.448 0 0)
(-103.556 0 0)
(-101.317 0 0)
(-98.9852 0 0)
(-96.2614 0 0)
(-93.1526 0 0)
(-89.942 0 0)
(-86.852 0 0)
(-83.771 0 0)
(-80.8259 0 0)
(-77.6197 0 0)
(-74.9562 0 0)
(-72.1075 0 0)
(-69.7297 0 0)
(-66.8934 0 0)
(-63.853 0 0)
(-60.5797 0 0)
(-57.2716 0 0)
(-54.6856 0 0)
(-51.0287 0 0)
(-48.6498 0 0)
(-45.6645 0 0)
(-42.8386 0 0)
(-40.0186 0 0)
(-36.8911 0 0)
(-34.5349 0 0)
(-31.2623 0 0)
(-28.5928 0 0)
(-25.1058 0 0)
(-22.0549 0 0)
(-18.7046 0 0)
(-15.7747 0 0)
(-12.9792 0 0)
(-10.2099 0 0)
(-7.7182 0 0)
(-4.5058 0 0)
(-1.55306 0 0)
)
;

boundaryField
{
    sides
    {
        type            fixedValue;
        value           uniform (0 0 0);
    }
    empty
    {
        type            empty;
    }
}


// ************************************************************************* //
