/*--------------------------------*- C++ -*----------------------------------*\
| =========                 |                                                 |
| \\      /  F ield         | OpenFOAM: The Open Source CFD Toolbox           |
|  \\    /   O peration     | Version:  2412                                  |
|   \\  /    A nd           | Website:  www.openfoam.com                      |
|    \\/     M anipulation  |                                                 |
\*---------------------------------------------------------------------------*/
FoamFile
{
    version     2.0;
    format      ascii;
    arch        "LSB;label=32;scalar=64";
    class       volVectorField;
    location    "0.0145109";
    object      U;
}
// * * * * * * * * * * * * * * * * * * * * * * * * * * * * * * * * * * * * * //

dimensions      [0 1 -1 0 0 0 0];

internalField   nonuniform List<vector> 
100
(
(0.000996346 0 0)
(0.0785976 0 0)
(1.49539 0 0)
(8.1269 0 0)
(19.2888 0 0)
(29.8727 0 0)
(38.1497 0 0)
(44.8534 0 0)
(50.8433 0 0)
(56.5922 0 0)
(62.2955 0 0)
(68.0121 0 0)
(73.7494 0 0)
(79.5018 0 0)
(85.2641 0 0)
(91.0345 0 0)
(96.8119 0 0)
(102.6 0 0)
(108.393 0 0)
(114.208 0 0)
(120.003 0 0)
(125.864 0 0)
(131.598 0 0)
(137.555 0 0)
(143.085 0 0)
(149.223 0 0)
(154.473 0 0)
(160.757 0 0)
(166.036 0 0)
(172.02 0 0)
(177.804 0 0)
(183.207 0 0)
(189.268 0 0)
(194.576 0 0)
(200.691 0 0)
(205.953 0 0)
(212.073 0 0)
(217.599 0 0)
(223.598 0 0)
(229.147 0 0)
(235.089 0 0)
(240.892 0 0)
(246.683 0 0)
(252.253 0 0)
(257.965 0 0)
(263.713 0 0)
(268.51 0 0)
(273.719 0 0)
(278.964 0 0)
(282.754 0 0)
(284.472 0 0)
(283.36 0 0)
(281.59 0 0)
(284.251 0 0)
(286.308 0 0)
(284.53 0 0)
(278.593 0 0)
(277.255 0 0)
(287.624 0 0)
(289.772 0 0)
(284.034 0 0)
(275.708 0 0)
(275.71 0 0)
(289.472 0 0)
(290.316 0 0)
(284.289 0 0)
(275.288 0 0)
(274.984 0 0)
(286.702 0 0)
(289.818 0 0)
(286.927 0 0)
(276.782 0 0)
(277.206 0 0)
(280.429 0 0)
(288.634 0 0)
(287.871 0 0)
(283.211 0 0)
(275.707 0 0)
(276.646 0 0)
(277.287 0 0)
(286.512 0 0)
(287.177 0 0)
(283.3 0 0)
(283.037 0 0)
(279.296 0 0)
(279.409 0 0)
(279.92 0 0)
(282.892 0 0)
(280.857 0 0)
(146.727 0 0)
(6.22039 0 0)
(-6.6456 0 0)
(6.23959 0 0)
(3.41552 0 0)
(-0.895445 0 0)
(1.86908 0 0)
(1.55657 0 0)
(2.27134 0 0)
(2.88002 0 0)
(-4.06346 0 0)
)
;

boundaryField
{
    sides
    {
        type            fixedValue;
        value           uniform (0 0 0);
    }
    empty
    {
        type            empty;
    }
}


// ************************************************************************* //
