/*--------------------------------*- C++ -*----------------------------------*\
| =========                 |                                                 |
| \\      /  F ield         | OpenFOAM: The Open Source CFD Toolbox           |
|  \\    /   O peration     | Version:  2412                                  |
|   \\  /    A nd           | Website:  www.openfoam.com                      |
|    \\/     M anipulation  |                                                 |
\*---------------------------------------------------------------------------*/
FoamFile
{
    version     2.0;
    format      ascii;
    arch        "LSB;label=32;scalar=64";
    class       volVectorField;
    location    "0.0485582";
    object      U;
}
// * * * * * * * * * * * * * * * * * * * * * * * * * * * * * * * * * * * * * //

dimensions      [0 1 -1 0 0 0 0];

internalField   nonuniform List<vector> 
100
(
(15.5105 0 0)
(-11.8425 0 0)
(-3.85252 0 0)
(14.9983 0 0)
(26.9495 0 0)
(-6.75881 0 0)
(-181.081 0 0)
(-236.551 0 0)
(-237.149 0 0)
(-240.163 0 0)
(-241.686 0 0)
(-239.987 0 0)
(-237.325 0 0)
(-227.91 0 0)
(-221.099 0 0)
(-218.939 0 0)
(-218.95 0 0)
(-224.38 0 0)
(-227.49 0 0)
(-226.498 0 0)
(-223.305 0 0)
(-213.636 0 0)
(-204.885 0 0)
(-202.277 0 0)
(-201.739 0 0)
(-210.845 0 0)
(-220.631 0 0)
(-220.974 0 0)
(-218.798 0 0)
(-211.914 0 0)
(-193.794 0 0)
(-182.668 0 0)
(-179.218 0 0)
(-178.029 0 0)
(-178.356 0 0)
(-186.4 0 0)
(-193.167 0 0)
(-193.161 0 0)
(-191.416 0 0)
(-188.005 0 0)
(-183.598 0 0)
(-180.577 0 0)
(-178.536 0 0)
(-175.456 0 0)
(-170.884 0 0)
(-167.393 0 0)
(-165.887 0 0)
(-165.606 0 0)
(-167.368 0 0)
(-167.81 0 0)
(-166.432 0 0)
(-162.481 0 0)
(-155.798 0 0)
(-151.745 0 0)
(-150.651 0 0)
(-157.554 0 0)
(-173.218 0 0)
(-177.705 0 0)
(-176.578 0 0)
(-173.724 0 0)
(-164.547 0 0)
(-142.868 0 0)
(-125.08 0 0)
(-116.985 0 0)
(-112.782 0 0)
(-109.574 0 0)
(-106.396 0 0)
(-102.962 0 0)
(-100.269 0 0)
(-98.8086 0 0)
(-98.1519 0 0)
(-97.1366 0 0)
(-96.9489 0 0)
(-95.7439 0 0)
(-93.1768 0 0)
(-88.2739 0 0)
(-81.7801 0 0)
(-75.9632 0 0)
(-69.736 0 0)
(-67.2275 0 0)
(-63.9519 0 0)
(-62.7633 0 0)
(-61.0741 0 0)
(-59.8345 0 0)
(-57.451 0 0)
(-52.7153 0 0)
(-48.9707 0 0)
(-43.8713 0 0)
(-40.071 0 0)
(-36.3632 0 0)
(-33.0807 0 0)
(-29.3688 0 0)
(-26.1548 0 0)
(-22.5848 0 0)
(-19.2639 0 0)
(-15.7297 0 0)
(-11.8302 0 0)
(-8.54153 0 0)
(-4.75699 0 0)
(-1.7885 0 0)
)
;

boundaryField
{
    sides
    {
        type            fixedValue;
        value           uniform (0 0 0);
    }
    empty
    {
        type            empty;
    }
}


// ************************************************************************* //
