/*--------------------------------*- C++ -*----------------------------------*\
| =========                 |                                                 |
| \\      /  F ield         | OpenFOAM: The Open Source CFD Toolbox           |
|  \\    /   O peration     | Version:  2412                                  |
|   \\  /    A nd           | Website:  www.openfoam.com                      |
|    \\/     M anipulation  |                                                 |
\*---------------------------------------------------------------------------*/
FoamFile
{
    version     2.0;
    format      ascii;
    arch        "LSB;label=32;scalar=64";
    class       volVectorField;
    location    "0.0266864";
    object      U;
}
// * * * * * * * * * * * * * * * * * * * * * * * * * * * * * * * * * * * * * //

dimensions      [0 1 -1 0 0 0 0];

internalField   nonuniform List<vector> 
100
(
(2.61897 0 0)
(7.91747 0 0)
(13.2092 0 0)
(18.5415 0 0)
(23.8674 0 0)
(29.2178 0 0)
(34.5136 0 0)
(39.9149 0 0)
(45.1215 0 0)
(50.6441 0 0)
(55.6997 0 0)
(61.334 0 0)
(66.2817 0 0)
(71.9166 0 0)
(76.9905 0 0)
(82.4719 0 0)
(87.8056 0 0)
(93.0208 0 0)
(98.5285 0 0)
(103.575 0 0)
(109.172 0 0)
(114.226 0 0)
(119.824 0 0)
(124.946 0 0)
(130.493 0 0)
(135.712 0 0)
(141.202 0 0)
(146.472 0 0)
(151.882 0 0)
(157.164 0 0)
(162.514 0 0)
(167.806 0 0)
(173.186 0 0)
(178.6 0 0)
(184.102 0 0)
(189.629 0 0)
(195.104 0 0)
(200.4 0 0)
(205.518 0 0)
(210.552 0 0)
(215.398 0 0)
(220.021 0 0)
(224.599 0 0)
(229.276 0 0)
(234.399 0 0)
(241.211 0 0)
(248.617 0 0)
(253.013 0 0)
(253.833 0 0)
(254.291 0 0)
(256.464 0 0)
(267.956 0 0)
(285.39 0 0)
(289.164 0 0)
(289.806 0 0)
(289.212 0 0)
(289.072 0 0)
(289.959 0 0)
(288.654 0 0)
(283.651 0 0)
(278.77 0 0)
(282.401 0 0)
(284.093 0 0)
(283.314 0 0)
(173.059 0 0)
(27.8716 0 0)
(6.06043 0 0)
(4.09597 0 0)
(7.4619 0 0)
(-4.60969 0 0)
(0.19487 0 0)
(-6.26829 0 0)
(-8.61731 0 0)
(-4.49698 0 0)
(-8.00428 0 0)
(6.25804 0 0)
(5.85014 0 0)
(6.63281 0 0)
(6.11537 0 0)
(-1.26282 0 0)
(-2.92152 0 0)
(-2.81882 0 0)
(-1.34622 0 0)
(3.74849 0 0)
(5.59783 0 0)
(5.19458 0 0)
(1.48785 0 0)
(-3.94479 0 0)
(-6.88753 0 0)
(-6.02825 0 0)
(-2.93693 0 0)
(1.15658 0 0)
(1.66244 0 0)
(2.45734 0 0)
(4.08362 0 0)
(2.9803 0 0)
(1.14058 0 0)
(-1.1623 0 0)
(-1.18383 0 0)
(-2.72474 0 0)
)
;

boundaryField
{
    sides
    {
        type            fixedValue;
        value           uniform (0 0 0);
    }
    empty
    {
        type            empty;
    }
}


// ************************************************************************* //
