/*--------------------------------*- C++ -*----------------------------------*\
| =========                 |                                                 |
| \\      /  F ield         | OpenFOAM: The Open Source CFD Toolbox           |
|  \\    /   O peration     | Version:  2412                                  |
|   \\  /    A nd           | Website:  www.openfoam.com                      |
|    \\/     M anipulation  |                                                 |
\*---------------------------------------------------------------------------*/
FoamFile
{
    version     2.0;
    format      ascii;
    arch        "LSB;label=32;scalar=64";
    class       volVectorField;
    location    "0.0511249";
    object      U;
}
// * * * * * * * * * * * * * * * * * * * * * * * * * * * * * * * * * * * * * //

dimensions      [0 1 -1 0 0 0 0];

internalField   nonuniform List<vector> 
100
(
(-3.73677 0 0)
(-13.5423 0 0)
(-3.53903 0 0)
(12.2703 0 0)
(19.1739 0 0)
(13.2655 0 0)
(-9.77824 0 0)
(-27.5115 0 0)
(-29.1235 0 0)
(-9.04622 0 0)
(14.4329 0 0)
(7.2504 0 0)
(-95.4173 0 0)
(-238.253 0 0)
(-251.344 0 0)
(-247.435 0 0)
(-232.488 0 0)
(-213.096 0 0)
(-207.256 0 0)
(-205.385 0 0)
(-204.534 0 0)
(-206.318 0 0)
(-218.183 0 0)
(-224.857 0 0)
(-224.15 0 0)
(-222.278 0 0)
(-217.647 0 0)
(-212.718 0 0)
(-209.836 0 0)
(-208.051 0 0)
(-204.675 0 0)
(-199.754 0 0)
(-196.18 0 0)
(-194.667 0 0)
(-193.834 0 0)
(-196.297 0 0)
(-197.89 0 0)
(-196.909 0 0)
(-194.316 0 0)
(-187.646 0 0)
(-181.529 0 0)
(-179.333 0 0)
(-181.504 0 0)
(-199.366 0 0)
(-210.49 0 0)
(-210.283 0 0)
(-208.396 0 0)
(-204.486 0 0)
(-188.457 0 0)
(-162.53 0 0)
(-148.827 0 0)
(-143.971 0 0)
(-141.512 0 0)
(-139.637 0 0)
(-136.757 0 0)
(-132.899 0 0)
(-129.457 0 0)
(-127.839 0 0)
(-126.992 0 0)
(-126.391 0 0)
(-126.298 0 0)
(-126.363 0 0)
(-125.794 0 0)
(-124.458 0 0)
(-120.819 0 0)
(-113.449 0 0)
(-105.464 0 0)
(-99.8813 0 0)
(-95.9155 0 0)
(-92.8998 0 0)
(-91.7366 0 0)
(-90.8941 0 0)
(-90.3559 0 0)
(-89.0487 0 0)
(-86.6416 0 0)
(-82.2722 0 0)
(-77.466 0 0)
(-72.7476 0 0)
(-69.0299 0 0)
(-66.8786 0 0)
(-62.8213 0 0)
(-59.9071 0 0)
(-56.1715 0 0)
(-53.4798 0 0)
(-50.2614 0 0)
(-46.911 0 0)
(-43.9619 0 0)
(-39.637 0 0)
(-36.9063 0 0)
(-33.3423 0 0)
(-30.6397 0 0)
(-27.7314 0 0)
(-24.7944 0 0)
(-21.196 0 0)
(-17.5462 0 0)
(-13.9239 0 0)
(-10.3183 0 0)
(-7.50076 0 0)
(-4.1811 0 0)
(-1.5952 0 0)
)
;

boundaryField
{
    sides
    {
        type            fixedValue;
        value           uniform (0 0 0);
    }
    empty
    {
        type            empty;
    }
}


// ************************************************************************* //
