/*--------------------------------*- C++ -*----------------------------------*\
| =========                 |                                                 |
| \\      /  F ield         | OpenFOAM: The Open Source CFD Toolbox           |
|  \\    /   O peration     | Version:  2412                                  |
|   \\  /    A nd           | Website:  www.openfoam.com                      |
|    \\/     M anipulation  |                                                 |
\*---------------------------------------------------------------------------*/
FoamFile
{
    version     2.0;
    format      ascii;
    arch        "LSB;label=32;scalar=64";
    class       volVectorField;
    location    "0.0377784";
    object      U;
}
// * * * * * * * * * * * * * * * * * * * * * * * * * * * * * * * * * * * * * //

dimensions      [0 1 -1 0 0 0 0];

internalField   nonuniform List<vector> 
100
(
(1.71101 0 0)
(5.30087 0 0)
(8.71856 0 0)
(12.2596 0 0)
(15.5689 0 0)
(19.0943 0 0)
(22.3637 0 0)
(26.0484 0 0)
(29.4718 0 0)
(33.2341 0 0)
(36.867 0 0)
(40.4857 0 0)
(44.2215 0 0)
(47.7218 0 0)
(51.4598 0 0)
(54.8555 0 0)
(58.553 0 0)
(61.89 0 0)
(65.4578 0 0)
(68.75 0 0)
(72.2101 0 0)
(75.6394 0 0)
(79.1347 0 0)
(82.6022 0 0)
(86.0957 0 0)
(89.5739 0 0)
(93.0694 0 0)
(96.5489 0 0)
(99.9987 0 0)
(103.477 0 0)
(107.302 0 0)
(110.255 0 0)
(38.7451 0 0)
(-131.982 0 0)
(-163.284 0 0)
(-156.923 0 0)
(-152.367 0 0)
(-155.064 0 0)
(-155.951 0 0)
(-152.084 0 0)
(-143.167 0 0)
(-136.795 0 0)
(-134.558 0 0)
(-134.139 0 0)
(-135.979 0 0)
(-138.556 0 0)
(-138.814 0 0)
(-137.506 0 0)
(-133.866 0 0)
(-124.603 0 0)
(-113.537 0 0)
(-108.589 0 0)
(-107.309 0 0)
(-108.566 0 0)
(-110.201 0 0)
(-109.981 0 0)
(-108.826 0 0)
(-107.746 0 0)
(-103.852 0 0)
(-98.9598 0 0)
(-95.4768 0 0)
(-94.3947 0 0)
(-93.8709 0 0)
(-91.5111 0 0)
(-88.441 0 0)
(-81.7089 0 0)
(-78.5515 0 0)
(-76.2729 0 0)
(-76.8231 0 0)
(-77.6903 0 0)
(-72.4923 0 0)
(-69.8916 0 0)
(-61.8118 0 0)
(-60.5696 0 0)
(-60.0153 0 0)
(-62.3385 0 0)
(-64.741 0 0)
(-60.2591 0 0)
(-56.3434 0 0)
(-46.0575 0 0)
(-41.2147 0 0)
(-39.1023 0 0)
(-40.3987 0 0)
(-40.4648 0 0)
(-38.9341 0 0)
(-36.4424 0 0)
(-34.042 0 0)
(-33.1646 0 0)
(-31.9971 0 0)
(-30.6155 0 0)
(-29.4589 0 0)
(-24.9448 0 0)
(-15.8023 0 0)
(-4.11173 0 0)
(6.71898 0 0)
(12.7661 0 0)
(14.778 0 0)
(14.2 0 0)
(9.67256 0 0)
(1.05029 0 0)
)
;

boundaryField
{
    sides
    {
        type            fixedValue;
        value           uniform (0 0 0);
    }
    empty
    {
        type            empty;
    }
}


// ************************************************************************* //
