/*--------------------------------*- C++ -*----------------------------------*\
| =========                 |                                                 |
| \\      /  F ield         | OpenFOAM: The Open Source CFD Toolbox           |
|  \\    /   O peration     | Version:  2412                                  |
|   \\  /    A nd           | Website:  www.openfoam.com                      |
|    \\/     M anipulation  |                                                 |
\*---------------------------------------------------------------------------*/
FoamFile
{
    version     2.0;
    format      ascii;
    arch        "LSB;label=32;scalar=64";
    class       volVectorField;
    location    "0.0161796";
    object      U;
}
// * * * * * * * * * * * * * * * * * * * * * * * * * * * * * * * * * * * * * //

dimensions      [0 1 -1 0 0 0 0];

internalField   nonuniform List<vector> 
100
(
(10.1899 0 0)
(26.2494 0 0)
(38.9612 0 0)
(48.8344 0 0)
(55.3534 0 0)
(60.2659 0 0)
(64.982 0 0)
(69.9337 0 0)
(75.0796 0 0)
(80.2867 0 0)
(85.4905 0 0)
(90.6868 0 0)
(95.8849 0 0)
(101.091 0 0)
(106.303 0 0)
(111.526 0 0)
(116.748 0 0)
(121.997 0 0)
(127.203 0 0)
(132.497 0 0)
(137.61 0 0)
(143.003 0 0)
(147.902 0 0)
(153.46 0 0)
(158.157 0 0)
(163.783 0 0)
(168.618 0 0)
(173.925 0 0)
(179.181 0 0)
(184.058 0 0)
(189.496 0 0)
(194.278 0 0)
(199.795 0 0)
(204.547 0 0)
(210.026 0 0)
(214.988 0 0)
(220.41 0 0)
(225.42 0 0)
(230.734 0 0)
(235.924 0 0)
(241.234 0 0)
(246.363 0 0)
(251.413 0 0)
(256.589 0 0)
(261.745 0 0)
(266.515 0 0)
(271.122 0 0)
(276.044 0 0)
(280.061 0 0)
(282.39 0 0)
(284.036 0 0)
(283.733 0 0)
(284.287 0 0)
(284.864 0 0)
(283.385 0 0)
(280.051 0 0)
(279.823 0 0)
(287.207 0 0)
(288.926 0 0)
(281.59 0 0)
(275.828 0 0)
(278.347 0 0)
(290.265 0 0)
(291.527 0 0)
(279.992 0 0)
(273.814 0 0)
(277.242 0 0)
(290.781 0 0)
(290.753 0 0)
(282.277 0 0)
(274.545 0 0)
(275.876 0 0)
(288.16 0 0)
(289.399 0 0)
(286.059 0 0)
(275.66 0 0)
(275.582 0 0)
(278.931 0 0)
(288.286 0 0)
(287.66 0 0)
(284.369 0 0)
(275.736 0 0)
(275.927 0 0)
(277.429 0 0)
(287.036 0 0)
(271.082 0 0)
(95.3887 0 0)
(24.8664 0 0)
(8.59964 0 0)
(19.7744 0 0)
(25.9105 0 0)
(25.5157 0 0)
(20.8885 0 0)
(17.0576 0 0)
(10.5038 0 0)
(5.84621 0 0)
(2.75707 0 0)
(1.53834 0 0)
(2.03261 0 0)
(-2.88549 0 0)
)
;

boundaryField
{
    sides
    {
        type            fixedValue;
        value           uniform (0 0 0);
    }
    empty
    {
        type            empty;
    }
}


// ************************************************************************* //
