/*--------------------------------*- C++ -*----------------------------------*\
| =========                 |                                                 |
| \\      /  F ield         | OpenFOAM: The Open Source CFD Toolbox           |
|  \\    /   O peration     | Version:  2412                                  |
|   \\  /    A nd           | Website:  www.openfoam.com                      |
|    \\/     M anipulation  |                                                 |
\*---------------------------------------------------------------------------*/
FoamFile
{
    version     2.0;
    format      ascii;
    arch        "LSB;label=32;scalar=64";
    class       volVectorField;
    location    "0.0345643";
    object      U;
}
// * * * * * * * * * * * * * * * * * * * * * * * * * * * * * * * * * * * * * //

dimensions      [0 1 -1 0 0 0 0];

internalField   nonuniform List<vector> 
100
(
(1.90854 0 0)
(5.85963 0 0)
(9.67115 0 0)
(13.665 0 0)
(17.4 0 0)
(21.5143 0 0)
(25.1285 0 0)
(29.3733 0 0)
(32.8849 0 0)
(37.1316 0 0)
(40.753 0 0)
(44.8159 0 0)
(48.705 0 0)
(52.5314 0 0)
(56.6515 0 0)
(60.2832 0 0)
(64.4832 0 0)
(68.0942 0 0)
(72.2902 0 0)
(75.97 0 0)
(80.1011 0 0)
(83.8625 0 0)
(87.91 0 0)
(91.7334 0 0)
(95.719 0 0)
(99.5741 0 0)
(103.495 0 0)
(107.341 0 0)
(111.205 0 0)
(115.047 0 0)
(118.921 0 0)
(122.801 0 0)
(126.713 0 0)
(130.583 0 0)
(134.441 0 0)
(138.205 0 0)
(141.942 0 0)
(145.704 0 0)
(149.333 0 0)
(152.931 0 0)
(156.38 0 0)
(159.88 0 0)
(162.121 0 0)
(70.2665 0 0)
(-102.44 0 0)
(-128.22 0 0)
(-114.325 0 0)
(-103.208 0 0)
(-100.434 0 0)
(-100.394 0 0)
(-100.022 0 0)
(-100.755 0 0)
(-100.725 0 0)
(-98.0815 0 0)
(-91.7774 0 0)
(-86.2579 0 0)
(-83.6877 0 0)
(-83.2806 0 0)
(-82.2628 0 0)
(-81.6759 0 0)
(-81.3935 0 0)
(-79.0624 0 0)
(-75.7663 0 0)
(-66.4496 0 0)
(-61.2065 0 0)
(-55.2375 0 0)
(-55.2983 0 0)
(-55.8739 0 0)
(-53.039 0 0)
(-54.7971 0 0)
(-49.0787 0 0)
(-49.0348 0 0)
(-45.8898 0 0)
(-43.6531 0 0)
(-40.3917 0 0)
(-35.0674 0 0)
(-35.4073 0 0)
(-31.3441 0 0)
(-27.5751 0 0)
(-24.691 0 0)
(-25.3351 0 0)
(-19.9145 0 0)
(-5.64543 0 0)
(7.35996 0 0)
(12.8261 0 0)
(13.3047 0 0)
(8.27099 0 0)
(-0.477312 0 0)
(-6.8192 0 0)
(-6.63055 0 0)
(-2.61604 0 0)
(2.46324 0 0)
(4.43453 0 0)
(2.91388 0 0)
(0.618199 0 0)
(-2.22581 0 0)
(-2.41755 0 0)
(-1.14346 0 0)
(0.0814994 0 0)
(-0.822015 0 0)
)
;

boundaryField
{
    sides
    {
        type            fixedValue;
        value           uniform (0 0 0);
    }
    empty
    {
        type            empty;
    }
}


// ************************************************************************* //
