/*--------------------------------*- C++ -*----------------------------------*\
| =========                 |                                                 |
| \\      /  F ield         | OpenFOAM: The Open Source CFD Toolbox           |
|  \\    /   O peration     | Version:  2412                                  |
|   \\  /    A nd           | Website:  www.openfoam.com                      |
|    \\/     M anipulation  |                                                 |
\*---------------------------------------------------------------------------*/
FoamFile
{
    version     2.0;
    format      ascii;
    arch        "LSB;label=32;scalar=64";
    class       volVectorField;
    location    "0.0498115";
    object      U;
}
// * * * * * * * * * * * * * * * * * * * * * * * * * * * * * * * * * * * * * //

dimensions      [0 1 -1 0 0 0 0];

internalField   nonuniform List<vector> 
100
(
(3.1584 0 0)
(3.49326 0 0)
(-1.46046 0 0)
(-14.8643 0 0)
(-28.4178 0 0)
(-27.3748 0 0)
(-4.56724 0 0)
(23.8964 0 0)
(13.2632 0 0)
(-123.388 0 0)
(-235.508 0 0)
(-242.356 0 0)
(-240.987 0 0)
(-238.739 0 0)
(-231.895 0 0)
(-220.07 0 0)
(-216.009 0 0)
(-214.593 0 0)
(-218.879 0 0)
(-233.088 0 0)
(-236.758 0 0)
(-235.388 0 0)
(-232.01 0 0)
(-218.201 0 0)
(-200.067 0 0)
(-194.223 0 0)
(-192.289 0 0)
(-191.569 0 0)
(-194.12 0 0)
(-205.192 0 0)
(-209.264 0 0)
(-208.138 0 0)
(-205.651 0 0)
(-201.257 0 0)
(-196.773 0 0)
(-194.275 0 0)
(-192.155 0 0)
(-188.492 0 0)
(-183.779 0 0)
(-181.041 0 0)
(-179.853 0 0)
(-180.088 0 0)
(-182.387 0 0)
(-182.597 0 0)
(-181.053 0 0)
(-176.688 0 0)
(-169.548 0 0)
(-165.698 0 0)
(-164.706 0 0)
(-173.122 0 0)
(-190.212 0 0)
(-194.152 0 0)
(-192.939 0 0)
(-190.346 0 0)
(-181.353 0 0)
(-158.184 0 0)
(-139.345 0 0)
(-131.456 0 0)
(-127.717 0 0)
(-125.115 0 0)
(-122.202 0 0)
(-118.749 0 0)
(-115.379 0 0)
(-113.6 0 0)
(-112.715 0 0)
(-112.096 0 0)
(-111.722 0 0)
(-111.334 0 0)
(-110.519 0 0)
(-107.709 0 0)
(-102.545 0 0)
(-94.9507 0 0)
(-89.0646 0 0)
(-83.8182 0 0)
(-80.4115 0 0)
(-78.0657 0 0)
(-76.7032 0 0)
(-76.076 0 0)
(-74.0385 0 0)
(-72.8774 0 0)
(-68.1059 0 0)
(-63.7011 0 0)
(-58.612 0 0)
(-55.371 0 0)
(-52.2026 0 0)
(-48.5225 0 0)
(-45.871 0 0)
(-41.9483 0 0)
(-39.028 0 0)
(-35.2624 0 0)
(-31.5943 0 0)
(-27.7016 0 0)
(-24.4603 0 0)
(-21.1956 0 0)
(-18.126 0 0)
(-15.0478 0 0)
(-11.6906 0 0)
(-8.83376 0 0)
(-5.2463 0 0)
(-2.10647 0 0)
)
;

boundaryField
{
    sides
    {
        type            fixedValue;
        value           uniform (0 0 0);
    }
    empty
    {
        type            empty;
    }
}


// ************************************************************************* //
