/*--------------------------------*- C++ -*----------------------------------*\
| =========                 |                                                 |
| \\      /  F ield         | OpenFOAM: The Open Source CFD Toolbox           |
|  \\    /   O peration     | Version:  2412                                  |
|   \\  /    A nd           | Website:  www.openfoam.com                      |
|    \\/     M anipulation  |                                                 |
\*---------------------------------------------------------------------------*/
FoamFile
{
    version     2.0;
    format      ascii;
    arch        "LSB;label=32;scalar=64";
    class       volVectorField;
    location    "0.0268178";
    object      U;
}
// * * * * * * * * * * * * * * * * * * * * * * * * * * * * * * * * * * * * * //

dimensions      [0 1 -1 0 0 0 0];

internalField   nonuniform List<vector> 
100
(
(2.60107 0 0)
(7.87395 0 0)
(13.1308 0 0)
(18.4284 0 0)
(23.7186 0 0)
(29.0396 0 0)
(34.2992 0 0)
(39.6708 0 0)
(44.8368 0 0)
(50.3311 0 0)
(55.3489 0 0)
(60.9583 0 0)
(65.8765 0 0)
(71.4736 0 0)
(76.5252 0 0)
(81.9663 0 0)
(87.2796 0 0)
(92.453 0 0)
(97.9348 0 0)
(102.948 0 0)
(108.519 0 0)
(113.546 0 0)
(119.112 0 0)
(124.202 0 0)
(129.712 0 0)
(134.902 0 0)
(140.357 0 0)
(145.603 0 0)
(150.992 0 0)
(156.255 0 0)
(161.58 0 0)
(166.831 0 0)
(172.145 0 0)
(177.481 0 0)
(182.906 0 0)
(188.39 0 0)
(193.884 0 0)
(199.251 0 0)
(204.437 0 0)
(209.518 0 0)
(214.434 0 0)
(219.114 0 0)
(223.727 0 0)
(228.228 0 0)
(232.63 0 0)
(238.137 0 0)
(245.637 0 0)
(252.245 0 0)
(254.119 0 0)
(254.035 0 0)
(254.577 0 0)
(257.559 0 0)
(272.812 0 0)
(287.183 0 0)
(289.915 0 0)
(289.438 0 0)
(288.941 0 0)
(289.829 0 0)
(290.451 0 0)
(287.243 0 0)
(280.829 0 0)
(280.925 0 0)
(283.908 0 0)
(276.491 0 0)
(120.048 0 0)
(15.4342 0 0)
(6.08803 0 0)
(3.71807 0 0)
(4.53654 0 0)
(-7.80553 0 0)
(-1.81124 0 0)
(-5.81756 0 0)
(-6.81347 0 0)
(-3.06454 0 0)
(-6.43121 0 0)
(7.23177 0 0)
(6.82767 0 0)
(8.06818 0 0)
(5.73496 0 0)
(-4.15144 0 0)
(-5.6833 0 0)
(-4.35681 0 0)
(-0.190945 0 0)
(6.55454 0 0)
(7.55879 0 0)
(5.94128 0 0)
(-1.05825 0 0)
(-6.65916 0 0)
(-8.38153 0 0)
(-4.54956 0 0)
(0.230539 0 0)
(3.51294 0 0)
(2.49921 0 0)
(1.51246 0 0)
(1.54778 0 0)
(0.358866 0 0)
(0.750798 0 0)
(-0.216949 0 0)
(0.0328065 0 0)
(-2.1992 0 0)
)
;

boundaryField
{
    sides
    {
        type            fixedValue;
        value           uniform (0 0 0);
    }
    empty
    {
        type            empty;
    }
}


// ************************************************************************* //
