/*--------------------------------*- C++ -*----------------------------------*\
| =========                 |                                                 |
| \\      /  F ield         | OpenFOAM: The Open Source CFD Toolbox           |
|  \\    /   O peration     | Version:  2412                                  |
|   \\  /    A nd           | Website:  www.openfoam.com                      |
|    \\/     M anipulation  |                                                 |
\*---------------------------------------------------------------------------*/
FoamFile
{
    version     2.0;
    format      ascii;
    arch        "LSB;label=32;scalar=64";
    class       volVectorField;
    location    "0.0521102";
    object      U;
}
// * * * * * * * * * * * * * * * * * * * * * * * * * * * * * * * * * * * * * //

dimensions      [0 1 -1 0 0 0 0];

internalField   nonuniform List<vector> 
100
(
(9.88167 0 0)
(11.2042 0 0)
(3.65088 0 0)
(-8.90997 0 0)
(-13.5763 0 0)
(-1.72398 0 0)
(12.8982 0 0)
(18.4656 0 0)
(8.34689 0 0)
(-11.8 0 0)
(-33.6599 0 0)
(-41.2518 0 0)
(-12.0676 0 0)
(17.4487 0 0)
(-24.4892 0 0)
(-168.123 0 0)
(-220.226 0 0)
(-232.265 0 0)
(-236.072 0 0)
(-234.775 0 0)
(-232.539 0 0)
(-226.92 0 0)
(-222.187 0 0)
(-219.908 0 0)
(-218.137 0 0)
(-214.804 0 0)
(-209.62 0 0)
(-206.768 0 0)
(-205.24 0 0)
(-204.872 0 0)
(-207.718 0 0)
(-209.611 0 0)
(-208.296 0 0)
(-205.753 0 0)
(-198.513 0 0)
(-192.174 0 0)
(-189.877 0 0)
(-192.121 0 0)
(-211.395 0 0)
(-222.826 0 0)
(-222.475 0 0)
(-220.65 0 0)
(-217.102 0 0)
(-202.146 0 0)
(-174.102 0 0)
(-159.044 0 0)
(-154.251 0 0)
(-152.341 0 0)
(-151.021 0 0)
(-148.764 0 0)
(-145.012 0 0)
(-140.894 0 0)
(-138.548 0 0)
(-137.581 0 0)
(-136.765 0 0)
(-136.548 0 0)
(-136.939 0 0)
(-136.963 0 0)
(-136.31 0 0)
(-134.741 0 0)
(-130.667 0 0)
(-121.901 0 0)
(-113.637 0 0)
(-108.379 0 0)
(-104.864 0 0)
(-102.804 0 0)
(-101.959 0 0)
(-101.35 0 0)
(-100.887 0 0)
(-100.107 0 0)
(-97.7252 0 0)
(-93.2192 0 0)
(-87.9695 0 0)
(-83.213 0 0)
(-79.8755 0 0)
(-76.7668 0 0)
(-74.102 0 0)
(-71.3005 0 0)
(-67.9253 0 0)
(-64.8623 0 0)
(-60.6675 0 0)
(-58.1238 0 0)
(-54.5337 0 0)
(-51.9101 0 0)
(-48.6256 0 0)
(-45.6399 0 0)
(-43.1609 0 0)
(-39.4024 0 0)
(-36.82 0 0)
(-33.0031 0 0)
(-29.6584 0 0)
(-25.8207 0 0)
(-22.7246 0 0)
(-19.6525 0 0)
(-17.0603 0 0)
(-14.4347 0 0)
(-11.4101 0 0)
(-8.45356 0 0)
(-4.72692 0 0)
(-1.72656 0 0)
)
;

boundaryField
{
    sides
    {
        type            fixedValue;
        value           uniform (0 0 0);
    }
    empty
    {
        type            empty;
    }
}


// ************************************************************************* //
