/*--------------------------------*- C++ -*----------------------------------*\
| =========                 |                                                 |
| \\      /  F ield         | OpenFOAM: The Open Source CFD Toolbox           |
|  \\    /   O peration     | Version:  2412                                  |
|   \\  /    A nd           | Website:  www.openfoam.com                      |
|    \\/     M anipulation  |                                                 |
\*---------------------------------------------------------------------------*/
FoamFile
{
    version     2.0;
    format      ascii;
    arch        "LSB;label=32;scalar=64";
    class       volVectorField;
    location    "0.0460371";
    object      U;
}
// * * * * * * * * * * * * * * * * * * * * * * * * * * * * * * * * * * * * * //

dimensions      [0 1 -1 0 0 0 0];

internalField   nonuniform List<vector> 
100
(
(-189.206 0 0)
(-260.214 0 0)
(-252.665 0 0)
(-251.355 0 0)
(-257.875 0 0)
(-257.486 0 0)
(-255.874 0 0)
(-251.401 0 0)
(-235.518 0 0)
(-218.603 0 0)
(-213.695 0 0)
(-211.835 0 0)
(-211.04 0 0)
(-216.811 0 0)
(-228.817 0 0)
(-231.259 0 0)
(-229.565 0 0)
(-227.419 0 0)
(-220.254 0 0)
(-212.242 0 0)
(-209.073 0 0)
(-208.127 0 0)
(-209.666 0 0)
(-212.177 0 0)
(-211.249 0 0)
(-208.766 0 0)
(-201.122 0 0)
(-193.232 0 0)
(-190.143 0 0)
(-189.647 0 0)
(-193.61 0 0)
(-196.193 0 0)
(-195.033 0 0)
(-191.475 0 0)
(-182.213 0 0)
(-175.062 0 0)
(-172.541 0 0)
(-173.357 0 0)
(-182.461 0 0)
(-188.35 0 0)
(-187.66 0 0)
(-184.58 0 0)
(-174.264 0 0)
(-159.434 0 0)
(-152.776 0 0)
(-150.501 0 0)
(-150.243 0 0)
(-154.326 0 0)
(-160.428 0 0)
(-161.544 0 0)
(-160.342 0 0)
(-157.8 0 0)
(-153.708 0 0)
(-150.358 0 0)
(-148.473 0 0)
(-145.932 0 0)
(-141.682 0 0)
(-137.683 0 0)
(-135.877 0 0)
(-135.493 0 0)
(-136.232 0 0)
(-136.102 0 0)
(-134.263 0 0)
(-129.608 0 0)
(-123.717 0 0)
(-120.718 0 0)
(-120.948 0 0)
(-130.107 0 0)
(-141.05 0 0)
(-142.447 0 0)
(-141.352 0 0)
(-135.423 0 0)
(-121.016 0 0)
(-101.233 0 0)
(-88.9748 0 0)
(-83.0253 0 0)
(-77.1693 0 0)
(-75.5936 0 0)
(-72.0679 0 0)
(-69.6708 0 0)
(-67.3561 0 0)
(-66.4495 0 0)
(-66.1701 0 0)
(-64.3107 0 0)
(-61.3208 0 0)
(-55.6738 0 0)
(-51.0658 0 0)
(-45.4408 0 0)
(-40.4713 0 0)
(-35.9282 0 0)
(-33.2314 0 0)
(-30.7324 0 0)
(-28.7387 0 0)
(-26.412 0 0)
(-23.0962 0 0)
(-18.9924 0 0)
(-14.2387 0 0)
(-10.2918 0 0)
(-5.7647 0 0)
(-2.05742 0 0)
)
;

boundaryField
{
    sides
    {
        type            fixedValue;
        value           uniform (0 0 0);
    }
    empty
    {
        type            empty;
    }
}


// ************************************************************************* //
