/*--------------------------------*- C++ -*----------------------------------*\
| =========                 |                                                 |
| \\      /  F ield         | OpenFOAM: The Open Source CFD Toolbox           |
|  \\    /   O peration     | Version:  2412                                  |
|   \\  /    A nd           | Website:  www.openfoam.com                      |
|    \\/     M anipulation  |                                                 |
\*---------------------------------------------------------------------------*/
FoamFile
{
    version     2.0;
    format      ascii;
    arch        "LSB;label=32;scalar=64";
    class       volVectorField;
    location    "0.0296556";
    object      U;
}
// * * * * * * * * * * * * * * * * * * * * * * * * * * * * * * * * * * * * * //

dimensions      [0 1 -1 0 0 0 0];

internalField   nonuniform List<vector> 
100
(
(2.32569 0 0)
(7.01269 0 0)
(11.6554 0 0)
(16.359 0 0)
(20.9889 0 0)
(25.748 0 0)
(30.2852 0 0)
(35.1214 0 0)
(39.536 0 0)
(44.4927 0 0)
(48.7681 0 0)
(53.734 0 0)
(58.1171 0 0)
(62.9681 0 0)
(67.6408 0 0)
(72.2838 0 0)
(77.1793 0 0)
(81.6329 0 0)
(86.6202 0 0)
(91.0405 0 0)
(96.0297 0 0)
(100.512 0 0)
(105.436 0 0)
(110.003 0 0)
(114.855 0 0)
(119.483 0 0)
(124.284 0 0)
(128.954 0 0)
(133.709 0 0)
(138.397 0 0)
(143.126 0 0)
(147.827 0 0)
(152.543 0 0)
(157.238 0 0)
(161.918 0 0)
(166.589 0 0)
(171.257 0 0)
(175.907 0 0)
(180.567 0 0)
(185.241 0 0)
(189.895 0 0)
(194.338 0 0)
(198.852 0 0)
(203.332 0 0)
(207.489 0 0)
(211.271 0 0)
(214.696 0 0)
(217.752 0 0)
(220.137 0 0)
(221.936 0 0)
(223.806 0 0)
(226.418 0 0)
(228.525 0 0)
(230.27 0 0)
(232.354 0 0)
(234.937 0 0)
(238.32 0 0)
(208.486 0 0)
(20.4167 0 0)
(-51.8269 0 0)
(-42.0539 0 0)
(-33.4931 0 0)
(-39.62 0 0)
(-34.393 0 0)
(-27.9887 0 0)
(-13.0473 0 0)
(5.92048 0 0)
(12.218 0 0)
(17.9579 0 0)
(6.98438 0 0)
(3.57598 0 0)
(-3.14908 0 0)
(-2.82687 0 0)
(1.57628 0 0)
(0.410358 0 0)
(5.41096 0 0)
(-0.38776 0 0)
(-3.50656 0 0)
(-6.07124 0 0)
(-6.96134 0 0)
(-1.10781 0 0)
(3.69698 0 0)
(5.77762 0 0)
(6.16326 0 0)
(4.0886 0 0)
(0.927206 0 0)
(-1.01318 0 0)
(-3.29958 0 0)
(-4.14932 0 0)
(-3.76761 0 0)
(-3.38734 0 0)
(-0.476238 0 0)
(1.38166 0 0)
(3.21893 0 0)
(3.07195 0 0)
(1.71043 0 0)
(0.433322 0 0)
(-1.37892 0 0)
(-1.68581 0 0)
(0.144105 0 0)
)
;

boundaryField
{
    sides
    {
        type            fixedValue;
        value           uniform (0 0 0);
    }
    empty
    {
        type            empty;
    }
}


// ************************************************************************* //
