/*--------------------------------*- C++ -*----------------------------------*\
| =========                 |                                                 |
| \\      /  F ield         | OpenFOAM: The Open Source CFD Toolbox           |
|  \\    /   O peration     | Version:  2412                                  |
|   \\  /    A nd           | Website:  www.openfoam.com                      |
|    \\/     M anipulation  |                                                 |
\*---------------------------------------------------------------------------*/
FoamFile
{
    version     2.0;
    format      ascii;
    arch        "LSB;label=32;scalar=64";
    class       volVectorField;
    location    "0.0454865";
    object      U;
}
// * * * * * * * * * * * * * * * * * * * * * * * * * * * * * * * * * * * * * //

dimensions      [0 1 -1 0 0 0 0];

internalField   nonuniform List<vector> 
100
(
(1.84964 0 0)
(-38.3804 0 0)
(-202.523 0 0)
(-246.207 0 0)
(-244.491 0 0)
(-239.886 0 0)
(-245.483 0 0)
(-251.203 0 0)
(-250.308 0 0)
(-248.268 0 0)
(-244.098 0 0)
(-228.747 0 0)
(-212.81 0 0)
(-207.869 0 0)
(-206.038 0 0)
(-205.585 0 0)
(-211.705 0 0)
(-222.624 0 0)
(-224.054 0 0)
(-222.737 0 0)
(-219.985 0 0)
(-213.001 0 0)
(-205.225 0 0)
(-202.355 0 0)
(-201.262 0 0)
(-203.165 0 0)
(-204.82 0 0)
(-203.677 0 0)
(-200.408 0 0)
(-192.199 0 0)
(-185.473 0 0)
(-183.064 0 0)
(-183.447 0 0)
(-187.868 0 0)
(-189.247 0 0)
(-187.69 0 0)
(-182.598 0 0)
(-172.89 0 0)
(-167.437 0 0)
(-165.63 0 0)
(-168.515 0 0)
(-178.076 0 0)
(-181.197 0 0)
(-179.792 0 0)
(-175.175 0 0)
(-162.139 0 0)
(-149.918 0 0)
(-145.319 0 0)
(-143.888 0 0)
(-144.677 0 0)
(-150.234 0 0)
(-154.16 0 0)
(-153.89 0 0)
(-152.321 0 0)
(-149.071 0 0)
(-145.084 0 0)
(-142.42 0 0)
(-140.58 0 0)
(-137.21 0 0)
(-132.819 0 0)
(-129.592 0 0)
(-128.577 0 0)
(-128.638 0 0)
(-129.085 0 0)
(-128.147 0 0)
(-124.947 0 0)
(-119.32 0 0)
(-114.643 0 0)
(-113.335 0 0)
(-117.094 0 0)
(-129.56 0 0)
(-134.527 0 0)
(-134.11 0 0)
(-130.565 0 0)
(-120.533 0 0)
(-101.848 0 0)
(-85.6714 0 0)
(-78.8159 0 0)
(-71.5332 0 0)
(-68.8742 0 0)
(-65.9573 0 0)
(-62.5783 0 0)
(-61.2569 0 0)
(-59.5864 0 0)
(-59.655 0 0)
(-57.5371 0 0)
(-54.6257 0 0)
(-49.5982 0 0)
(-44.4308 0 0)
(-38.5996 0 0)
(-33.5715 0 0)
(-29.3181 0 0)
(-26.1863 0 0)
(-23.3973 0 0)
(-21.3441 0 0)
(-19.0375 0 0)
(-15.3402 0 0)
(-11.2605 0 0)
(-6.56727 0 0)
(-2.5141 0 0)
)
;

boundaryField
{
    sides
    {
        type            fixedValue;
        value           uniform (0 0 0);
    }
    empty
    {
        type            empty;
    }
}


// ************************************************************************* //
