/*--------------------------------*- C++ -*----------------------------------*\
| =========                 |                                                 |
| \\      /  F ield         | OpenFOAM: The Open Source CFD Toolbox           |
|  \\    /   O peration     | Version:  2412                                  |
|   \\  /    A nd           | Website:  www.openfoam.com                      |
|    \\/     M anipulation  |                                                 |
\*---------------------------------------------------------------------------*/
FoamFile
{
    version     2.0;
    format      ascii;
    arch        "LSB;label=32;scalar=64";
    class       volVectorField;
    location    "0.04151";
    object      U;
}
// * * * * * * * * * * * * * * * * * * * * * * * * * * * * * * * * * * * * * //

dimensions      [0 1 -1 0 0 0 0];

internalField   nonuniform List<vector> 
100
(
(1.62864 0 0)
(5.02477 0 0)
(8.30053 0 0)
(11.5075 0 0)
(14.6489 0 0)
(17.7397 0 0)
(20.8032 0 0)
(23.8651 0 0)
(26.9534 0 0)
(30.0315 0 0)
(33.1212 0 0)
(36.2192 0 0)
(39.3199 0 0)
(42.4085 0 0)
(45.4521 0 0)
(48.6092 0 0)
(52.168 0 0)
(54.3676 0 0)
(-38.1133 0 0)
(-197.902 0 0)
(-221.405 0 0)
(-207.959 0 0)
(-191.36 0 0)
(-186.962 0 0)
(-185.389 0 0)
(-184.223 0 0)
(-188.267 0 0)
(-196.156 0 0)
(-197.236 0 0)
(-195.843 0 0)
(-193.505 0 0)
(-185.765 0 0)
(-169.933 0 0)
(-161.45 0 0)
(-158.672 0 0)
(-158.038 0 0)
(-161.43 0 0)
(-167.559 0 0)
(-168.724 0 0)
(-167.415 0 0)
(-165.35 0 0)
(-160.385 0 0)
(-153.975 0 0)
(-150.658 0 0)
(-149.973 0 0)
(-151.112 0 0)
(-150.995 0 0)
(-148.642 0 0)
(-142.63 0 0)
(-135.606 0 0)
(-132.526 0 0)
(-132.53 0 0)
(-134.611 0 0)
(-134.93 0 0)
(-132.755 0 0)
(-126.918 0 0)
(-119.324 0 0)
(-115.596 0 0)
(-115.362 0 0)
(-119.919 0 0)
(-124.117 0 0)
(-123.845 0 0)
(-120.199 0 0)
(-111.228 0 0)
(-100.451 0 0)
(-94.8024 0 0)
(-93.6378 0 0)
(-93.7664 0 0)
(-97.0163 0 0)
(-97.7163 0 0)
(-96.9195 0 0)
(-95.5732 0 0)
(-91.1987 0 0)
(-89.3685 0 0)
(-85.5039 0 0)
(-85.0043 0 0)
(-80.1357 0 0)
(-76.0654 0 0)
(-74.2957 0 0)
(-73.1956 0 0)
(-73.708 0 0)
(-71.7164 0 0)
(-68.5827 0 0)
(-63.216 0 0)
(-60.0852 0 0)
(-59.8668 0 0)
(-63.9626 0 0)
(-70.0499 0 0)
(-75.4356 0 0)
(-73.8163 0 0)
(-64.6412 0 0)
(-50.3984 0 0)
(-37.2182 0 0)
(-27.1357 0 0)
(-19.5448 0 0)
(-12.6844 0 0)
(-7.53293 0 0)
(-4.22725 0 0)
(-1.43727 0 0)
(0.370616 0 0)
)
;

boundaryField
{
    sides
    {
        type            fixedValue;
        value           uniform (0 0 0);
    }
    empty
    {
        type            empty;
    }
}


// ************************************************************************* //
