/*--------------------------------*- C++ -*----------------------------------*\
| =========                 |                                                 |
| \\      /  F ield         | OpenFOAM: The Open Source CFD Toolbox           |
|  \\    /   O peration     | Version:  2412                                  |
|   \\  /    A nd           | Website:  www.openfoam.com                      |
|    \\/     M anipulation  |                                                 |
\*---------------------------------------------------------------------------*/
FoamFile
{
    version     2.0;
    format      ascii;
    arch        "LSB;label=32;scalar=64";
    class       volVectorField;
    location    "0.0236296";
    object      U;
}
// * * * * * * * * * * * * * * * * * * * * * * * * * * * * * * * * * * * * * //

dimensions      [0 1 -1 0 0 0 0];

internalField   nonuniform List<vector> 
100
(
(3.09727 0 0)
(9.34714 0 0)
(15.5451 0 0)
(21.7601 0 0)
(27.9528 0 0)
(34.1554 0 0)
(40.3516 0 0)
(46.5345 0 0)
(52.6511 0 0)
(58.8551 0 0)
(64.9207 0 0)
(71.2745 0 0)
(77.2357 0 0)
(83.7012 0 0)
(89.5113 0 0)
(96.0006 0 0)
(101.863 0 0)
(108.168 0 0)
(114.329 0 0)
(120.502 0 0)
(126.916 0 0)
(132.889 0 0)
(139.333 0 0)
(145.032 0 0)
(151.14 0 0)
(156.702 0 0)
(162.663 0 0)
(168.46 0 0)
(174.748 0 0)
(181.25 0 0)
(188.339 0 0)
(195.317 0 0)
(201.979 0 0)
(208.753 0 0)
(218.138 0 0)
(234.368 0 0)
(248.297 0 0)
(253.145 0 0)
(256.631 0 0)
(259.878 0 0)
(262.477 0 0)
(263.353 0 0)
(264.647 0 0)
(266.874 0 0)
(270.004 0 0)
(273.66 0 0)
(277.138 0 0)
(280.566 0 0)
(283.23 0 0)
(284.39 0 0)
(284.07 0 0)
(283.522 0 0)
(283.286 0 0)
(282.864 0 0)
(282.681 0 0)
(283.685 0 0)
(284.236 0 0)
(282.401 0 0)
(281.305 0 0)
(284.097 0 0)
(286.453 0 0)
(283.974 0 0)
(278.976 0 0)
(279.403 0 0)
(288.912 0 0)
(290.601 0 0)
(278.607 0 0)
(272.033 0 0)
(278.501 0 0)
(294.588 0 0)
(231.468 0 0)
(57.744 0 0)
(9.56984 0 0)
(18.523 0 0)
(7.7074 0 0)
(18.6235 0 0)
(8.44113 0 0)
(12.0587 0 0)
(14.525 0 0)
(-0.26143 0 0)
(-5.52184 0 0)
(-14.7305 0 0)
(-13.7694 0 0)
(-4.21004 0 0)
(-3.97982 0 0)
(1.34333 0 0)
(7.13411 0 0)
(7.33137 0 0)
(8.12088 0 0)
(5.98676 0 0)
(-0.583159 0 0)
(-4.86405 0 0)
(-6.53223 0 0)
(-5.27542 0 0)
(-1.87774 0 0)
(1.2609 0 0)
(4.52675 0 0)
(2.16481 0 0)
(0.0164604 0 0)
(2.13492 0 0)
)
;

boundaryField
{
    sides
    {
        type            fixedValue;
        value           uniform (0 0 0);
    }
    empty
    {
        type            empty;
    }
}


// ************************************************************************* //
