/*--------------------------------*- C++ -*----------------------------------*\
| =========                 |                                                 |
| \\      /  F ield         | OpenFOAM: The Open Source CFD Toolbox           |
|  \\    /   O peration     | Version:  2412                                  |
|   \\  /    A nd           | Website:  www.openfoam.com                      |
|    \\/     M anipulation  |                                                 |
\*---------------------------------------------------------------------------*/
FoamFile
{
    version     2.0;
    format      ascii;
    arch        "LSB;label=32;scalar=64";
    class       volVectorField;
    location    "0.0376982";
    object      U;
}
// * * * * * * * * * * * * * * * * * * * * * * * * * * * * * * * * * * * * * //

dimensions      [0 1 -1 0 0 0 0];

internalField   nonuniform List<vector> 
100
(
(1.70604 0 0)
(5.34034 0 0)
(8.75551 0 0)
(12.3332 0 0)
(15.6551 0 0)
(19.1848 0 0)
(22.4651 0 0)
(26.1404 0 0)
(29.5477 0 0)
(33.3201 0 0)
(36.9539 0 0)
(40.5796 0 0)
(44.3235 0 0)
(47.8317 0 0)
(51.5729 0 0)
(54.975 0 0)
(58.6771 0 0)
(62.0138 0 0)
(65.5828 0 0)
(68.8871 0 0)
(72.4052 0 0)
(75.8255 0 0)
(79.3415 0 0)
(82.8123 0 0)
(86.316 0 0)
(89.8009 0 0)
(93.3062 0 0)
(96.7988 0 0)
(100.268 0 0)
(103.718 0 0)
(107.465 0 0)
(111.092 0 0)
(84.1432 0 0)
(-97.2097 0 0)
(-160.763 0 0)
(-158.517 0 0)
(-151.619 0 0)
(-152.261 0 0)
(-155.114 0 0)
(-152.908 0 0)
(-145.492 0 0)
(-137.295 0 0)
(-133.869 0 0)
(-132.965 0 0)
(-133.798 0 0)
(-136.502 0 0)
(-137.631 0 0)
(-136.722 0 0)
(-134.274 0 0)
(-127.465 0 0)
(-115.527 0 0)
(-108.696 0 0)
(-106.149 0 0)
(-106.769 0 0)
(-108.505 0 0)
(-108.883 0 0)
(-107.872 0 0)
(-107.049 0 0)
(-104.075 0 0)
(-99.377 0 0)
(-95.0719 0 0)
(-93.4082 0 0)
(-92.7875 0 0)
(-90.8657 0 0)
(-88.857 0 0)
(-82.3034 0 0)
(-78.2711 0 0)
(-75.1694 0 0)
(-75.5845 0 0)
(-76.5927 0 0)
(-72.3639 0 0)
(-70.4939 0 0)
(-62.3297 0 0)
(-59.5325 0 0)
(-58.0022 0 0)
(-60.2022 0 0)
(-63.2203 0 0)
(-60.1521 0 0)
(-57.3283 0 0)
(-47.7822 0 0)
(-41.5684 0 0)
(-38.4707 0 0)
(-38.767 0 0)
(-38.6511 0 0)
(-37.6303 0 0)
(-35.6469 0 0)
(-33.7027 0 0)
(-32.933 0 0)
(-31.9037 0 0)
(-30.3104 0 0)
(-28.8988 0 0)
(-23.5481 0 0)
(-12.9691 0 0)
(-0.637917 0 0)
(9.88742 0 0)
(14.0788 0 0)
(14.5433 0 0)
(12.7649 0 0)
(6.85524 0 0)
(-0.215673 0 0)
)
;

boundaryField
{
    sides
    {
        type            fixedValue;
        value           uniform (0 0 0);
    }
    empty
    {
        type            empty;
    }
}


// ************************************************************************* //
