/*--------------------------------*- C++ -*----------------------------------*\
| =========                 |                                                 |
| \\      /  F ield         | OpenFOAM: The Open Source CFD Toolbox           |
|  \\    /   O peration     | Version:  2412                                  |
|   \\  /    A nd           | Website:  www.openfoam.com                      |
|    \\/     M anipulation  |                                                 |
\*---------------------------------------------------------------------------*/
FoamFile
{
    version     2.0;
    format      ascii;
    arch        "LSB;label=32;scalar=64";
    class       volVectorField;
    location    "0.0415829";
    object      U;
}
// * * * * * * * * * * * * * * * * * * * * * * * * * * * * * * * * * * * * * //

dimensions      [0 1 -1 0 0 0 0];

internalField   nonuniform List<vector> 
100
(
(1.63827 0 0)
(5.04303 0 0)
(8.32168 0 0)
(11.5244 0 0)
(14.6533 0 0)
(17.7259 0 0)
(20.7701 0 0)
(23.8149 0 0)
(26.8902 0 0)
(29.9593 0 0)
(33.0428 0 0)
(36.1372 0 0)
(39.2345 0 0)
(42.3149 0 0)
(45.3627 0 0)
(48.6282 0 0)
(52.1365 0 0)
(48.756 0 0)
(-100.851 0 0)
(-214.683 0 0)
(-220.965 0 0)
(-201.301 0 0)
(-190.034 0 0)
(-187.182 0 0)
(-185.854 0 0)
(-185.609 0 0)
(-192.626 0 0)
(-198.219 0 0)
(-197.817 0 0)
(-196.235 0 0)
(-192.899 0 0)
(-181.282 0 0)
(-166.69 0 0)
(-161.038 0 0)
(-159.172 0 0)
(-159.373 0 0)
(-164.841 0 0)
(-169.565 0 0)
(-169.422 0 0)
(-167.895 0 0)
(-165.053 0 0)
(-159.015 0 0)
(-153.436 0 0)
(-151.144 0 0)
(-151.272 0 0)
(-152.354 0 0)
(-151.568 0 0)
(-148.074 0 0)
(-140.976 0 0)
(-135.212 0 0)
(-133.183 0 0)
(-134.179 0 0)
(-136.081 0 0)
(-135.613 0 0)
(-132.337 0 0)
(-125.261 0 0)
(-118.745 0 0)
(-116.132 0 0)
(-117.286 0 0)
(-122.89 0 0)
(-125.455 0 0)
(-124.276 0 0)
(-119.21 0 0)
(-108.358 0 0)
(-99.2674 0 0)
(-94.8454 0 0)
(-94.721 0 0)
(-95.596 0 0)
(-98.6461 0 0)
(-98.5767 0 0)
(-97.6422 0 0)
(-95.8082 0 0)
(-91.2487 0 0)
(-89.5674 0 0)
(-85.9164 0 0)
(-85.0794 0 0)
(-80.0163 0 0)
(-76.2894 0 0)
(-74.9595 0 0)
(-74.1006 0 0)
(-74.6966 0 0)
(-72.2296 0 0)
(-68.135 0 0)
(-62.8865 0 0)
(-60.913 0 0)
(-61.7011 0 0)
(-67.003 0 0)
(-72.6775 0 0)
(-76.9131 0 0)
(-73.6491 0 0)
(-61.4261 0 0)
(-46.3617 0 0)
(-34.2766 0 0)
(-25.7082 0 0)
(-19.0803 0 0)
(-12.9032 0 0)
(-8.0981 0 0)
(-4.7962 0 0)
(-1.88936 0 0)
(0.196179 0 0)
)
;

boundaryField
{
    sides
    {
        type            fixedValue;
        value           uniform (0 0 0);
    }
    empty
    {
        type            empty;
    }
}


// ************************************************************************* //
