/*--------------------------------*- C++ -*----------------------------------*\
| =========                 |                                                 |
| \\      /  F ield         | OpenFOAM: The Open Source CFD Toolbox           |
|  \\    /   O peration     | Version:  2412                                  |
|   \\  /    A nd           | Website:  www.openfoam.com                      |
|    \\/     M anipulation  |                                                 |
\*---------------------------------------------------------------------------*/
FoamFile
{
    version     2.0;
    format      ascii;
    arch        "LSB;label=32;scalar=64";
    class       volVectorField;
    location    "0.0088181";
    object      U;
}
// * * * * * * * * * * * * * * * * * * * * * * * * * * * * * * * * * * * * * //

dimensions      [0 1 -1 0 0 0 0];

internalField   nonuniform List<vector> 
100
(
(2.68116e-14 0 0)
(3.94997e-14 0 0)
(4.66779e-14 0 0)
(-5.73488e-14 0 0)
(-1.53604e-14 0 0)
(9.14182e-14 0 0)
(-1.73659e-14 0 0)
(2.19058e-14 0 0)
(-6.0662e-16 0 0)
(3.46715e-14 0 0)
(4.20435e-14 0 0)
(5.58266e-14 0 0)
(-1.62298e-14 0 0)
(-9.71716e-14 0 0)
(4.17737e-14 0 0)
(4.50186e-11 0 0)
(2.0717e-08 0 0)
(6.73777e-06 0 0)
(0.00120242 0 0)
(0.0841383 0 0)
(1.63806 0 0)
(9.21649 0 0)
(22.7338 0 0)
(36.5722 0 0)
(48.3779 0 0)
(58.6695 0 0)
(68.2687 0 0)
(77.6341 0 0)
(86.934 0 0)
(96.2616 0 0)
(105.551 0 0)
(115.018 0 0)
(124.178 0 0)
(133.978 0 0)
(142.65 0 0)
(152.921 0 0)
(161.239 0 0)
(170.969 0 0)
(180.363 0 0)
(188.517 0 0)
(198.585 0 0)
(207.087 0 0)
(216.957 0 0)
(225.522 0 0)
(234.819 0 0)
(244.265 0 0)
(254.46 0 0)
(263.284 0 0)
(268.559 0 0)
(274.965 0 0)
(284.445 0 0)
(289.518 0 0)
(287.354 0 0)
(278.47 0 0)
(276.96 0 0)
(285.936 0 0)
(289.444 0 0)
(285.397 0 0)
(276.799 0 0)
(276.352 0 0)
(285.018 0 0)
(288.186 0 0)
(286.092 0 0)
(278.437 0 0)
(278.931 0 0)
(281.873 0 0)
(288.448 0 0)
(287.343 0 0)
(285.67 0 0)
(279.003 0 0)
(277.624 0 0)
(279.178 0 0)
(280.171 0 0)
(280.024 0 0)
(282.531 0 0)
(284.346 0 0)
(282.382 0 0)
(279.588 0 0)
(279.695 0 0)
(280.133 0 0)
(282.117 0 0)
(283.756 0 0)
(283.58 0 0)
(281.456 0 0)
(277.469 0 0)
(276.658 0 0)
(276.643 0 0)
(277.752 0 0)
(280.13 0 0)
(285.575 0 0)
(295.664 0 0)
(291.176 0 0)
(201.306 0 0)
(18.9218 0 0)
(0.0615471 0 0)
(1.98933e-05 0 0)
(1.73853e-09 0 0)
(1.37994e-13 0 0)
(2.2698e-14 0 0)
(1.21572e-13 0 0)
)
;

boundaryField
{
    sides
    {
        type            fixedValue;
        value           uniform (0 0 0);
    }
    empty
    {
        type            empty;
    }
}


// ************************************************************************* //
