/*--------------------------------*- C++ -*----------------------------------*\
| =========                 |                                                 |
| \\      /  F ield         | OpenFOAM: The Open Source CFD Toolbox           |
|  \\    /   O peration     | Version:  2412                                  |
|   \\  /    A nd           | Website:  www.openfoam.com                      |
|    \\/     M anipulation  |                                                 |
\*---------------------------------------------------------------------------*/
FoamFile
{
    version     2.0;
    format      ascii;
    arch        "LSB;label=32;scalar=64";
    class       volVectorField;
    location    "0.0213169";
    object      U;
}
// * * * * * * * * * * * * * * * * * * * * * * * * * * * * * * * * * * * * * //

dimensions      [0 1 -1 0 0 0 0];

internalField   nonuniform List<vector> 
100
(
(3.49425 0 0)
(10.5811 0 0)
(17.5987 0 0)
(24.6141 0 0)
(31.6718 0 0)
(38.6974 0 0)
(45.7439 0 0)
(52.7681 0 0)
(59.8029 0 0)
(66.8778 0 0)
(73.9389 0 0)
(81.0583 0 0)
(87.9627 0 0)
(94.9066 0 0)
(101.333 0 0)
(108.204 0 0)
(114.715 0 0)
(122.055 0 0)
(128.969 0 0)
(137.078 0 0)
(145.408 0 0)
(154.473 0 0)
(164.387 0 0)
(175.084 0 0)
(188.311 0 0)
(198.302 0 0)
(203.779 0 0)
(206.67 0 0)
(209.316 0 0)
(211.124 0 0)
(213.928 0 0)
(216.969 0 0)
(220.498 0 0)
(224.973 0 0)
(230.286 0 0)
(234.587 0 0)
(238.371 0 0)
(242.063 0 0)
(245.931 0 0)
(249.94 0 0)
(253.967 0 0)
(257.962 0 0)
(261.935 0 0)
(265.39 0 0)
(269.332 0 0)
(273.224 0 0)
(276.478 0 0)
(279.391 0 0)
(282.384 0 0)
(283.92 0 0)
(284.164 0 0)
(283.963 0 0)
(283.333 0 0)
(282.716 0 0)
(283.233 0 0)
(284.278 0 0)
(283.429 0 0)
(281.175 0 0)
(281.378 0 0)
(286.165 0 0)
(287.741 0 0)
(280.097 0 0)
(277.18 0 0)
(282.774 0 0)
(290.766 0 0)
(289.608 0 0)
(274.667 0 0)
(271.818 0 0)
(283.502 0 0)
(292.421 0 0)
(288.434 0 0)
(271.963 0 0)
(271.822 0 0)
(282.196 0 0)
(298.655 0 0)
(177.58 0 0)
(39.0684 0 0)
(10.8067 0 0)
(18.9981 0 0)
(6.98027 0 0)
(16.9263 0 0)
(12.0161 0 0)
(12.5751 0 0)
(23.7256 0 0)
(14.9498 0 0)
(10.4823 0 0)
(7.23391 0 0)
(-3.54857 0 0)
(-10.1473 0 0)
(-12.1573 0 0)
(-7.90416 0 0)
(-1.00616 0 0)
(0.210411 0 0)
(-1.33177 0 0)
(-3.36864 0 0)
(-2.37432 0 0)
(4.66837 0 0)
(10.8626 0 0)
(13.1296 0 0)
(8.28623 0 0)
)
;

boundaryField
{
    sides
    {
        type            fixedValue;
        value           uniform (0 0 0);
    }
    empty
    {
        type            empty;
    }
}


// ************************************************************************* //
