/*--------------------------------*- C++ -*----------------------------------*\
| =========                 |                                                 |
| \\      /  F ield         | OpenFOAM: The Open Source CFD Toolbox           |
|  \\    /   O peration     | Version:  2412                                  |
|   \\  /    A nd           | Website:  www.openfoam.com                      |
|    \\/     M anipulation  |                                                 |
\*---------------------------------------------------------------------------*/
FoamFile
{
    version     2.0;
    format      ascii;
    arch        "LSB;label=32;scalar=64";
    class       volVectorField;
    location    "0.00367344";
    object      U;
}
// * * * * * * * * * * * * * * * * * * * * * * * * * * * * * * * * * * * * * //

dimensions      [0 1 -1 0 0 0 0];

internalField   nonuniform List<vector> 
100
(
(1.37493e-15 0 0)
(-7.35846e-14 0 0)
(-1.24389e-13 0 0)
(-6.75669e-14 0 0)
(8.69183e-15 0 0)
(3.33594e-14 0 0)
(1.02379e-13 0 0)
(1.28555e-14 0 0)
(-5.99049e-14 0 0)
(-7.09516e-14 0 0)
(-1.51658e-13 0 0)
(-3.37001e-14 0 0)
(-4.84728e-14 0 0)
(-4.10046e-14 0 0)
(-1.58937e-14 0 0)
(-5.31582e-14 0 0)
(-2.19093e-15 0 0)
(5.64977e-14 0 0)
(1.53491e-14 0 0)
(9.62065e-15 0 0)
(4.02804e-14 0 0)
(8.73669e-14 0 0)
(1.3601e-13 0 0)
(1.35067e-13 0 0)
(1.00285e-13 0 0)
(4.45893e-14 0 0)
(1.10697e-13 0 0)
(1.82832e-13 0 0)
(1.83483e-13 0 0)
(1.33319e-13 0 0)
(9.42779e-14 0 0)
(6.88877e-12 0 0)
(3.84215e-09 0 0)
(1.5362e-06 0 0)
(0.000360799 0 0)
(0.0365015 0 0)
(1.11262 0 0)
(9.08309 0 0)
(28.3467 0 0)
(52.4627 0 0)
(75.5186 0 0)
(98.0266 0 0)
(117.896 0 0)
(141.637 0 0)
(160.273 0 0)
(180.306 0 0)
(205.869 0 0)
(219.515 0 0)
(240.654 0 0)
(266.341 0 0)
(284.674 0 0)
(284.078 0 0)
(278.789 0 0)
(281.903 0 0)
(287.383 0 0)
(285.967 0 0)
(277.787 0 0)
(276.564 0 0)
(279.833 0 0)
(284.947 0 0)
(285.323 0 0)
(276.94 0 0)
(274.069 0 0)
(274.778 0 0)
(278.729 0 0)
(296.289 0 0)
(295.795 0 0)
(213.537 0 0)
(23.1804 0 0)
(0.0830973 0 0)
(2.58929e-05 0 0)
(2.13634e-09 0 0)
(4.56778e-13 0 0)
(-2.58553e-14 0 0)
(-4.93406e-14 0 0)
(9.79796e-14 0 0)
(-3.48932e-14 0 0)
(7.28685e-15 0 0)
(-4.11352e-14 0 0)
(-1.6982e-13 0 0)
(-1.53498e-13 0 0)
(-5.20653e-14 0 0)
(4.71684e-14 0 0)
(-7.05278e-14 0 0)
(-7.88378e-14 0 0)
(-1.6818e-13 0 0)
(-2.96964e-13 0 0)
(-1.6238e-13 0 0)
(-1.67397e-13 0 0)
(-1.64248e-13 0 0)
(-4.34183e-14 0 0)
(-6.2594e-14 0 0)
(-1.45835e-13 0 0)
(-2.30658e-13 0 0)
(-2.11767e-13 0 0)
(-1.11704e-13 0 0)
(-7.60525e-14 0 0)
(5.9605e-16 0 0)
(-7.05369e-14 0 0)
(-1.20722e-13 0 0)
)
;

boundaryField
{
    sides
    {
        type            fixedValue;
        value           uniform (0 0 0);
    }
    empty
    {
        type            empty;
    }
}


// ************************************************************************* //
