/*--------------------------------*- C++ -*----------------------------------*\
| =========                 |                                                 |
| \\      /  F ield         | OpenFOAM: The Open Source CFD Toolbox           |
|  \\    /   O peration     | Version:  2412                                  |
|   \\  /    A nd           | Website:  www.openfoam.com                      |
|    \\/     M anipulation  |                                                 |
\*---------------------------------------------------------------------------*/
FoamFile
{
    version     2.0;
    format      ascii;
    arch        "LSB;label=32;scalar=64";
    class       volVectorField;
    location    "0.0242048";
    object      U;
}
// * * * * * * * * * * * * * * * * * * * * * * * * * * * * * * * * * * * * * //

dimensions      [0 1 -1 0 0 0 0];

internalField   nonuniform List<vector> 
100
(
(3.0066 0 0)
(9.06978 0 0)
(15.0868 0 0)
(21.1204 0 0)
(27.1427 0 0)
(33.1392 0 0)
(39.1181 0 0)
(45.1125 0 0)
(51.0549 0 0)
(57.1328 0 0)
(63.0082 0 0)
(69.2063 0 0)
(74.931 0 0)
(81.2463 0 0)
(86.8885 0 0)
(93.1763 0 0)
(98.9056 0 0)
(105.033 0 0)
(111.053 0 0)
(116.877 0 0)
(123.038 0 0)
(128.797 0 0)
(135.135 0 0)
(140.921 0 0)
(147.264 0 0)
(152.989 0 0)
(158.985 0 0)
(164.508 0 0)
(170.208 0 0)
(175.769 0 0)
(181.577 0 0)
(187.6 0 0)
(194.221 0 0)
(201.117 0 0)
(207.834 0 0)
(213.733 0 0)
(219.928 0 0)
(229.299 0 0)
(246.65 0 0)
(260.336 0 0)
(264.681 0 0)
(268.018 0 0)
(271.401 0 0)
(274.157 0 0)
(275.035 0 0)
(274.796 0 0)
(277.522 0 0)
(279.471 0 0)
(280.953 0 0)
(282.703 0 0)
(284.132 0 0)
(283.876 0 0)
(283.481 0 0)
(283.474 0 0)
(282.924 0 0)
(282.387 0 0)
(283.506 0 0)
(284.47 0 0)
(282.827 0 0)
(281.115 0 0)
(283.073 0 0)
(286.783 0 0)
(286.056 0 0)
(278.82 0 0)
(277.113 0 0)
(287.587 0 0)
(290.763 0 0)
(282.316 0 0)
(267.523 0 0)
(189.899 0 0)
(30.0246 0 0)
(0.853083 0 0)
(15.4358 0 0)
(24.8506 0 0)
(10.5055 0 0)
(19.3917 0 0)
(5.44 0 0)
(-0.573636 0 0)
(-5.9009 0 0)
(-11.9139 0 0)
(-4.01429 0 0)
(-6.37747 0 0)
(-7.47691 0 0)
(-3.20199 0 0)
(-0.618477 0 0)
(7.80276 0 0)
(12.9685 0 0)
(11.1554 0 0)
(1.33212 0 0)
(-8.97857 0 0)
(-10.3197 0 0)
(-3.40738 0 0)
(4.66197 0 0)
(9.58467 0 0)
(8.33369 0 0)
(2.26653 0 0)
(-6.94749 0 0)
(-12.5778 0 0)
(-9.86246 0 0)
(-5.28423 0 0)
)
;

boundaryField
{
    sides
    {
        type            fixedValue;
        value           uniform (0 0 0);
    }
    empty
    {
        type            empty;
    }
}


// ************************************************************************* //
