/*--------------------------------*- C++ -*----------------------------------*\
| =========                 |                                                 |
| \\      /  F ield         | OpenFOAM: The Open Source CFD Toolbox           |
|  \\    /   O peration     | Version:  2412                                  |
|   \\  /    A nd           | Website:  www.openfoam.com                      |
|    \\/     M anipulation  |                                                 |
\*---------------------------------------------------------------------------*/
FoamFile
{
    version     2.0;
    format      ascii;
    arch        "LSB;label=32;scalar=64";
    class       volVectorField;
    location    "0.00813043";
    object      U;
}
// * * * * * * * * * * * * * * * * * * * * * * * * * * * * * * * * * * * * * //

dimensions      [0 1 -1 0 0 0 0];

internalField   nonuniform List<vector> 
100
(
(7.54731e-14 0 0)
(1.36793e-13 0 0)
(1.19463e-13 0 0)
(1.04596e-13 0 0)
(9.19166e-16 0 0)
(-1.0318e-13 0 0)
(-1.30593e-13 0 0)
(-1.15781e-13 0 0)
(-3.30473e-14 0 0)
(-9.49643e-14 0 0)
(-1.47286e-14 0 0)
(2.35572e-14 0 0)
(-8.91053e-14 0 0)
(-8.91812e-14 0 0)
(-2.29368e-14 0 0)
(-1.19152e-14 0 0)
(1.77887e-13 0 0)
(1.48854e-11 0 0)
(7.19766e-09 0 0)
(2.54255e-06 0 0)
(0.000519684 0 0)
(0.0443276 0 0)
(1.10175 0 0)
(7.54896 0 0)
(20.9052 0 0)
(35.6381 0 0)
(48.506 0 0)
(59.7261 0 0)
(70.1461 0 0)
(80.288 0 0)
(90.3365 0 0)
(100.444 0 0)
(110.442 0 0)
(120.784 0 0)
(130.496 0 0)
(141.346 0 0)
(150.436 0 0)
(161.523 0 0)
(170.839 0 0)
(180.382 0 0)
(191.266 0 0)
(199.97 0 0)
(210.545 0 0)
(219.717 0 0)
(230.472 0 0)
(240.834 0 0)
(250.61 0 0)
(257.893 0 0)
(267.665 0 0)
(279.663 0 0)
(287.385 0 0)
(283.881 0 0)
(278.991 0 0)
(279.928 0 0)
(287.799 0 0)
(288.624 0 0)
(279.159 0 0)
(276.513 0 0)
(280.576 0 0)
(288.288 0 0)
(288.63 0 0)
(281.129 0 0)
(278.444 0 0)
(279.94 0 0)
(287.434 0 0)
(287.153 0 0)
(285.694 0 0)
(280.073 0 0)
(277.196 0 0)
(278.54 0 0)
(280.484 0 0)
(283.38 0 0)
(284.374 0 0)
(280.498 0 0)
(279.477 0 0)
(280.547 0 0)
(282.356 0 0)
(283.858 0 0)
(283.793 0 0)
(280.985 0 0)
(277.09 0 0)
(276.662 0 0)
(276.858 0 0)
(279.464 0 0)
(282.456 0 0)
(283.641 0 0)
(287.67 0 0)
(293.164 0 0)
(276.356 0 0)
(134.09 0 0)
(4.02548 0 0)
(0.0054121 0 0)
(1.07294e-06 0 0)
(9.70832e-11 0 0)
(9.35369e-14 0 0)
(1.15713e-14 0 0)
(-8.71579e-14 0 0)
(-8.07583e-14 0 0)
(-2.66443e-14 0 0)
(7.92565e-14 0 0)
)
;

boundaryField
{
    sides
    {
        type            fixedValue;
        value           uniform (0 0 0);
    }
    empty
    {
        type            empty;
    }
}


// ************************************************************************* //
