/*--------------------------------*- C++ -*----------------------------------*\
| =========                 |                                                 |
| \\      /  F ield         | OpenFOAM: The Open Source CFD Toolbox           |
|  \\    /   O peration     | Version:  2412                                  |
|   \\  /    A nd           | Website:  www.openfoam.com                      |
|    \\/     M anipulation  |                                                 |
\*---------------------------------------------------------------------------*/
FoamFile
{
    version     2.0;
    format      ascii;
    arch        "LSB;label=32;scalar=64";
    class       volVectorField;
    location    "0.0391199";
    object      U;
}
// * * * * * * * * * * * * * * * * * * * * * * * * * * * * * * * * * * * * * //

dimensions      [0 1 -1 0 0 0 0];

internalField   nonuniform List<vector> 
100
(
(1.63728 0 0)
(4.83046 0 0)
(8.07131 0 0)
(11.3624 0 0)
(14.7078 0 0)
(18.1568 0 0)
(21.6694 0 0)
(25.1714 0 0)
(28.6449 0 0)
(32.0567 0 0)
(35.4879 0 0)
(38.902 0 0)
(42.3084 0 0)
(45.6987 0 0)
(49.0978 0 0)
(52.4782 0 0)
(55.8811 0 0)
(59.2841 0 0)
(62.6668 0 0)
(66.0482 0 0)
(69.4287 0 0)
(72.7788 0 0)
(76.0815 0 0)
(79.3278 0 0)
(82.623 0 0)
(86.3221 0 0)
(89.6487 0 0)
(44.5846 0 0)
(-135.829 0 0)
(-182.815 0 0)
(-180.241 0 0)
(-175.006 0 0)
(-173.29 0 0)
(-170.259 0 0)
(-161.07 0 0)
(-154.901 0 0)
(-152.928 0 0)
(-153.183 0 0)
(-157.488 0 0)
(-160.964 0 0)
(-160.624 0 0)
(-158.959 0 0)
(-154.898 0 0)
(-143.731 0 0)
(-132.357 0 0)
(-127.806 0 0)
(-126.755 0 0)
(-128.3 0 0)
(-131.402 0 0)
(-132.12 0 0)
(-131.181 0 0)
(-129.718 0 0)
(-125.765 0 0)
(-120.036 0 0)
(-116.219 0 0)
(-115.434 0 0)
(-115.314 0 0)
(-114.676 0 0)
(-111.123 0 0)
(-105.043 0 0)
(-99.5722 0 0)
(-97.818 0 0)
(-98.1588 0 0)
(-98.2679 0 0)
(-97.9371 0 0)
(-92.4332 0 0)
(-87.1098 0 0)
(-81.3695 0 0)
(-80.8876 0 0)
(-83.0393 0 0)
(-85.4818 0 0)
(-87.7843 0 0)
(-81.3918 0 0)
(-76.2438 0 0)
(-65.4973 0 0)
(-60.3695 0 0)
(-59.1019 0 0)
(-59.1449 0 0)
(-60.8794 0 0)
(-59.7532 0 0)
(-59.3637 0 0)
(-56.0358 0 0)
(-53.0761 0 0)
(-50.9084 0 0)
(-49.1886 0 0)
(-47.0298 0 0)
(-43.9327 0 0)
(-40.0529 0 0)
(-37.3244 0 0)
(-35.9335 0 0)
(-34.8155 0 0)
(-33.015 0 0)
(-30.7606 0 0)
(-28.3746 0 0)
(-27.1674 0 0)
(-29.4347 0 0)
(-32.5672 0 0)
(-30.6355 0 0)
(-21.8476 0 0)
(-5.98874 0 0)
)
;

boundaryField
{
    sides
    {
        type            fixedValue;
        value           uniform (0 0 0);
    }
    empty
    {
        type            empty;
    }
}


// ************************************************************************* //
