/*--------------------------------*- C++ -*----------------------------------*\
| =========                 |                                                 |
| \\      /  F ield         | OpenFOAM: The Open Source CFD Toolbox           |
|  \\    /   O peration     | Version:  2412                                  |
|   \\  /    A nd           | Website:  www.openfoam.com                      |
|    \\/     M anipulation  |                                                 |
\*---------------------------------------------------------------------------*/
FoamFile
{
    version     2.0;
    format      ascii;
    arch        "LSB;label=32;scalar=64";
    class       volScalarField;
    location    "0.0025";
    object      rho;
}
// * * * * * * * * * * * * * * * * * * * * * * * * * * * * * * * * * * * * * //

dimensions      [1 -3 0 0 0 0 0];

internalField   nonuniform List<scalar> 
1800
(
3.6089e-06
3.6089e-06
3.6089e-06
3.6089e-06
3.6089e-06
3.6089e-06
3.6089e-06
3.6089e-06
3.6089e-06
3.6089e-06
3.6089e-06
3.6089e-06
3.6089e-06
3.6089e-06
3.6089e-06
3.6089e-06
3.6089e-06
3.6089e-06
3.6089e-06
3.6089e-06
3.6089e-06
3.6089e-06
3.6089e-06
3.6089e-06
3.6089e-06
3.6089e-06
3.6089e-06
3.6089e-06
3.6089e-06
3.6089e-06
3.6089e-06
3.6089e-06
3.6089e-06
3.6089e-06
3.6089e-06
3.6089e-06
3.6089e-06
3.6089e-06
3.6089e-06
3.6089e-06
3.6089e-06
3.6089e-06
3.6089e-06
3.6089e-06
3.6089e-06
3.6089e-06
3.6089e-06
3.6089e-06
3.6089e-06
3.6089e-06
3.6089e-06
3.6089e-06
3.6089e-06
3.6089e-06
3.6089e-06
3.6089e-06
3.6089e-06
3.6089e-06
3.6089e-06
3.6089e-06
3.6089e-06
3.6089e-06
3.6089e-06
3.6089e-06
3.6089e-06
3.6089e-06
3.6089e-06
3.6089e-06
3.6089e-06
3.6089e-06
3.6089e-06
3.6089e-06
3.6089e-06
3.6089e-06
3.6089e-06
3.6089e-06
3.6089e-06
3.6089e-06
3.6089e-06
3.6089e-06
3.6089e-06
3.6089e-06
3.6089e-06
3.6089e-06
3.6089e-06
3.6089e-06
3.6089e-06
3.6089e-06
3.6089e-06
3.6089e-06
3.6089e-06
3.6089e-06
3.6089e-06
3.6089e-06
3.6089e-06
3.6089e-06
3.6089e-06
3.6089e-06
3.6089e-06
3.6089e-06
3.6089e-06
3.6089e-06
3.6089e-06
3.6089e-06
3.6089e-06
3.6089e-06
3.6089e-06
3.6089e-06
3.6089e-06
3.6089e-06
3.6089e-06
3.6089e-06
3.6089e-06
3.6089e-06
3.6089e-06
3.6089e-06
3.6089e-06
3.6089e-06
3.6089e-06
3.6089e-06
3.6089e-06
3.6089e-06
3.6089e-06
3.6089e-06
3.6089e-06
3.6089e-06
3.6089e-06
3.6089e-06
3.6089e-06
3.6089e-06
3.6089e-06
3.6089e-06
3.6089e-06
3.6089e-06
3.6089e-06
3.6089e-06
3.6089e-06
3.6089e-06
3.6089e-06
3.6089e-06
3.6089e-06
3.6089e-06
3.6089e-06
3.6089e-06
3.6089e-06
3.6089e-06
3.6089e-06
3.6089e-06
3.6089e-06
3.6089e-06
3.6089e-06
3.6089e-06
3.6089e-06
3.6089e-06
3.6089e-06
3.6089e-06
3.6089e-06
3.6089e-06
3.6089e-06
3.6089e-06
3.6089e-06
3.6089e-06
3.6089e-06
3.6089e-06
3.6089e-06
3.6089e-06
3.6089e-06
3.6089e-06
3.6089e-06
3.6089e-06
3.6089e-06
3.6089e-06
3.6089e-06
3.6089e-06
3.6089e-06
3.6089e-06
3.6089e-06
3.6089e-06
3.6089e-06
3.6089e-06
3.6089e-06
3.6089e-06
3.6089e-06
3.6089e-06
3.6089e-06
3.6089e-06
3.6089e-06
3.6089e-06
3.6089e-06
3.6089e-06
3.6089e-06
3.6089e-06
3.6089e-06
3.6089e-06
3.6089e-06
3.6089e-06
3.6089e-06
3.6089e-06
3.6089e-06
3.6089e-06
3.6089e-06
3.6089e-06
3.6089e-06
3.6089e-06
3.6089e-06
3.6089e-06
3.6089e-06
3.6089e-06
3.6089e-06
3.6089e-06
3.6089e-06
3.6089e-06
3.6089e-06
3.6089e-06
3.6089e-06
3.6089e-06
3.6089e-06
3.6089e-06
3.6089e-06
3.6089e-06
3.6089e-06
3.6089e-06
3.6089e-06
3.6089e-06
3.6089e-06
3.6089e-06
3.6089e-06
3.6089e-06
3.6089e-06
3.6089e-06
3.6089e-06
3.6089e-06
3.6089e-06
3.6089e-06
3.6089e-06
3.6089e-06
3.6089e-06
3.6089e-06
3.6089e-06
3.6089e-06
3.6089e-06
3.6089e-06
3.6089e-06
3.6089e-06
3.6089e-06
3.6089e-06
3.6089e-06
3.6089e-06
3.6089e-06
3.6089e-06
3.6089e-06
3.6089e-06
3.6089e-06
3.6089e-06
3.6089e-06
3.6089e-06
3.6089e-06
3.6089e-06
3.6089e-06
3.6089e-06
3.6089e-06
3.6089e-06
3.6089e-06
3.6089e-06
3.6089e-06
3.6089e-06
3.6089e-06
3.6089e-06
3.6089e-06
3.6089e-06
3.6089e-06
3.6089e-06
3.6089e-06
3.6089e-06
3.6089e-06
3.6089e-06
3.6089e-06
3.6089e-06
3.6089e-06
3.6089e-06
3.6089e-06
3.6089e-06
3.6089e-06
3.6089e-06
3.6089e-06
3.6089e-06
3.6089e-06
3.6089e-06
3.6089e-06
3.6089e-06
3.6089e-06
3.6089e-06
3.6089e-06
3.6089e-06
3.6089e-06
3.6089e-06
3.6089e-06
3.6089e-06
3.6089e-06
3.6089e-06
3.6089e-06
3.6089e-06
3.6089e-06
3.6089e-06
3.6089e-06
3.6089e-06
3.6089e-06
3.6089e-06
3.6089e-06
3.6089e-06
3.6089e-06
3.6089e-06
3.6089e-06
3.6089e-06
3.6089e-06
3.6089e-06
3.6089e-06
3.6089e-06
3.6089e-06
3.6089e-06
3.6089e-06
3.6089e-06
3.6089e-06
3.6089e-06
3.6089e-06
3.6089e-06
3.6089e-06
3.6089e-06
3.6089e-06
3.6089e-06
3.6089e-06
3.6089e-06
3.6089e-06
3.6089e-06
3.6089e-06
3.6089e-06
3.6089e-06
3.6089e-06
3.6089e-06
3.6089e-06
3.6089e-06
3.6089e-06
3.6089e-06
3.6089e-06
3.6089e-06
3.6089e-06
3.6089e-06
3.6089e-06
3.6089e-06
3.6089e-06
3.6089e-06
3.6089e-06
3.6089e-06
3.6089e-06
3.6089e-06
3.6089e-06
3.6089e-06
3.6089e-06
3.6089e-06
3.6089e-06
3.6089e-06
3.6089e-06
3.6089e-06
3.6089e-06
3.6089e-06
3.6089e-06
3.6089e-06
3.6089e-06
3.6089e-06
3.6089e-06
3.6089e-06
3.6089e-06
3.6089e-06
3.6089e-06
3.6089e-06
3.6089e-06
3.6089e-06
3.6089e-06
3.6089e-06
3.6089e-06
3.6089e-06
3.6089e-06
3.6089e-06
3.6089e-06
3.6089e-06
3.6089e-06
3.6089e-06
3.6089e-06
3.6089e-06
3.6089e-06
3.6089e-06
3.6089e-06
3.6089e-06
3.6089e-06
3.6089e-06
3.6089e-06
3.6089e-06
3.6089e-06
3.6089e-06
3.6089e-06
3.6089e-06
3.6089e-06
3.6089e-06
3.6089e-06
3.6089e-06
3.6089e-06
3.6089e-06
3.6089e-06
3.6089e-06
3.6089e-06
3.6089e-06
3.6089e-06
3.6089e-06
3.6089e-06
3.6089e-06
3.6089e-06
3.6089e-06
3.6089e-06
3.6089e-06
3.6089e-06
3.6089e-06
3.6089e-06
3.6089e-06
3.6089e-06
3.6089e-06
3.6089e-06
3.6089e-06
3.6089e-06
3.6089e-06
3.6089e-06
3.6089e-06
3.6089e-06
3.6089e-06
3.6089e-06
3.6089e-06
3.6089e-06
3.6089e-06
3.6089e-06
3.6089e-06
3.6089e-06
3.6089e-06
3.6089e-06
3.6089e-06
3.6089e-06
3.6089e-06
3.6089e-06
3.6089e-06
3.6089e-06
3.6089e-06
3.6089e-06
3.6089e-06
3.6089e-06
3.6089e-06
3.6089e-06
3.6089e-06
3.6089e-06
3.6089e-06
3.6089e-06
3.6089e-06
3.6089e-06
3.6089e-06
3.6089e-06
3.6089e-06
3.6089e-06
3.6089e-06
3.6089e-06
3.6089e-06
3.6089e-06
3.6089e-06
3.6089e-06
3.6089e-06
3.6089e-06
3.6089e-06
3.6089e-06
3.6089e-06
3.6089e-06
3.6089e-06
3.6089e-06
3.6089e-06
3.6089e-06
3.6089e-06
3.6089e-06
3.6089e-06
3.6089e-06
3.6089e-06
3.6089e-06
3.6089e-06
3.6089e-06
3.6089e-06
3.6089e-06
3.6089e-06
3.6089e-06
3.6089e-06
3.6089e-06
3.6089e-06
3.6089e-06
3.6089e-06
3.6089e-06
3.6089e-06
3.6089e-06
3.6089e-06
3.6089e-06
3.6089e-06
3.6089e-06
3.6089e-06
3.6089e-06
3.6089e-06
3.6089e-06
3.6089e-06
3.6089e-06
3.6089e-06
3.6089e-06
3.6089e-06
3.6089e-06
3.6089e-06
3.6089e-06
3.6089e-06
3.6089e-06
3.6089e-06
3.6089e-06
3.6089e-06
3.6089e-06
3.6089e-06
3.6089e-06
3.6089e-06
3.6089e-06
3.6089e-06
3.6089e-06
3.6089e-06
3.6089e-06
3.6089e-06
3.6089e-06
3.6089e-06
3.6089e-06
3.6089e-06
3.6089e-06
3.6089e-06
3.6089e-06
3.6089e-06
3.6089e-06
3.6089e-06
3.6089e-06
3.6089e-06
3.6089e-06
3.6089e-06
3.6089e-06
3.6089e-06
3.6089e-06
3.6089e-06
3.6089e-06
3.6089e-06
3.6089e-06
3.6089e-06
3.6089e-06
3.6089e-06
3.6089e-06
3.6089e-06
3.6089e-06
3.6089e-06
3.6089e-06
3.6089e-06
3.6089e-06
3.6089e-06
3.6089e-06
3.6089e-06
3.6089e-06
3.6089e-06
3.6089e-06
3.6089e-06
3.6089e-06
3.6089e-06
3.6089e-06
3.6089e-06
3.6089e-06
3.6089e-06
3.6089e-06
3.6089e-06
3.6089e-06
3.6089e-06
3.6089e-06
3.6089e-06
3.6089e-06
3.6089e-06
3.6089e-06
3.6089e-06
3.6089e-06
3.6089e-06
3.6089e-06
3.6089e-06
3.6089e-06
3.6089e-06
3.6089e-06
3.6089e-06
3.6089e-06
3.6089e-06
3.6089e-06
3.6089e-06
3.6089e-06
3.6089e-06
3.6089e-06
3.6089e-06
3.6089e-06
3.6089e-06
3.6089e-06
3.6089e-06
3.6089e-06
3.6089e-06
3.6089e-06
3.6089e-06
3.6089e-06
3.6089e-06
3.6089e-06
3.6089e-06
3.6089e-06
3.6089e-06
3.6089e-06
3.6089e-06
3.6089e-06
3.6089e-06
3.6089e-06
3.6089e-06
3.6089e-06
3.6089e-06
3.6089e-06
3.6089e-06
3.6089e-06
3.6089e-06
3.6089e-06
3.6089e-06
3.6089e-06
3.6089e-06
3.6089e-06
3.6089e-06
3.6089e-06
3.6089e-06
3.6089e-06
3.6089e-06
3.6089e-06
3.6089e-06
3.6089e-06
3.6089e-06
3.6089e-06
3.6089e-06
3.6089e-06
3.6089e-06
3.6089e-06
3.6089e-06
3.6089e-06
3.6089e-06
3.6089e-06
3.6089e-06
3.6089e-06
3.6089e-06
3.6089e-06
3.6089e-06
3.6089e-06
3.6089e-06
3.6089e-06
3.6089e-06
3.6089e-06
3.6089e-06
3.6089e-06
3.6089e-06
3.6089e-06
3.6089e-06
3.6089e-06
3.6089e-06
3.6089e-06
3.6089e-06
3.6089e-06
3.6089e-06
3.6089e-06
3.6089e-06
3.6089e-06
3.6089e-06
3.6089e-06
3.6089e-06
3.6089e-06
3.6089e-06
3.6089e-06
3.6089e-06
3.6089e-06
3.6089e-06
3.6089e-06
3.6089e-06
3.6089e-06
3.6089e-06
3.6089e-06
3.6089e-06
3.6089e-06
3.6089e-06
3.6089e-06
3.6089e-06
3.6089e-06
3.6089e-06
3.6089e-06
3.6089e-06
3.6089e-06
3.6089e-06
3.6089e-06
3.6089e-06
3.6089e-06
3.6089e-06
3.6089e-06
3.6089e-06
3.6089e-06
3.6089e-06
3.6089e-06
3.6089e-06
3.6089e-06
3.6089e-06
3.6089e-06
3.6089e-06
3.6089e-06
3.6089e-06
3.6089e-06
3.6089e-06
3.6089e-06
3.6089e-06
3.6089e-06
3.6089e-06
3.6089e-06
3.6089e-06
3.6089e-06
3.6089e-06
3.6089e-06
3.6089e-06
3.6089e-06
3.6089e-06
3.6089e-06
3.6089e-06
3.6089e-06
3.6089e-06
3.6089e-06
3.6089e-06
3.6089e-06
3.6089e-06
3.6089e-06
3.6089e-06
3.6089e-06
3.6089e-06
3.6089e-06
3.6089e-06
3.6089e-06
3.6089e-06
3.6089e-06
3.6089e-06
3.6089e-06
3.6089e-06
3.6089e-06
3.6089e-06
3.6089e-06
3.6089e-06
3.6089e-06
3.6089e-06
3.6089e-06
3.6089e-06
3.6089e-06
3.6089e-06
3.6089e-06
3.6089e-06
3.6089e-06
3.6089e-06
3.6089e-06
3.6089e-06
3.6089e-06
3.6089e-06
3.6089e-06
3.6089e-06
3.6089e-06
3.6089e-06
3.6089e-06
3.6089e-06
3.6089e-06
3.6089e-06
3.6089e-06
3.6089e-06
3.6089e-06
3.6089e-06
3.6089e-06
3.6089e-06
3.6089e-06
3.6089e-06
3.6089e-06
3.6089e-06
3.6089e-06
3.6089e-06
3.6089e-06
3.6089e-06
3.6089e-06
3.6089e-06
3.6089e-06
3.6089e-06
3.6089e-06
3.6089e-06
3.6089e-06
3.6089e-06
3.6089e-06
3.6089e-06
3.6089e-06
3.6089e-06
3.6089e-06
3.6089e-06
3.6089e-06
3.6089e-06
3.6089e-06
3.6089e-06
3.6089e-06
3.6089e-06
3.6089e-06
3.6089e-06
3.6089e-06
3.6089e-06
3.6089e-06
3.6089e-06
3.6089e-06
3.6089e-06
3.6089e-06
3.6089e-06
3.6089e-06
3.6089e-06
3.6089e-06
3.6089e-06
3.6089e-06
3.6089e-06
3.6089e-06
3.6089e-06
3.6089e-06
3.6089e-06
3.6089e-06
3.6089e-06
3.6089e-06
3.6089e-06
3.6089e-06
3.6089e-06
3.6089e-06
3.6089e-06
3.6089e-06
3.6089e-06
3.6089e-06
3.6089e-06
3.6089e-06
3.6089e-06
3.6089e-06
3.6089e-06
3.6089e-06
3.6089e-06
3.6089e-06
3.6089e-06
3.6089e-06
3.6089e-06
3.6089e-06
3.6089e-06
3.6089e-06
3.6089e-06
3.6089e-06
3.6089e-06
3.6089e-06
3.6089e-06
3.6089e-06
3.6089e-06
3.6089e-06
3.6089e-06
3.6089e-06
3.6089e-06
3.6089e-06
3.6089e-06
3.6089e-06
3.6089e-06
3.6089e-06
3.6089e-06
3.6089e-06
3.6089e-06
3.6089e-06
3.6089e-06
3.6089e-06
3.6089e-06
3.6089e-06
3.6089e-06
3.6089e-06
3.6089e-06
3.6089e-06
3.6089e-06
3.6089e-06
3.6089e-06
3.6089e-06
3.6089e-06
3.6089e-06
3.6089e-06
3.6089e-06
3.6089e-06
3.6089e-06
3.6089e-06
3.6089e-06
3.6089e-06
3.6089e-06
3.6089e-06
3.6089e-06
3.6089e-06
3.6089e-06
3.6089e-06
3.6089e-06
3.6089e-06
3.6089e-06
3.6089e-06
3.6089e-06
3.6089e-06
3.6089e-06
3.6089e-06
3.6089e-06
3.6089e-06
3.6089e-06
3.6089e-06
3.6089e-06
3.6089e-06
3.6089e-06
3.6089e-06
3.6089e-06
3.6089e-06
3.6089e-06
3.6089e-06
3.6089e-06
3.6089e-06
3.6089e-06
3.6089e-06
3.6089e-06
3.6089e-06
3.6089e-06
3.6089e-06
3.6089e-06
3.6089e-06
3.6089e-06
3.6089e-06
3.6089e-06
3.6089e-06
3.6089e-06
3.6089e-06
3.6089e-06
3.6089e-06
3.6089e-06
3.6089e-06
3.6089e-06
3.6089e-06
3.6089e-06
3.6089e-06
3.6089e-06
3.6089e-06
3.6089e-06
3.6089e-06
3.6089e-06
3.6089e-06
3.6089e-06
3.6089e-06
3.6089e-06
3.6089e-06
3.6089e-06
3.6089e-06
3.6089e-06
3.6089e-06
3.6089e-06
3.6089e-06
3.6089e-06
3.6089e-06
3.6089e-06
3.6089e-06
3.6089e-06
3.6089e-06
3.6089e-06
3.6089e-06
3.6089e-06
3.6089e-06
3.6089e-06
3.6089e-06
3.6089e-06
3.6089e-06
3.6089e-06
3.6089e-06
3.6089e-06
3.6089e-06
3.6089e-06
3.6089e-06
3.6089e-06
3.6089e-06
3.6089e-06
3.6089e-06
3.6089e-06
3.6089e-06
3.6089e-06
3.6089e-06
3.6089e-06
3.6089e-06
3.6089e-06
3.6089e-06
3.6089e-06
3.6089e-06
3.6089e-06
3.6089e-06
3.6089e-06
3.6089e-06
3.6089e-06
3.6089e-06
3.6089e-06
3.6089e-06
3.6089e-06
3.6089e-06
3.6089e-06
3.6089e-06
3.6089e-06
3.6089e-06
3.6089e-06
3.6089e-06
3.6089e-06
3.6089e-06
3.6089e-06
3.6089e-06
3.6089e-06
3.6089e-06
3.6089e-06
3.6089e-06
3.6089e-06
3.6089e-06
3.6089e-06
3.6089e-06
3.6089e-06
3.6089e-06
3.6089e-06
3.6089e-06
3.6089e-06
3.6089e-06
3.6089e-06
3.6089e-06
3.6089e-06
3.6089e-06
3.6089e-06
3.6089e-06
3.6089e-06
3.6089e-06
3.6089e-06
3.6089e-06
3.6089e-06
3.6089e-06
3.6089e-06
3.6089e-06
3.6089e-06
3.6089e-06
3.6089e-06
3.6089e-06
3.6089e-06
3.6089e-06
3.6089e-06
3.6089e-06
3.6089e-06
3.6089e-06
3.6089e-06
3.6089e-06
3.6089e-06
3.6089e-06
3.6089e-06
3.6089e-06
3.6089e-06
3.6089e-06
3.6089e-06
3.6089e-06
3.6089e-06
3.6089e-06
3.6089e-06
3.6089e-06
3.6089e-06
3.6089e-06
3.6089e-06
3.6089e-06
3.6089e-06
3.6089e-06
3.6089e-06
3.6089e-06
3.6089e-06
3.6089e-06
3.6089e-06
3.6089e-06
3.6089e-06
3.6089e-06
3.6089e-06
3.6089e-06
3.6089e-06
3.6089e-06
3.6089e-06
3.6089e-06
3.6089e-06
3.6089e-06
3.6089e-06
3.6089e-06
3.6089e-06
3.6089e-06
3.6089e-06
3.6089e-06
3.6089e-06
3.6089e-06
3.6089e-06
3.6089e-06
3.6089e-06
3.6089e-06
3.6089e-06
3.6089e-06
3.6089e-06
3.6089e-06
3.6089e-06
3.6089e-06
3.6089e-06
3.6089e-06
3.6089e-06
3.6089e-06
3.6089e-06
3.6089e-06
3.6089e-06
3.6089e-06
3.6089e-06
3.6089e-06
3.6089e-06
3.6089e-06
3.6089e-06
3.6089e-06
3.6089e-06
3.6089e-06
3.6089e-06
3.6089e-06
3.6089e-06
3.6089e-06
3.6089e-06
3.6089e-06
3.6089e-06
3.6089e-06
3.6089e-06
3.6089e-06
3.6089e-06
3.6089e-06
3.6089e-06
3.6089e-06
3.6089e-06
3.6089e-06
3.6089e-06
3.6089e-06
3.6089e-06
3.6089e-06
3.6089e-06
3.6089e-06
3.6089e-06
3.6089e-06
3.6089e-06
3.6089e-06
3.6089e-06
3.6089e-06
3.6089e-06
3.6089e-06
3.6089e-06
3.6089e-06
3.6089e-06
3.6089e-06
3.6089e-06
3.6089e-06
3.6089e-06
3.6089e-06
3.6089e-06
3.6089e-06
3.6089e-06
3.6089e-06
3.6089e-06
3.6089e-06
3.6089e-06
3.6089e-06
3.6089e-06
3.6089e-06
3.6089e-06
3.6089e-06
3.6089e-06
3.6089e-06
3.6089e-06
3.6089e-06
3.6089e-06
3.6089e-06
3.6089e-06
3.6089e-06
3.6089e-06
3.6089e-06
3.6089e-06
3.6089e-06
3.6089e-06
3.6089e-06
3.6089e-06
3.6089e-06
3.6089e-06
3.6089e-06
3.6089e-06
3.6089e-06
3.6089e-06
3.6089e-06
3.6089e-06
3.6089e-06
3.6089e-06
3.6089e-06
3.6089e-06
3.6089e-06
3.6089e-06
3.6089e-06
3.6089e-06
3.6089e-06
3.6089e-06
3.6089e-06
3.6089e-06
3.6089e-06
3.6089e-06
3.6089e-06
3.6089e-06
3.6089e-06
3.6089e-06
3.6089e-06
3.6089e-06
3.6089e-06
3.6089e-06
3.6089e-06
3.6089e-06
3.6089e-06
3.6089e-06
3.6089e-06
3.6089e-06
3.6089e-06
3.6089e-06
3.6089e-06
3.6089e-06
3.6089e-06
3.6089e-06
3.6089e-06
3.6089e-06
3.6089e-06
3.6089e-06
3.6089e-06
3.6089e-06
3.6089e-06
3.6089e-06
3.6089e-06
3.6089e-06
3.6089e-06
3.6089e-06
3.6089e-06
3.6089e-06
3.6089e-06
3.6089e-06
3.6089e-06
3.6089e-06
3.6089e-06
3.6089e-06
3.6089e-06
3.6089e-06
3.6089e-06
3.6089e-06
3.6089e-06
3.6089e-06
3.6089e-06
3.6089e-06
3.6089e-06
3.6089e-06
3.6089e-06
3.6089e-06
3.6089e-06
3.6089e-06
3.6089e-06
3.6089e-06
3.6089e-06
3.6089e-06
3.6089e-06
3.6089e-06
3.6089e-06
3.6089e-06
3.6089e-06
3.6089e-06
3.6089e-06
3.6089e-06
3.6089e-06
3.6089e-06
3.6089e-06
3.6089e-06
3.6089e-06
3.6089e-06
3.6089e-06
3.6089e-06
3.6089e-06
3.6089e-06
3.6089e-06
3.6089e-06
3.6089e-06
3.6089e-06
3.6089e-06
3.6089e-06
3.6089e-06
3.6089e-06
3.6089e-06
3.6089e-06
3.6089e-06
3.6089e-06
3.6089e-06
3.6089e-06
3.6089e-06
3.6089e-06
3.6089e-06
3.6089e-06
3.6089e-06
3.6089e-06
3.6089e-06
3.6089e-06
3.6089e-06
3.6089e-06
3.6089e-06
3.6089e-06
3.6089e-06
3.6089e-06
3.6089e-06
3.6089e-06
3.6089e-06
3.6089e-06
3.6089e-06
3.6089e-06
3.6089e-06
3.6089e-06
3.6089e-06
3.6089e-06
3.6089e-06
3.6089e-06
3.6089e-06
3.6089e-06
3.6089e-06
3.6089e-06
3.6089e-06
3.6089e-06
3.6089e-06
3.6089e-06
3.6089e-06
3.6089e-06
3.6089e-06
3.6089e-06
3.6089e-06
3.6089e-06
3.6089e-06
3.6089e-06
3.6089e-06
3.6089e-06
3.6089e-06
3.6089e-06
3.6089e-06
3.6089e-06
3.6089e-06
3.6089e-06
3.6089e-06
3.6089e-06
3.6089e-06
3.6089e-06
3.6089e-06
3.6089e-06
3.6089e-06
3.6089e-06
3.6089e-06
3.6089e-06
3.6089e-06
3.6089e-06
3.6089e-06
3.6089e-06
3.6089e-06
3.6089e-06
3.6089e-06
3.6089e-06
3.6089e-06
3.6089e-06
3.6089e-06
3.6089e-06
3.6089e-06
3.6089e-06
3.6089e-06
3.6089e-06
3.6089e-06
3.6089e-06
3.6089e-06
3.6089e-06
3.6089e-06
3.6089e-06
3.6089e-06
3.6089e-06
3.6089e-06
3.6089e-06
3.6089e-06
3.6089e-06
3.6089e-06
3.6089e-06
3.6089e-06
3.6089e-06
3.6089e-06
3.6089e-06
3.6089e-06
3.6089e-06
3.6089e-06
3.6089e-06
3.6089e-06
3.6089e-06
3.6089e-06
3.6089e-06
3.6089e-06
3.6089e-06
3.6089e-06
3.6089e-06
3.6089e-06
3.6089e-06
3.6089e-06
3.6089e-06
3.6089e-06
3.6089e-06
3.6089e-06
3.6089e-06
3.6089e-06
3.6089e-06
3.6089e-06
3.6089e-06
3.6089e-06
3.6089e-06
3.6089e-06
3.6089e-06
3.6089e-06
3.6089e-06
3.6089e-06
3.6089e-06
3.6089e-06
3.6089e-06
3.6089e-06
3.6089e-06
3.6089e-06
3.6089e-06
3.6089e-06
3.6089e-06
3.6089e-06
3.6089e-06
3.6089e-06
3.6089e-06
3.6089e-06
3.6089e-06
3.6089e-06
3.6089e-06
3.6089e-06
3.6089e-06
3.6089e-06
3.6089e-06
3.6089e-06
3.6089e-06
3.6089e-06
3.6089e-06
3.6089e-06
3.6089e-06
3.6089e-06
3.6089e-06
3.6089e-06
3.6089e-06
3.6089e-06
3.6089e-06
3.6089e-06
3.6089e-06
3.6089e-06
3.6089e-06
3.6089e-06
3.6089e-06
3.6089e-06
3.6089e-06
3.6089e-06
3.6089e-06
3.6089e-06
3.6089e-06
3.6089e-06
3.6089e-06
3.6089e-06
3.6089e-06
3.6089e-06
3.6089e-06
3.6089e-06
3.6089e-06
3.6089e-06
3.6089e-06
3.6089e-06
3.6089e-06
3.6089e-06
3.6089e-06
3.6089e-06
3.6089e-06
3.6089e-06
3.6089e-06
3.6089e-06
3.6089e-06
3.6089e-06
3.6089e-06
3.6089e-06
3.6089e-06
3.6089e-06
3.6089e-06
3.6089e-06
3.6089e-06
3.6089e-06
3.6089e-06
3.6089e-06
3.6089e-06
3.6089e-06
3.6089e-06
3.6089e-06
3.6089e-06
3.6089e-06
3.6089e-06
3.6089e-06
3.6089e-06
3.6089e-06
3.6089e-06
3.6089e-06
3.6089e-06
3.6089e-06
3.6089e-06
3.6089e-06
3.6089e-06
3.6089e-06
3.6089e-06
3.6089e-06
3.6089e-06
3.6089e-06
3.6089e-06
3.6089e-06
3.6089e-06
3.6089e-06
3.6089e-06
3.6089e-06
3.6089e-06
3.6089e-06
3.6089e-06
3.6089e-06
3.6089e-06
3.6089e-06
3.6089e-06
3.6089e-06
3.6089e-06
3.6089e-06
3.6089e-06
3.6089e-06
3.6089e-06
3.6089e-06
3.6089e-06
3.6089e-06
3.6089e-06
3.6089e-06
3.6089e-06
3.6089e-06
3.6089e-06
3.6089e-06
3.6089e-06
3.6089e-06
3.6089e-06
3.6089e-06
3.6089e-06
3.6089e-06
3.6089e-06
3.6089e-06
3.6089e-06
3.6089e-06
3.6089e-06
3.6089e-06
3.6089e-06
3.6089e-06
3.6089e-06
3.6089e-06
3.6089e-06
3.6089e-06
3.6089e-06
3.6089e-06
3.6089e-06
3.6089e-06
3.6089e-06
3.6089e-06
3.6089e-06
3.6089e-06
3.6089e-06
3.6089e-06
3.6089e-06
3.6089e-06
3.6089e-06
3.6089e-06
3.6089e-06
3.6089e-06
3.6089e-06
3.6089e-06
3.6089e-06
3.6089e-06
3.6089e-06
3.6089e-06
3.6089e-06
3.6089e-06
3.6089e-06
3.6089e-06
3.6089e-06
3.6089e-06
3.6089e-06
3.6089e-06
3.6089e-06
3.6089e-06
3.6089e-06
3.6089e-06
3.6089e-06
3.6089e-06
3.6089e-06
3.6089e-06
3.6089e-06
3.6089e-06
3.6089e-06
3.6089e-06
3.6089e-06
3.6089e-06
3.6089e-06
3.6089e-06
3.6089e-06
3.6089e-06
3.6089e-06
3.6089e-06
3.6089e-06
3.6089e-06
3.6089e-06
3.6089e-06
3.6089e-06
3.6089e-06
3.6089e-06
3.6089e-06
3.6089e-06
3.6089e-06
3.6089e-06
3.6089e-06
3.6089e-06
3.6089e-06
3.6089e-06
3.6089e-06
3.6089e-06
3.6089e-06
3.6089e-06
3.6089e-06
3.6089e-06
3.6089e-06
3.6089e-06
3.6089e-06
3.6089e-06
3.6089e-06
3.6089e-06
3.6089e-06
3.6089e-06
3.6089e-06
3.6089e-06
3.6089e-06
3.6089e-06
3.6089e-06
3.6089e-06
3.6089e-06
3.6089e-06
3.6089e-06
3.6089e-06
3.6089e-06
3.6089e-06
3.6089e-06
3.6089e-06
3.6089e-06
3.6089e-06
3.6089e-06
3.6089e-06
3.6089e-06
3.6089e-06
3.6089e-06
3.6089e-06
3.6089e-06
3.6089e-06
3.6089e-06
3.6089e-06
3.6089e-06
3.6089e-06
3.6089e-06
3.6089e-06
3.6089e-06
3.6089e-06
3.6089e-06
3.6089e-06
3.6089e-06
3.6089e-06
3.6089e-06
3.6089e-06
3.6089e-06
3.6089e-06
3.6089e-06
3.6089e-06
3.6089e-06
3.6089e-06
3.6089e-06
3.6089e-06
3.6089e-06
3.6089e-06
3.6089e-06
3.6089e-06
3.6089e-06
3.6089e-06
3.6089e-06
3.6089e-06
3.6089e-06
3.6089e-06
3.6089e-06
3.6089e-06
3.6089e-06
3.6089e-06
3.6089e-06
3.6089e-06
3.6089e-06
3.6089e-06
3.6089e-06
3.6089e-06
3.6089e-06
3.6089e-06
3.6089e-06
3.6089e-06
3.6089e-06
3.6089e-06
3.6089e-06
3.6089e-06
3.6089e-06
3.6089e-06
3.6089e-06
3.6089e-06
3.6089e-06
3.6089e-06
3.6089e-06
3.6089e-06
3.6089e-06
3.6089e-06
3.6089e-06
3.6089e-06
3.6089e-06
3.6089e-06
3.6089e-06
3.6089e-06
3.6089e-06
3.6089e-06
3.71779e-06
3.71779e-06
3.71779e-06
3.71779e-06
3.71779e-06
3.71779e-06
3.71779e-06
3.71779e-06
3.71779e-06
3.71779e-06
3.71779e-06
3.71779e-06
3.71779e-06
3.71779e-06
3.71779e-06
3.71779e-06
3.71779e-06
3.71779e-06
3.71779e-06
3.71779e-06
3.71779e-06
3.71779e-06
3.71779e-06
3.71779e-06
3.71779e-06
3.71779e-06
3.71779e-06
3.71779e-06
3.71779e-06
3.71779e-06
3.71779e-06
3.71779e-06
3.71779e-06
3.71779e-06
3.71779e-06
3.71779e-06
3.71779e-06
3.71779e-06
3.71779e-06
3.71779e-06
3.71779e-06
3.71779e-06
3.71779e-06
3.71779e-06
3.71779e-06
3.71779e-06
3.71779e-06
3.71779e-06
3.71779e-06
3.71779e-06
3.71779e-06
3.71779e-06
3.71779e-06
3.71779e-06
3.71779e-06
3.71779e-06
3.71779e-06
3.71779e-06
3.71779e-06
3.71779e-06
)
;

boundaryField
{
    top
    {
        type            calculated;
        value           nonuniform List<scalar> 
60
(
3.51418e-06
3.63414e-06
3.65852e-06
3.66689e-06
3.67067e-06
3.67263e-06
3.67374e-06
3.67439e-06
3.67479e-06
3.67505e-06
3.67521e-06
3.67532e-06
3.67539e-06
3.67544e-06
3.67547e-06
3.6755e-06
3.67551e-06
3.67553e-06
3.67553e-06
3.67554e-06
3.67554e-06
3.67555e-06
3.67555e-06
3.67555e-06
3.67555e-06
3.67555e-06
3.67555e-06
3.67555e-06
3.67555e-06
3.67555e-06
3.67555e-06
3.67555e-06
3.67555e-06
3.67555e-06
3.67555e-06
3.67555e-06
3.67555e-06
3.67555e-06
3.67555e-06
3.67555e-06
3.67555e-06
3.67555e-06
3.67555e-06
3.67555e-06
3.67555e-06
3.67555e-06
3.67555e-06
3.67555e-06
3.67555e-06
3.67555e-06
3.67555e-06
3.67555e-06
3.67555e-06
3.67555e-06
3.67555e-06
3.67555e-06
3.67555e-06
3.67555e-06
3.67555e-06
3.67555e-06
)
;
    }
    inlet
    {
        type            calculated;
        value           uniform 3.6089e-06;
    }
    outlet
    {
        type            calculated;
        value           nonuniform List<scalar> 
30
(
3.6089e-06
3.6089e-06
3.6089e-06
3.6089e-06
3.6089e-06
3.6089e-06
3.6089e-06
3.6089e-06
3.6089e-06
3.6089e-06
3.6089e-06
3.6089e-06
3.6089e-06
3.6089e-06
3.6089e-06
3.6089e-06
3.6089e-06
3.6089e-06
3.6089e-06
3.6089e-06
3.6089e-06
3.6089e-06
3.6089e-06
3.6089e-06
3.6089e-06
3.6089e-06
3.6089e-06
3.6089e-06
3.6089e-06
3.71779e-06
)
;
    }
    bottom
    {
        type            symmetryPlane;
    }
    frontAndBack
    {
        type            empty;
    }
}


// ************************************************************************* //
