/*--------------------------------*- C++ -*----------------------------------*\
| =========                 |                                                 |
| \\      /  F ield         | OpenFOAM: The Open Source CFD Toolbox           |
|  \\    /   O peration     | Version:  2412                                  |
|   \\  /    A nd           | Website:  www.openfoam.com                      |
|    \\/     M anipulation  |                                                 |
\*---------------------------------------------------------------------------*/
FoamFile
{
    version     2.0;
    format      ascii;
    arch        "LSB;label=32;scalar=64";
    class       volVectorField;
    location    "0.035064";
    object      U;
}
// * * * * * * * * * * * * * * * * * * * * * * * * * * * * * * * * * * * * * //

dimensions      [0 1 -1 0 0 0 0];

internalField   nonuniform List<vector> 
100
(
(1.87297 0 0)
(5.77104 0 0)
(9.51496 0 0)
(13.463 0 0)
(17.1266 0 0)
(21.1922 0 0)
(24.7229 0 0)
(28.9028 0 0)
(32.3477 0 0)
(36.523 0 0)
(40.1012 0 0)
(44.0815 0 0)
(47.9359 0 0)
(51.6776 0 0)
(55.7431 0 0)
(59.2971 0 0)
(63.4293 0 0)
(66.9671 0 0)
(71.08 0 0)
(74.6959 0 0)
(78.753 0 0)
(82.4554 0 0)
(86.433 0 0)
(90.1932 0 0)
(94.0999 0 0)
(97.8914 0 0)
(101.754 0 0)
(105.556 0 0)
(109.377 0 0)
(113.161 0 0)
(116.953 0 0)
(120.726 0 0)
(124.522 0 0)
(128.275 0 0)
(132.028 0 0)
(135.73 0 0)
(139.393 0 0)
(143.076 0 0)
(146.588 0 0)
(150.234 0 0)
(153.949 0 0)
(126.755 0 0)
(-65.6883 0 0)
(-132.062 0 0)
(-126.805 0 0)
(-111.817 0 0)
(-107.834 0 0)
(-108.655 0 0)
(-109.016 0 0)
(-109.962 0 0)
(-109.515 0 0)
(-106.386 0 0)
(-100.209 0 0)
(-94.1975 0 0)
(-92.0726 0 0)
(-91.6883 0 0)
(-90.8645 0 0)
(-90.9536 0 0)
(-90.5501 0 0)
(-88.8461 0 0)
(-83.6636 0 0)
(-75.0726 0 0)
(-68.8416 0 0)
(-63.448 0 0)
(-65.3751 0 0)
(-64.7001 0 0)
(-64.0359 0 0)
(-63.2536 0 0)
(-58.8081 0 0)
(-58.4433 0 0)
(-51.5416 0 0)
(-50.8119 0 0)
(-47.7931 0 0)
(-47.6403 0 0)
(-47.3376 0 0)
(-40.5686 0 0)
(-35.299 0 0)
(-29.8795 0 0)
(-31.2373 0 0)
(-31.7309 0 0)
(-30.7378 0 0)
(-27.535 0 0)
(-21.1718 0 0)
(-11.7449 0 0)
(1.30249 0 0)
(6.40631 0 0)
(5.98387 0 0)
(3.25585 0 0)
(4.31309 0 0)
(3.66586 0 0)
(2.75586 0 0)
(2.07294 0 0)
(1.09733 0 0)
(0.190486 0 0)
(-1.34387 0 0)
(-3.07609 0 0)
(-3.62585 0 0)
(-3.19721 0 0)
(-1.21308 0 0)
(-0.623692 0 0)
)
;

boundaryField
{
    sides
    {
        type            fixedValue;
        value           uniform (0 0 0);
    }
    empty
    {
        type            empty;
    }
}


// ************************************************************************* //
