/*--------------------------------*- C++ -*----------------------------------*\
| =========                 |                                                 |
| \\      /  F ield         | OpenFOAM: The Open Source CFD Toolbox           |
|  \\    /   O peration     | Version:  2412                                  |
|   \\  /    A nd           | Website:  www.openfoam.com                      |
|    \\/     M anipulation  |                                                 |
\*---------------------------------------------------------------------------*/
FoamFile
{
    version     2.0;
    format      ascii;
    arch        "LSB;label=32;scalar=64";
    class       volVectorField;
    location    "0.0173413";
    object      U;
}
// * * * * * * * * * * * * * * * * * * * * * * * * * * * * * * * * * * * * * //

dimensions      [0 1 -1 0 0 0 0];

internalField   nonuniform List<vector> 
100
(
(4.27428 0 0)
(12.8669 0 0)
(23.1225 0 0)
(34.0935 0 0)
(46.6578 0 0)
(60.0178 0 0)
(72.4428 0 0)
(82.4331 0 0)
(90.6286 0 0)
(96.0978 0 0)
(100.128 0 0)
(104.174 0 0)
(108.719 0 0)
(113.636 0 0)
(118.627 0 0)
(123.588 0 0)
(128.461 0 0)
(133.395 0 0)
(138.178 0 0)
(143.203 0 0)
(147.807 0 0)
(152.976 0 0)
(157.385 0 0)
(162.644 0 0)
(167.126 0 0)
(172.171 0 0)
(177.01 0 0)
(181.657 0 0)
(186.713 0 0)
(191.203 0 0)
(196.339 0 0)
(200.776 0 0)
(205.922 0 0)
(210.508 0 0)
(215.579 0 0)
(220.236 0 0)
(225.253 0 0)
(230.076 0 0)
(235.03 0 0)
(239.832 0 0)
(244.663 0 0)
(249.54 0 0)
(254.436 0 0)
(259.159 0 0)
(263.598 0 0)
(268.371 0 0)
(273.017 0 0)
(276.626 0 0)
(280.252 0 0)
(283.374 0 0)
(284.6 0 0)
(284.805 0 0)
(283.208 0 0)
(281.817 0 0)
(282.054 0 0)
(285.425 0 0)
(286.706 0 0)
(280.331 0 0)
(277.912 0 0)
(282.448 0 0)
(289.353 0 0)
(289.04 0 0)
(276.568 0 0)
(274.71 0 0)
(283.876 0 0)
(292.089 0 0)
(289.714 0 0)
(274.525 0 0)
(273.788 0 0)
(281.785 0 0)
(291.764 0 0)
(290.85 0 0)
(276.785 0 0)
(274.118 0 0)
(277.577 0 0)
(289.51 0 0)
(289.106 0 0)
(283.779 0 0)
(274.638 0 0)
(275.262 0 0)
(280.667 0 0)
(289.036 0 0)
(293.275 0 0)
(202.363 0 0)
(47.2554 0 0)
(4.11808 0 0)
(25.3922 0 0)
(12.2058 0 0)
(0.0675843 0 0)
(8.40726 0 0)
(15.4593 0 0)
(19.0917 0 0)
(18.3214 0 0)
(19.8979 0 0)
(23.1482 0 0)
(25.3465 0 0)
(23.4453 0 0)
(18.1954 0 0)
(10.8442 0 0)
(1.0463 0 0)
)
;

boundaryField
{
    sides
    {
        type            fixedValue;
        value           uniform (0 0 0);
    }
    empty
    {
        type            empty;
    }
}


// ************************************************************************* //
