/*--------------------------------*- C++ -*----------------------------------*\
| =========                 |                                                 |
| \\      /  F ield         | OpenFOAM: The Open Source CFD Toolbox           |
|  \\    /   O peration     | Version:  2412                                  |
|   \\  /    A nd           | Website:  www.openfoam.com                      |
|    \\/     M anipulation  |                                                 |
\*---------------------------------------------------------------------------*/
FoamFile
{
    version     2.0;
    format      ascii;
    arch        "LSB;label=32;scalar=64";
    class       volVectorField;
    location    "0.0474611";
    object      U;
}
// * * * * * * * * * * * * * * * * * * * * * * * * * * * * * * * * * * * * * //

dimensions      [0 1 -1 0 0 0 0];

internalField   nonuniform List<vector> 
100
(
(31.2881 0 0)
(57.8948 0 0)
(9.60424 0 0)
(-143.086 0 0)
(-228.704 0 0)
(-229.666 0 0)
(-242.671 0 0)
(-248.752 0 0)
(-247.667 0 0)
(-245.057 0 0)
(-240.05 0 0)
(-230.059 0 0)
(-225.701 0 0)
(-224.021 0 0)
(-224.449 0 0)
(-228.334 0 0)
(-229.124 0 0)
(-227.788 0 0)
(-223.793 0 0)
(-214.414 0 0)
(-208.604 0 0)
(-206.937 0 0)
(-207.558 0 0)
(-213.152 0 0)
(-214.44 0 0)
(-212.922 0 0)
(-207.99 0 0)
(-197.46 0 0)
(-191.1 0 0)
(-189.039 0 0)
(-190.566 0 0)
(-201.66 0 0)
(-206.929 0 0)
(-205.909 0 0)
(-202.795 0 0)
(-191.265 0 0)
(-175.298 0 0)
(-168.776 0 0)
(-166.601 0 0)
(-165.972 0 0)
(-169.821 0 0)
(-177.857 0 0)
(-179.778 0 0)
(-178.543 0 0)
(-176.153 0 0)
(-172.111 0 0)
(-168.48 0 0)
(-166.383 0 0)
(-164.094 0 0)
(-159.938 0 0)
(-155.641 0 0)
(-153.532 0 0)
(-152.78 0 0)
(-153.745 0 0)
(-154.501 0 0)
(-153.499 0 0)
(-150.223 0 0)
(-143.95 0 0)
(-139.325 0 0)
(-137.724 0 0)
(-142.132 0 0)
(-156.602 0 0)
(-162.57 0 0)
(-162.011 0 0)
(-159.369 0 0)
(-151.088 0 0)
(-131.044 0 0)
(-113.262 0 0)
(-104.2 0 0)
(-99.092 0 0)
(-96.2521 0 0)
(-92.257 0 0)
(-89.4057 0 0)
(-86.8538 0 0)
(-85.7466 0 0)
(-84.669 0 0)
(-83.3297 0 0)
(-83.2558 0 0)
(-80.1049 0 0)
(-76.9139 0 0)
(-70.8773 0 0)
(-65.3104 0 0)
(-59.7364 0 0)
(-54.9084 0 0)
(-52.2867 0 0)
(-49.8658 0 0)
(-49.2945 0 0)
(-47.0415 0 0)
(-44.1165 0 0)
(-40.0147 0 0)
(-36.1187 0 0)
(-31.7336 0 0)
(-27.6636 0 0)
(-23.306 0 0)
(-19.7167 0 0)
(-16.2229 0 0)
(-12.3753 0 0)
(-9.10787 0 0)
(-5.21525 0 0)
(-2.01748 0 0)
)
;

boundaryField
{
    sides
    {
        type            fixedValue;
        value           uniform (0 0 0);
    }
    empty
    {
        type            empty;
    }
}


// ************************************************************************* //
