/*--------------------------------*- C++ -*----------------------------------*\
| =========                 |                                                 |
| \\      /  F ield         | OpenFOAM: The Open Source CFD Toolbox           |
|  \\    /   O peration     | Version:  2412                                  |
|   \\  /    A nd           | Website:  www.openfoam.com                      |
|    \\/     M anipulation  |                                                 |
\*---------------------------------------------------------------------------*/
FoamFile
{
    version     2.0;
    format      ascii;
    arch        "LSB;label=32;scalar=64";
    class       volVectorField;
    location    "0.00756496";
    object      U;
}
// * * * * * * * * * * * * * * * * * * * * * * * * * * * * * * * * * * * * * //

dimensions      [0 1 -1 0 0 0 0];

internalField   nonuniform List<vector> 
100
(
(1.03224e-14 0 0)
(5.54863e-14 0 0)
(-1.07811e-14 0 0)
(-9.53895e-15 0 0)
(-7.22733e-14 0 0)
(-8.70458e-14 0 0)
(-7.33935e-14 0 0)
(-1.32087e-13 0 0)
(-9.00598e-14 0 0)
(-2.09003e-13 0 0)
(-2.1014e-13 0 0)
(-1.96307e-13 0 0)
(-9.72572e-14 0 0)
(7.38246e-14 0 0)
(9.91523e-14 0 0)
(6.12451e-14 0 0)
(1.2088e-13 0 0)
(1.46735e-13 0 0)
(2.10508e-13 0 0)
(5.67033e-11 0 0)
(2.61234e-08 0 0)
(8.43573e-06 0 0)
(0.00147925 0 0)
(0.100353 0 0)
(1.87639 0 0)
(10.2338 0 0)
(24.8837 0 0)
(39.9576 0 0)
(53.0818 0 0)
(64.7695 0 0)
(75.8031 0 0)
(86.6427 0 0)
(97.3793 0 0)
(108.287 0 0)
(118.88 0 0)
(130.214 0 0)
(140.253 0 0)
(152.203 0 0)
(161.818 0 0)
(172.891 0 0)
(184.018 0 0)
(193.128 0 0)
(204.724 0 0)
(214.59 0 0)
(226.341 0 0)
(236.496 0 0)
(245.885 0 0)
(257.262 0 0)
(269.567 0 0)
(278.896 0 0)
(279.402 0 0)
(280.393 0 0)
(283.748 0 0)
(288.38 0 0)
(287.081 0 0)
(277.291 0 0)
(277.156 0 0)
(284.149 0 0)
(289.32 0 0)
(287.607 0 0)
(278.691 0 0)
(278.551 0 0)
(281.488 0 0)
(287.426 0 0)
(286.054 0 0)
(284 0 0)
(278.425 0 0)
(278.015 0 0)
(280.297 0 0)
(283.545 0 0)
(282.865 0 0)
(279.23 0 0)
(281.049 0 0)
(283.031 0 0)
(284.25 0 0)
(283.519 0 0)
(278.833 0 0)
(276.858 0 0)
(276.846 0 0)
(277.527 0 0)
(281.619 0 0)
(283.637 0 0)
(283.675 0 0)
(284.72 0 0)
(290.609 0 0)
(284.89 0 0)
(189.361 0 0)
(15.3383 0 0)
(0.0439491 0 0)
(1.33412e-05 0 0)
(1.14009e-09 0 0)
(-7.18555e-14 0 0)
(-1.87931e-13 0 0)
(-2.01874e-13 0 0)
(-1.39268e-13 0 0)
(-2.37713e-13 0 0)
(-1.51313e-13 0 0)
(1.89315e-14 0 0)
(1.08862e-13 0 0)
(6.52308e-14 0 0)
)
;

boundaryField
{
    sides
    {
        type            fixedValue;
        value           uniform (0 0 0);
    }
    empty
    {
        type            empty;
    }
}


// ************************************************************************* //
