/*--------------------------------*- C++ -*----------------------------------*\
| =========                 |                                                 |
| \\      /  F ield         | OpenFOAM: The Open Source CFD Toolbox           |
|  \\    /   O peration     | Version:  2412                                  |
|   \\  /    A nd           | Website:  www.openfoam.com                      |
|    \\/     M anipulation  |                                                 |
\*---------------------------------------------------------------------------*/
FoamFile
{
    version     2.0;
    format      ascii;
    arch        "LSB;label=32;scalar=64";
    class       volVectorField;
    location    "0.0463061";
    object      U;
}
// * * * * * * * * * * * * * * * * * * * * * * * * * * * * * * * * * * * * * //

dimensions      [0 1 -1 0 0 0 0];

internalField   nonuniform List<vector> 
100
(
(-173.313 0 0)
(-226.04 0 0)
(-260.461 0 0)
(-261.194 0 0)
(-260.285 0 0)
(-257.917 0 0)
(-249.863 0 0)
(-228.882 0 0)
(-218.568 0 0)
(-215.504 0 0)
(-214.266 0 0)
(-214.553 0 0)
(-225.548 0 0)
(-234.183 0 0)
(-233.949 0 0)
(-232.253 0 0)
(-228.209 0 0)
(-219.47 0 0)
(-213.475 0 0)
(-211.638 0 0)
(-211.254 0 0)
(-214.473 0 0)
(-215.427 0 0)
(-214.109 0 0)
(-210.005 0 0)
(-200.985 0 0)
(-195.078 0 0)
(-193.025 0 0)
(-193.888 0 0)
(-198.598 0 0)
(-199.418 0 0)
(-197.628 0 0)
(-192.125 0 0)
(-182.14 0 0)
(-177.028 0 0)
(-175.381 0 0)
(-178.766 0 0)
(-189.016 0 0)
(-192.068 0 0)
(-190.608 0 0)
(-185.983 0 0)
(-172.427 0 0)
(-159.61 0 0)
(-154.828 0 0)
(-153.248 0 0)
(-153.777 0 0)
(-159.658 0 0)
(-164.686 0 0)
(-164.816 0 0)
(-163.329 0 0)
(-160.182 0 0)
(-156.026 0 0)
(-153.163 0 0)
(-151.305 0 0)
(-148.252 0 0)
(-143.819 0 0)
(-140.34 0 0)
(-139.062 0 0)
(-138.998 0 0)
(-139.876 0 0)
(-139.368 0 0)
(-137.038 0 0)
(-131.633 0 0)
(-126.168 0 0)
(-123.788 0 0)
(-125.344 0 0)
(-136.848 0 0)
(-145.727 0 0)
(-146.44 0 0)
(-143.664 0 0)
(-138.084 0 0)
(-120.379 0 0)
(-102.124 0 0)
(-90.6716 0 0)
(-84.9886 0 0)
(-81.7192 0 0)
(-77.2554 0 0)
(-75.0663 0 0)
(-72.2049 0 0)
(-71.6995 0 0)
(-69.9415 0 0)
(-68.797 0 0)
(-68.0549 0 0)
(-64.4 0 0)
(-59.6019 0 0)
(-53.0597 0 0)
(-48.4271 0 0)
(-43.8329 0 0)
(-40.2356 0 0)
(-36.5486 0 0)
(-34.4014 0 0)
(-32.1381 0 0)
(-30.042 0 0)
(-26.5026 0 0)
(-22.4024 0 0)
(-18.204 0 0)
(-13.7043 0 0)
(-9.92996 0 0)
(-5.66529 0 0)
(-2.0342 0 0)
)
;

boundaryField
{
    sides
    {
        type            fixedValue;
        value           uniform (0 0 0);
    }
    empty
    {
        type            empty;
    }
}


// ************************************************************************* //
