/*--------------------------------*- C++ -*----------------------------------*\
| =========                 |                                                 |
| \\      /  F ield         | OpenFOAM: The Open Source CFD Toolbox           |
|  \\    /   O peration     | Version:  2412                                  |
|   \\  /    A nd           | Website:  www.openfoam.com                      |
|    \\/     M anipulation  |                                                 |
\*---------------------------------------------------------------------------*/
FoamFile
{
    version     2.0;
    format      ascii;
    arch        "LSB;label=32;scalar=64";
    class       volVectorField;
    location    "0.0178516";
    object      U;
}
// * * * * * * * * * * * * * * * * * * * * * * * * * * * * * * * * * * * * * //

dimensions      [0 1 -1 0 0 0 0];

internalField   nonuniform List<vector> 
100
(
(3.99193 0 0)
(12.6363 0 0)
(21.254 0 0)
(29.9567 0 0)
(39.7012 0 0)
(50.4816 0 0)
(62.6408 0 0)
(75.547 0 0)
(87.6838 0 0)
(97.6743 0 0)
(106.006 0 0)
(111.643 0 0)
(115.488 0 0)
(119.18 0 0)
(123.367 0 0)
(128.12 0 0)
(133.002 0 0)
(137.947 0 0)
(142.563 0 0)
(147.479 0 0)
(151.856 0 0)
(156.925 0 0)
(161.2 0 0)
(166.278 0 0)
(170.75 0 0)
(175.518 0 0)
(180.322 0 0)
(184.768 0 0)
(189.708 0 0)
(194.05 0 0)
(199.066 0 0)
(203.408 0 0)
(208.374 0 0)
(212.869 0 0)
(217.803 0 0)
(222.372 0 0)
(227.2 0 0)
(231.887 0 0)
(236.713 0 0)
(241.432 0 0)
(246.125 0 0)
(250.753 0 0)
(255.48 0 0)
(260.218 0 0)
(264.682 0 0)
(268.831 0 0)
(273.452 0 0)
(277.56 0 0)
(280.428 0 0)
(283.034 0 0)
(284.474 0 0)
(284.441 0 0)
(284.181 0 0)
(283.107 0 0)
(281.502 0 0)
(281.502 0 0)
(285.794 0 0)
(287.332 0 0)
(280.903 0 0)
(277.426 0 0)
(280.909 0 0)
(289.607 0 0)
(290.738 0 0)
(277.166 0 0)
(274.284 0 0)
(281.134 0 0)
(291.82 0 0)
(291.584 0 0)
(275.737 0 0)
(273.695 0 0)
(279.157 0 0)
(291.295 0 0)
(291.361 0 0)
(279.563 0 0)
(273.278 0 0)
(275.475 0 0)
(288.584 0 0)
(289.127 0 0)
(285.961 0 0)
(275.088 0 0)
(276.719 0 0)
(276.682 0 0)
(196.794 0 0)
(47.6929 0 0)
(-1.16324 0 0)
(18.3081 0 0)
(34.9974 0 0)
(18.9274 0 0)
(8.40147 0 0)
(5.72756 0 0)
(2.35401 0 0)
(8.32791 0 0)
(15.6333 0 0)
(18.8792 0 0)
(19.2217 0 0)
(20.1903 0 0)
(21.9554 0 0)
(21.7288 0 0)
(19.6726 0 0)
(6.87019 0 0)
)
;

boundaryField
{
    sides
    {
        type            fixedValue;
        value           uniform (0 0 0);
    }
    empty
    {
        type            empty;
    }
}


// ************************************************************************* //
