/*--------------------------------*- C++ -*----------------------------------*\
| =========                 |                                                 |
| \\      /  F ield         | OpenFOAM: The Open Source CFD Toolbox           |
|  \\    /   O peration     | Version:  2412                                  |
|   \\  /    A nd           | Website:  www.openfoam.com                      |
|    \\/     M anipulation  |                                                 |
\*---------------------------------------------------------------------------*/
FoamFile
{
    version     2.0;
    format      ascii;
    arch        "LSB;label=32;scalar=64";
    class       volVectorField;
    location    "0.0159901";
    object      U;
}
// * * * * * * * * * * * * * * * * * * * * * * * * * * * * * * * * * * * * * //

dimensions      [0 1 -1 0 0 0 0];

internalField   nonuniform List<vector> 
100
(
(10.1067 0 0)
(27.6497 0 0)
(39.2187 0 0)
(47.0634 0 0)
(52.4343 0 0)
(57.2476 0 0)
(62.1956 0 0)
(67.3468 0 0)
(72.5851 0 0)
(77.836 0 0)
(83.0845 0 0)
(88.335 0 0)
(93.5911 0 0)
(98.8542 0 0)
(104.123 0 0)
(109.403 0 0)
(114.684 0 0)
(119.988 0 0)
(125.259 0 0)
(130.605 0 0)
(135.799 0 0)
(141.236 0 0)
(146.228 0 0)
(151.826 0 0)
(156.592 0 0)
(162.295 0 0)
(167.137 0 0)
(172.568 0 0)
(177.836 0 0)
(182.8 0 0)
(188.295 0 0)
(193.136 0 0)
(198.705 0 0)
(203.501 0 0)
(209.063 0 0)
(214.063 0 0)
(219.541 0 0)
(224.592 0 0)
(229.997 0 0)
(235.252 0 0)
(240.606 0 0)
(245.761 0 0)
(250.908 0 0)
(256.204 0 0)
(261.353 0 0)
(266.083 0 0)
(270.985 0 0)
(275.919 0 0)
(279.724 0 0)
(282.26 0 0)
(283.93 0 0)
(284.259 0 0)
(284.751 0 0)
(284.922 0 0)
(281.417 0 0)
(279.751 0 0)
(282.762 0 0)
(287.956 0 0)
(287.662 0 0)
(277.59 0 0)
(275.638 0 0)
(284.214 0 0)
(291.115 0 0)
(288.613 0 0)
(275.378 0 0)
(274.245 0 0)
(283.777 0 0)
(291.539 0 0)
(289.59 0 0)
(276.061 0 0)
(275.489 0 0)
(279.953 0 0)
(289.69 0 0)
(289.337 0 0)
(280.713 0 0)
(274.615 0 0)
(275.937 0 0)
(285.169 0 0)
(288.769 0 0)
(287.492 0 0)
(278.923 0 0)
(274.82 0 0)
(277.901 0 0)
(279.512 0 0)
(288.675 0 0)
(288.909 0 0)
(159.726 0 0)
(44.297 0 0)
(2.67002 0 0)
(25.4498 0 0)
(26.774 0 0)
(20.988 0 0)
(17.2243 0 0)
(13.3693 0 0)
(6.92557 0 0)
(5.08583 0 0)
(2.46553 0 0)
(0.847462 0 0)
(1.19164 0 0)
(-3.53248 0 0)
)
;

boundaryField
{
    sides
    {
        type            fixedValue;
        value           uniform (0 0 0);
    }
    empty
    {
        type            empty;
    }
}


// ************************************************************************* //
