/*--------------------------------*- C++ -*----------------------------------*\
| =========                 |                                                 |
| \\      /  F ield         | OpenFOAM: The Open Source CFD Toolbox           |
|  \\    /   O peration     | Version:  2412                                  |
|   \\  /    A nd           | Website:  www.openfoam.com                      |
|    \\/     M anipulation  |                                                 |
\*---------------------------------------------------------------------------*/
FoamFile
{
    version     2.0;
    format      ascii;
    arch        "LSB;label=32;scalar=64";
    class       volVectorField;
    location    "0.0445803";
    object      U;
}
// * * * * * * * * * * * * * * * * * * * * * * * * * * * * * * * * * * * * * //

dimensions      [0 1 -1 0 0 0 0];

internalField   nonuniform List<vector> 
100
(
(1.42014 0 0)
(4.17897 0 0)
(7.16455 0 0)
(10.666 0 0)
(13.1834 0 0)
(-44.9075 0 0)
(-206.281 0 0)
(-239.132 0 0)
(-231.357 0 0)
(-223.592 0 0)
(-225.807 0 0)
(-238.64 0 0)
(-240.356 0 0)
(-238.706 0 0)
(-236.071 0 0)
(-231.819 0 0)
(-215.264 0 0)
(-201.304 0 0)
(-197.271 0 0)
(-196.018 0 0)
(-196.156 0 0)
(-204.481 0 0)
(-211.841 0 0)
(-211.796 0 0)
(-209.941 0 0)
(-206.483 0 0)
(-198.483 0 0)
(-192.478 0 0)
(-190.163 0 0)
(-189.849 0 0)
(-192.205 0 0)
(-192.655 0 0)
(-190.959 0 0)
(-185.825 0 0)
(-177.337 0 0)
(-173.118 0 0)
(-171.817 0 0)
(-174.245 0 0)
(-177.402 0 0)
(-176.765 0 0)
(-173.602 0 0)
(-165.522 0 0)
(-158.085 0 0)
(-155.204 0 0)
(-155.624 0 0)
(-163.151 0 0)
(-168.728 0 0)
(-168.203 0 0)
(-165.135 0 0)
(-155.34 0 0)
(-141.596 0 0)
(-135.457 0 0)
(-133.317 0 0)
(-133.437 0 0)
(-137.478 0 0)
(-141.583 0 0)
(-141.747 0 0)
(-140.484 0 0)
(-137.643 0 0)
(-133.768 0 0)
(-130.763 0 0)
(-129.05 0 0)
(-126.066 0 0)
(-121.679 0 0)
(-118.033 0 0)
(-116.746 0 0)
(-116.703 0 0)
(-116.699 0 0)
(-116.328 0 0)
(-112.276 0 0)
(-107.438 0 0)
(-102.641 0 0)
(-101.56 0 0)
(-105.43 0 0)
(-116.441 0 0)
(-122.066 0 0)
(-119.667 0 0)
(-117.498 0 0)
(-105.83 0 0)
(-87.9243 0 0)
(-72.4082 0 0)
(-63.5164 0 0)
(-60.4285 0 0)
(-56.0486 0 0)
(-52.9867 0 0)
(-50.2027 0 0)
(-49.423 0 0)
(-47.9882 0 0)
(-46.5802 0 0)
(-43.8616 0 0)
(-39.6692 0 0)
(-34.3098 0 0)
(-28.8808 0 0)
(-23.4364 0 0)
(-18.3085 0 0)
(-14.2493 0 0)
(-11.0472 0 0)
(-8.81194 0 0)
(-5.60612 0 0)
(-1.45359 0 0)
)
;

boundaryField
{
    sides
    {
        type            fixedValue;
        value           uniform (0 0 0);
    }
    empty
    {
        type            empty;
    }
}


// ************************************************************************* //
