/*--------------------------------*- C++ -*----------------------------------*\
| =========                 |                                                 |
| \\      /  F ield         | OpenFOAM: The Open Source CFD Toolbox           |
|  \\    /   O peration     | Version:  2412                                  |
|   \\  /    A nd           | Website:  www.openfoam.com                      |
|    \\/     M anipulation  |                                                 |
\*---------------------------------------------------------------------------*/
FoamFile
{
    version     2.0;
    format      ascii;
    arch        "LSB;label=32;scalar=64";
    class       volVectorField;
    location    "0.00510603";
    object      U;
}
// * * * * * * * * * * * * * * * * * * * * * * * * * * * * * * * * * * * * * //

dimensions      [0 1 -1 0 0 0 0];

internalField   nonuniform List<vector> 
100
(
(-2.23632e-14 0 0)
(1.52462e-14 0 0)
(-3.50421e-14 0 0)
(-9.22152e-14 0 0)
(-8.05687e-14 0 0)
(-1.77438e-13 0 0)
(-2.60966e-13 0 0)
(-1.97132e-13 0 0)
(-1.15382e-13 0 0)
(-1.27076e-13 0 0)
(-1.03529e-13 0 0)
(-8.18001e-14 0 0)
(-7.28918e-14 0 0)
(-9.75173e-14 0 0)
(-4.80187e-14 0 0)
(3.19275e-15 0 0)
(3.04677e-14 0 0)
(-1.64311e-14 0 0)
(-9.1603e-16 0 0)
(1.068e-13 0 0)
(2.18377e-13 0 0)
(2.57076e-13 0 0)
(2.24264e-13 0 0)
(1.98949e-13 0 0)
(2.6137e-13 0 0)
(2.62738e-13 0 0)
(6.8675e-13 0 0)
(2.61778e-10 0 0)
(1.13807e-07 0 0)
(3.29806e-05 0 0)
(0.0048329 0 0)
(0.252863 0 0)
(3.53416 0 0)
(15.6762 0 0)
(34.4471 0 0)
(53.4746 0 0)
(70.7318 0 0)
(87.0138 0 0)
(102.43 0 0)
(118.738 0 0)
(133.246 0 0)
(150.857 0 0)
(164.728 0 0)
(179.474 0 0)
(197.125 0 0)
(209.648 0 0)
(223.986 0 0)
(241.005 0 0)
(259.895 0 0)
(271.025 0 0)
(275.478 0 0)
(281.27 0 0)
(289.201 0 0)
(288.429 0 0)
(281.802 0 0)
(277.937 0 0)
(280.919 0 0)
(288.392 0 0)
(287.634 0 0)
(283.172 0 0)
(277.653 0 0)
(277.934 0 0)
(281.542 0 0)
(279.63 0 0)
(276.862 0 0)
(279.982 0 0)
(283.484 0 0)
(286.377 0 0)
(286.076 0 0)
(279.484 0 0)
(274.468 0 0)
(275.976 0 0)
(289.296 0 0)
(289.198 0 0)
(213.429 0 0)
(25.7739 0 0)
(0.103596 0 0)
(3.44491e-05 0 0)
(2.90671e-09 0 0)
(3.66683e-13 0 0)
(-1.18154e-13 0 0)
(-1.95441e-13 0 0)
(-1.09359e-13 0 0)
(-1.25446e-13 0 0)
(-1.62142e-13 0 0)
(-2.10878e-13 0 0)
(-1.13724e-13 0 0)
(-3.47475e-14 0 0)
(-2.1662e-13 0 0)
(-3.27327e-13 0 0)
(-2.34895e-13 0 0)
(-2.03817e-13 0 0)
(-1.87751e-13 0 0)
(-2.514e-13 0 0)
(-2.82214e-13 0 0)
(-3.59141e-13 0 0)
(-2.81141e-13 0 0)
(-1.61498e-13 0 0)
(-1.63067e-13 0 0)
(-1.34976e-13 0 0)
)
;

boundaryField
{
    sides
    {
        type            fixedValue;
        value           uniform (0 0 0);
    }
    empty
    {
        type            empty;
    }
}


// ************************************************************************* //
