/*--------------------------------*- C++ -*----------------------------------*\
| =========                 |                                                 |
| \\      /  F ield         | OpenFOAM: The Open Source CFD Toolbox           |
|  \\    /   O peration     | Version:  2412                                  |
|   \\  /    A nd           | Website:  www.openfoam.com                      |
|    \\/     M anipulation  |                                                 |
\*---------------------------------------------------------------------------*/
FoamFile
{
    version     2.0;
    format      ascii;
    arch        "LSB;label=32;scalar=64";
    class       volVectorField;
    location    "0.00299445";
    object      U;
}
// * * * * * * * * * * * * * * * * * * * * * * * * * * * * * * * * * * * * * //

dimensions      [0 1 -1 0 0 0 0];

internalField   nonuniform List<vector> 
100
(
(9.49126e-15 0 0)
(3.84626e-14 0 0)
(5.18461e-14 0 0)
(-1.96786e-14 0 0)
(-7.52931e-15 0 0)
(9.55586e-15 0 0)
(-4.17617e-14 0 0)
(2.08217e-14 0 0)
(5.20845e-14 0 0)
(-1.47267e-14 0 0)
(-2.39113e-14 0 0)
(-3.35573e-14 0 0)
(-4.04872e-14 0 0)
(-9.04034e-15 0 0)
(3.20904e-14 0 0)
(-1.31384e-14 0 0)
(-2.61585e-14 0 0)
(4.83705e-14 0 0)
(-8.57058e-15 0 0)
(9.62064e-15 0 0)
(-7.76775e-15 0 0)
(-6.06815e-16 0 0)
(1.61255e-14 0 0)
(1.51299e-14 0 0)
(1.08017e-13 0 0)
(9.2548e-14 0 0)
(1.91022e-13 0 0)
(1.50823e-13 0 0)
(9.54938e-14 0 0)
(1.1737e-13 0 0)
(1.10265e-13 0 0)
(4.83568e-14 0 0)
(-1.65565e-14 0 0)
(1.62421e-12 0 0)
(1.07834e-09 0 0)
(5.09444e-07 0 0)
(0.000144344 0 0)
(0.0183586 0 0)
(0.737469 0 0)
(7.64477 0 0)
(27.5664 0 0)
(54.9763 0 0)
(81.7464 0 0)
(109.293 0 0)
(131.996 0 0)
(160.695 0 0)
(183.942 0 0)
(203.999 0 0)
(236.939 0 0)
(262.164 0 0)
(272.471 0 0)
(281.441 0 0)
(287.91 0 0)
(287.577 0 0)
(282.335 0 0)
(277.35 0 0)
(280.146 0 0)
(281.335 0 0)
(273.837 0 0)
(274.944 0 0)
(277.771 0 0)
(287.499 0 0)
(301.755 0 0)
(286.469 0 0)
(143.475 0 0)
(4.51406 0 0)
(0.005912 0 0)
(1.1057e-06 0 0)
(9.53641e-11 0 0)
(2.62487e-13 0 0)
(1.03791e-13 0 0)
(-7.85358e-14 0 0)
(-9.79652e-14 0 0)
(1.59443e-14 0 0)
(9.09383e-14 0 0)
(8.37282e-14 0 0)
(-4.86962e-14 0 0)
(-2.7768e-14 0 0)
(-4.09247e-14 0 0)
(-2.25858e-14 0 0)
(-2.78061e-14 0 0)
(-1.57212e-13 0 0)
(-1.06635e-13 0 0)
(6.26642e-14 0 0)
(1.3096e-13 0 0)
(-2.77985e-14 0 0)
(-2.06075e-13 0 0)
(-2.32978e-13 0 0)
(-1.53383e-13 0 0)
(-6.60404e-14 0 0)
(-1.62371e-13 0 0)
(-1.18063e-13 0 0)
(1.14194e-15 0 0)
(-1.3305e-13 0 0)
(-5.80236e-14 0 0)
(-2.03813e-14 0 0)
(-6.20216e-14 0 0)
(-2.05324e-14 0 0)
(-4.22289e-14 0 0)
(-9.24541e-14 0 0)
)
;

boundaryField
{
    sides
    {
        type            fixedValue;
        value           uniform (0 0 0);
    }
    empty
    {
        type            empty;
    }
}


// ************************************************************************* //
