/*--------------------------------*- C++ -*----------------------------------*\
| =========                 |                                                 |
| \\      /  F ield         | OpenFOAM: The Open Source CFD Toolbox           |
|  \\    /   O peration     | Version:  2412                                  |
|   \\  /    A nd           | Website:  www.openfoam.com                      |
|    \\/     M anipulation  |                                                 |
\*---------------------------------------------------------------------------*/
FoamFile
{
    version     2.0;
    format      ascii;
    arch        "LSB;label=32;scalar=64";
    class       volVectorField;
    location    "0.00706049";
    object      U;
}
// * * * * * * * * * * * * * * * * * * * * * * * * * * * * * * * * * * * * * //

dimensions      [0 1 -1 0 0 0 0];

internalField   nonuniform List<vector> 
100
(
(-4.70906e-14 0 0)
(-8.34922e-14 0 0)
(-1.08711e-13 0 0)
(-5.85059e-14 0 0)
(-1.37469e-13 0 0)
(-6.27748e-14 0 0)
(-9.79389e-14 0 0)
(-1.07529e-13 0 0)
(-1.87964e-13 0 0)
(-2.25298e-13 0 0)
(-2.59142e-13 0 0)
(-1.87942e-13 0 0)
(-9.73791e-14 0 0)
(8.35536e-15 0 0)
(8.27178e-14 0 0)
(1.10242e-13 0 0)
(1.53571e-13 0 0)
(1.46734e-13 0 0)
(1.28861e-13 0 0)
(1.14527e-13 0 0)
(1.66836e-12 0 0)
(7.18482e-10 0 0)
(2.93279e-07 0 0)
(7.68368e-05 0 0)
(0.00958502 0 0)
(0.397816 0 0)
(4.35485 0 0)
(16.2269 0 0)
(32.2219 0 0)
(47.2159 0 0)
(60.3453 0 0)
(72.4161 0 0)
(84.0385 0 0)
(95.6144 0 0)
(107.009 0 0)
(118.858 0 0)
(129.878 0 0)
(142.426 0 0)
(152.728 0 0)
(165.234 0 0)
(176.279 0 0)
(186.496 0 0)
(199.016 0 0)
(209.378 0 0)
(221.69 0 0)
(231.162 0 0)
(243.947 0 0)
(256.38 0 0)
(267.559 0 0)
(271.902 0 0)
(277.907 0 0)
(286.597 0 0)
(289.859 0 0)
(286.38 0 0)
(277.488 0 0)
(277.439 0 0)
(285.953 0 0)
(289.22 0 0)
(285.739 0 0)
(278.069 0 0)
(277.431 0 0)
(283.227 0 0)
(287.606 0 0)
(285.852 0 0)
(282.809 0 0)
(278.386 0 0)
(279.042 0 0)
(282.147 0 0)
(282.001 0 0)
(280.371 0 0)
(282.745 0 0)
(284.551 0 0)
(283.468 0 0)
(278.528 0 0)
(277.004 0 0)
(277.108 0 0)
(277.56 0 0)
(281.607 0 0)
(284.451 0 0)
(283.837 0 0)
(282.912 0 0)
(285.462 0 0)
(289.299 0 0)
(263.332 0 0)
(100.475 0 0)
(1.82718 0 0)
(0.0016827 0 0)
(2.5953e-07 0 0)
(2.54676e-11 0 0)
(-2.1213e-13 0 0)
(-1.69774e-13 0 0)
(-2.53096e-13 0 0)
(-3.38316e-13 0 0)
(-3.44944e-13 0 0)
(-3.32234e-13 0 0)
(-2.44865e-13 0 0)
(-1.15704e-13 0 0)
(-3.13617e-14 0 0)
(3.74995e-14 0 0)
(1.51681e-14 0 0)
)
;

boundaryField
{
    sides
    {
        type            fixedValue;
        value           uniform (0 0 0);
    }
    empty
    {
        type            empty;
    }
}


// ************************************************************************* //
