/*--------------------------------*- C++ -*----------------------------------*\
| =========                 |                                                 |
| \\      /  F ield         | OpenFOAM: The Open Source CFD Toolbox           |
|  \\    /   O peration     | Version:  2412                                  |
|   \\  /    A nd           | Website:  www.openfoam.com                      |
|    \\/     M anipulation  |                                                 |
\*---------------------------------------------------------------------------*/
FoamFile
{
    version     2.0;
    format      ascii;
    arch        "LSB;label=32;scalar=64";
    class       volVectorField;
    location    "0.015412";
    object      U;
}
// * * * * * * * * * * * * * * * * * * * * * * * * * * * * * * * * * * * * * //

dimensions      [0 1 -1 0 0 0 0];

internalField   nonuniform List<vector> 
100
(
(3.79414 0 0)
(17.3736 0 0)
(28.2227 0 0)
(36.3068 0 0)
(42.7225 0 0)
(48.4078 0 0)
(53.8308 0 0)
(59.1957 0 0)
(64.5731 0 0)
(69.9749 0 0)
(75.395 0 0)
(80.8264 0 0)
(86.2652 0 0)
(91.7105 0 0)
(97.1617 0 0)
(102.622 0 0)
(108.087 0 0)
(113.568 0 0)
(119.04 0 0)
(124.556 0 0)
(129.99 0 0)
(135.574 0 0)
(140.86 0 0)
(146.584 0 0)
(151.61 0 0)
(157.508 0 0)
(162.428 0 0)
(168.233 0 0)
(173.499 0 0)
(178.799 0 0)
(184.456 0 0)
(189.476 0 0)
(195.209 0 0)
(200.189 0 0)
(205.997 0 0)
(211.079 0 0)
(216.749 0 0)
(221.987 0 0)
(227.672 0 0)
(233.052 0 0)
(238.538 0 0)
(243.884 0 0)
(249.411 0 0)
(254.848 0 0)
(259.959 0 0)
(265.138 0 0)
(270.466 0 0)
(275.05 0 0)
(278.694 0 0)
(282.161 0 0)
(284.815 0 0)
(285.47 0 0)
(284.552 0 0)
(281.349 0 0)
(279.896 0 0)
(284.782 0 0)
(287.601 0 0)
(284.776 0 0)
(277.442 0 0)
(276.162 0 0)
(288.168 0 0)
(290.403 0 0)
(284.425 0 0)
(275.171 0 0)
(274.773 0 0)
(289.434 0 0)
(290.911 0 0)
(285.336 0 0)
(275.289 0 0)
(274.731 0 0)
(285.073 0 0)
(290.106 0 0)
(287.854 0 0)
(276.822 0 0)
(276.102 0 0)
(278.177 0 0)
(288.018 0 0)
(287.811 0 0)
(285.7 0 0)
(276.361 0 0)
(276.201 0 0)
(276.679 0 0)
(284.347 0 0)
(288.274 0 0)
(284.06 0 0)
(282.246 0 0)
(280.356 0 0)
(176.668 0 0)
(38.4571 0 0)
(5.83844 0 0)
(19.9964 0 0)
(13.7334 0 0)
(5.11257 0 0)
(4.23636 0 0)
(3.35103 0 0)
(3.00999 0 0)
(0.645693 0 0)
(0.332208 0 0)
(1.75813 0 0)
(-2.355 0 0)
)
;

boundaryField
{
    sides
    {
        type            fixedValue;
        value           uniform (0 0 0);
    }
    empty
    {
        type            empty;
    }
}


// ************************************************************************* //
