/*--------------------------------*- C++ -*----------------------------------*\
| =========                 |                                                 |
| \\      /  F ield         | OpenFOAM: The Open Source CFD Toolbox           |
|  \\    /   O peration     | Version:  2412                                  |
|   \\  /    A nd           | Website:  www.openfoam.com                      |
|    \\/     M anipulation  |                                                 |
\*---------------------------------------------------------------------------*/
FoamFile
{
    version     2.0;
    format      ascii;
    arch        "LSB;label=32;scalar=64";
    class       volVectorField;
    location    "0.0525999";
    object      U;
}
// * * * * * * * * * * * * * * * * * * * * * * * * * * * * * * * * * * * * * //

dimensions      [0 1 -1 0 0 0 0];

internalField   nonuniform List<vector> 
100
(
(1.16945 0 0)
(-11.5401 0 0)
(-6.1902 0 0)
(2.24094 0 0)
(10.6664 0 0)
(7.59948 0 0)
(-0.129761 0 0)
(-13.0902 0 0)
(-16.8368 0 0)
(-9.09441 0 0)
(5.04369 0 0)
(12.3164 0 0)
(3.86811 0 0)
(-0.84858 0 0)
(1.26012 0 0)
(-41.5298 0 0)
(-169.279 0 0)
(-238.438 0 0)
(-235.575 0 0)
(-228.273 0 0)
(-225.639 0 0)
(-223.88 0 0)
(-221.695 0 0)
(-216.687 0 0)
(-212.58 0 0)
(-210.804 0 0)
(-209.691 0 0)
(-211.294 0 0)
(-214.77 0 0)
(-214.729 0 0)
(-212.83 0 0)
(-208.244 0 0)
(-199.94 0 0)
(-196.156 0 0)
(-195.099 0 0)
(-206.42 0 0)
(-226.041 0 0)
(-229.134 0 0)
(-227.563 0 0)
(-225.352 0 0)
(-218.112 0 0)
(-193.359 0 0)
(-169.32 0 0)
(-160.747 0 0)
(-158.035 0 0)
(-157.124 0 0)
(-155.898 0 0)
(-153.199 0 0)
(-148.779 0 0)
(-144.982 0 0)
(-143.185 0 0)
(-142.288 0 0)
(-141.518 0 0)
(-141.574 0 0)
(-142.167 0 0)
(-142.117 0 0)
(-141.353 0 0)
(-139.698 0 0)
(-135.214 0 0)
(-125.71 0 0)
(-117.411 0 0)
(-112.413 0 0)
(-109.18 0 0)
(-107.622 0 0)
(-106.861 0 0)
(-106.372 0 0)
(-106.015 0 0)
(-105.34 0 0)
(-102.993 0 0)
(-98.5881 0 0)
(-92.9723 0 0)
(-88.3823 0 0)
(-84.8748 0 0)
(-81.9525 0 0)
(-79.4633 0 0)
(-76.2197 0 0)
(-73.3495 0 0)
(-69.8616 0 0)
(-66.7617 0 0)
(-63.8904 0 0)
(-59.8078 0 0)
(-57.3483 0 0)
(-53.809 0 0)
(-51.5321 0 0)
(-48.6084 0 0)
(-45.4429 0 0)
(-42.3557 0 0)
(-38.5047 0 0)
(-35.981 0 0)
(-32.3353 0 0)
(-29.3203 0 0)
(-25.6754 0 0)
(-22.7241 0 0)
(-19.5396 0 0)
(-16.6721 0 0)
(-14.0669 0 0)
(-11.2894 0 0)
(-8.73754 0 0)
(-5.28275 0 0)
(-2.00228 0 0)
)
;

boundaryField
{
    sides
    {
        type            fixedValue;
        value           uniform (0 0 0);
    }
    empty
    {
        type            empty;
    }
}


// ************************************************************************* //
