/*--------------------------------*- C++ -*----------------------------------*\
| =========                 |                                                 |
| \\      /  F ield         | OpenFOAM: The Open Source CFD Toolbox           |
|  \\    /   O peration     | Version:  2412                                  |
|   \\  /    A nd           | Website:  www.openfoam.com                      |
|    \\/     M anipulation  |                                                 |
\*---------------------------------------------------------------------------*/
FoamFile
{
    version     2.0;
    format      ascii;
    arch        "LSB;label=32;scalar=64";
    class       volVectorField;
    location    "0.0290884";
    object      U;
}
// * * * * * * * * * * * * * * * * * * * * * * * * * * * * * * * * * * * * * //

dimensions      [0 1 -1 0 0 0 0];

internalField   nonuniform List<vector> 
100
(
(2.38884 0 0)
(7.20607 0 0)
(11.9723 0 0)
(16.7742 0 0)
(21.5066 0 0)
(26.341 0 0)
(31.0026 0 0)
(35.9194 0 0)
(40.4561 0 0)
(45.5137 0 0)
(49.9251 0 0)
(55.0326 0 0)
(59.5097 0 0)
(64.5144 0 0)
(69.2526 0 0)
(74.0304 0 0)
(79.0047 0 0)
(83.5864 0 0)
(88.6764 0 0)
(93.2044 0 0)
(98.3023 0 0)
(102.883 0 0)
(107.931 0 0)
(112.598 0 0)
(117.571 0 0)
(122.296 0 0)
(127.208 0 0)
(131.984 0 0)
(136.856 0 0)
(141.653 0 0)
(146.498 0 0)
(151.307 0 0)
(156.131 0 0)
(160.936 0 0)
(165.743 0 0)
(170.548 0 0)
(175.336 0 0)
(180.117 0 0)
(184.924 0 0)
(189.717 0 0)
(194.351 0 0)
(198.924 0 0)
(203.578 0 0)
(208.049 0 0)
(212.328 0 0)
(216.647 0 0)
(220.831 0 0)
(224.333 0 0)
(226.882 0 0)
(228.695 0 0)
(230.682 0 0)
(232.603 0 0)
(234.51 0 0)
(236.252 0 0)
(237.193 0 0)
(237.857 0 0)
(238.57 0 0)
(242.639 0 0)
(250.165 0 0)
(119.477 0 0)
(-20.8753 0 0)
(-42.0988 0 0)
(-33.2062 0 0)
(-17.521 0 0)
(-7.80144 0 0)
(4.26929 0 0)
(10.1243 0 0)
(7.55362 0 0)
(8.64913 0 0)
(0.115584 0 0)
(5.39651 0 0)
(0.487153 0 0)
(-1.70523 0 0)
(-0.356401 0 0)
(-5.68093 0 0)
(0.915239 0 0)
(0.999399 0 0)
(5.00926 0 0)
(2.9433 0 0)
(-2.04839 0 0)
(-3.87644 0 0)
(-5.91327 0 0)
(-1.3664 0 0)
(4.0759 0 0)
(5.55979 0 0)
(4.88389 0 0)
(0.0109334 0 0)
(-3.5563 0 0)
(-4.30884 0 0)
(-1.7414 0 0)
(1.48849 0 0)
(3.53924 0 0)
(2.72069 0 0)
(-1.265 0 0)
(-4.24676 0 0)
(-4.43386 0 0)
(-1.27687 0 0)
(2.00902 0 0)
(4.2159 0 0)
(1.50038 0 0)
)
;

boundaryField
{
    sides
    {
        type            fixedValue;
        value           uniform (0 0 0);
    }
    empty
    {
        type            empty;
    }
}


// ************************************************************************* //
