/*--------------------------------*- C++ -*----------------------------------*\
| =========                 |                                                 |
| \\      /  F ield         | OpenFOAM: The Open Source CFD Toolbox           |
|  \\    /   O peration     | Version:  2412                                  |
|   \\  /    A nd           | Website:  www.openfoam.com                      |
|    \\/     M anipulation  |                                                 |
\*---------------------------------------------------------------------------*/
FoamFile
{
    version     2.0;
    format      ascii;
    arch        "LSB;label=32;scalar=64";
    class       volVectorField;
    location    "0.0492481";
    object      U;
}
// * * * * * * * * * * * * * * * * * * * * * * * * * * * * * * * * * * * * * //

dimensions      [0 1 -1 0 0 0 0];

internalField   nonuniform List<vector> 
100
(
(-9.8468 0 0)
(-32.1571 0 0)
(-33.3041 0 0)
(-19.5144 0 0)
(4.90126 0 0)
(24.0142 0 0)
(23.244 0 0)
(-43.5216 0 0)
(-213.987 0 0)
(-239.82 0 0)
(-230.312 0 0)
(-226.302 0 0)
(-225.642 0 0)
(-229.322 0 0)
(-234.905 0 0)
(-234.664 0 0)
(-232.913 0 0)
(-225.643 0 0)
(-214.518 0 0)
(-210.231 0 0)
(-208.769 0 0)
(-213.257 0 0)
(-226.496 0 0)
(-230.069 0 0)
(-228.469 0 0)
(-225.142 0 0)
(-210.481 0 0)
(-193.788 0 0)
(-187.987 0 0)
(-186.251 0 0)
(-185.25 0 0)
(-189.004 0 0)
(-199.115 0 0)
(-202.109 0 0)
(-200.794 0 0)
(-198.341 0 0)
(-193.908 0 0)
(-189.908 0 0)
(-187.593 0 0)
(-185.417 0 0)
(-181.5 0 0)
(-176.993 0 0)
(-174.516 0 0)
(-173.448 0 0)
(-174.045 0 0)
(-175.982 0 0)
(-175.592 0 0)
(-173.633 0 0)
(-168.46 0 0)
(-161.92 0 0)
(-158.998 0 0)
(-159.188 0 0)
(-171.23 0 0)
(-184.977 0 0)
(-186.66 0 0)
(-185.123 0 0)
(-181.458 0 0)
(-168.392 0 0)
(-145.122 0 0)
(-130.039 0 0)
(-123.751 0 0)
(-120.364 0 0)
(-117.454 0 0)
(-114.261 0 0)
(-110.693 0 0)
(-107.992 0 0)
(-106.75 0 0)
(-106.008 0 0)
(-105.463 0 0)
(-104.875 0 0)
(-104.461 0 0)
(-102.022 0 0)
(-98.0124 0 0)
(-90.8149 0 0)
(-84.718 0 0)
(-79.1853 0 0)
(-74.9341 0 0)
(-72.6346 0 0)
(-70.5418 0 0)
(-70.1893 0 0)
(-68.0873 0 0)
(-66.7768 0 0)
(-61.9704 0 0)
(-57.5988 0 0)
(-53.4985 0 0)
(-49.5373 0 0)
(-47.143 0 0)
(-43.088 0 0)
(-39.4857 0 0)
(-35.4138 0 0)
(-31.9905 0 0)
(-28.4137 0 0)
(-25.1263 0 0)
(-21.5662 0 0)
(-18.3543 0 0)
(-15.327 0 0)
(-12.0868 0 0)
(-9.10973 0 0)
(-5.27977 0 0)
(-1.93636 0 0)
)
;

boundaryField
{
    sides
    {
        type            fixedValue;
        value           uniform (0 0 0);
    }
    empty
    {
        type            empty;
    }
}


// ************************************************************************* //
