/*--------------------------------*- C++ -*----------------------------------*\
| =========                 |                                                 |
| \\      /  F ield         | OpenFOAM: The Open Source CFD Toolbox           |
|  \\    /   O peration     | Version:  2412                                  |
|   \\  /    A nd           | Website:  www.openfoam.com                      |
|    \\/     M anipulation  |                                                 |
\*---------------------------------------------------------------------------*/
FoamFile
{
    version     2.0;
    format      ascii;
    arch        "LSB;label=32;scalar=64";
    class       volVectorField;
    location    "0.0404851";
    object      U;
}
// * * * * * * * * * * * * * * * * * * * * * * * * * * * * * * * * * * * * * //

dimensions      [0 1 -1 0 0 0 0];

internalField   nonuniform List<vector> 
100
(
(1.51782 0 0)
(4.68049 0 0)
(7.89998 0 0)
(11.195 0 0)
(14.5415 0 0)
(17.9086 0 0)
(21.2655 0 0)
(24.5816 0 0)
(27.8442 0 0)
(31.0614 0 0)
(34.2341 0 0)
(37.3666 0 0)
(40.4686 0 0)
(43.5824 0 0)
(46.7468 0 0)
(49.9671 0 0)
(53.2258 0 0)
(56.5144 0 0)
(59.8044 0 0)
(63.16 0 0)
(66.9469 0 0)
(69.7249 0 0)
(-7.13565 0 0)
(-175.986 0 0)
(-206.026 0 0)
(-200.066 0 0)
(-188.841 0 0)
(-181.582 0 0)
(-175.421 0 0)
(-171.943 0 0)
(-170.734 0 0)
(-173.888 0 0)
(-180.926 0 0)
(-182.096 0 0)
(-180.698 0 0)
(-178.377 0 0)
(-171.167 0 0)
(-156.419 0 0)
(-148.291 0 0)
(-145.525 0 0)
(-145.208 0 0)
(-148.526 0 0)
(-152.872 0 0)
(-153.339 0 0)
(-152.086 0 0)
(-149.994 0 0)
(-144.949 0 0)
(-138.944 0 0)
(-136.047 0 0)
(-135.705 0 0)
(-136.286 0 0)
(-135.538 0 0)
(-132.086 0 0)
(-125.373 0 0)
(-119.715 0 0)
(-117.85 0 0)
(-118.498 0 0)
(-119.791 0 0)
(-118.96 0 0)
(-115.198 0 0)
(-108.085 0 0)
(-102.491 0 0)
(-100.517 0 0)
(-102.413 0 0)
(-107.357 0 0)
(-108.222 0 0)
(-107.227 0 0)
(-99.4944 0 0)
(-89.5663 0 0)
(-82.0471 0 0)
(-78.8395 0 0)
(-79.8373 0 0)
(-80.3666 0 0)
(-82.8075 0 0)
(-80.8728 0 0)
(-80.7982 0 0)
(-77.3908 0 0)
(-73.6315 0 0)
(-72.1379 0 0)
(-68.713 0 0)
(-66.2444 0 0)
(-61.5845 0 0)
(-59.1855 0 0)
(-57.0807 0 0)
(-56.3493 0 0)
(-55.1978 0 0)
(-53.4191 0 0)
(-48.1671 0 0)
(-45.5585 0 0)
(-47.4496 0 0)
(-52.0658 0 0)
(-56.4179 0 0)
(-57.729 0 0)
(-55.0125 0 0)
(-48.9794 0 0)
(-36.6271 0 0)
(-22.9058 0 0)
(-12.9076 0 0)
(-5.22616 0 0)
(-6.05955 0 0)
)
;

boundaryField
{
    sides
    {
        type            fixedValue;
        value           uniform (0 0 0);
    }
    empty
    {
        type            empty;
    }
}


// ************************************************************************* //
