/*--------------------------------*- C++ -*----------------------------------*\
| =========                 |                                                 |
| \\      /  F ield         | OpenFOAM: The Open Source CFD Toolbox           |
|  \\    /   O peration     | Version:  2412                                  |
|   \\  /    A nd           | Website:  www.openfoam.com                      |
|    \\/     M anipulation  |                                                 |
\*---------------------------------------------------------------------------*/
FoamFile
{
    version     2.0;
    format      ascii;
    arch        "LSB;label=32;scalar=64";
    class       volVectorField;
    location    "0.0143177";
    object      U;
}
// * * * * * * * * * * * * * * * * * * * * * * * * * * * * * * * * * * * * * //

dimensions      [0 1 -1 0 0 0 0];

internalField   nonuniform List<vector> 
100
(
(4.84037e-05 0 0)
(0.00684078 0 0)
(0.294169 0 0)
(3.29828 0 0)
(12.2651 0 0)
(23.7445 0 0)
(33.5023 0 0)
(41.1277 0 0)
(47.5543 0 0)
(53.4932 0 0)
(59.2901 0 0)
(65.0734 0 0)
(70.8752 0 0)
(76.6953 0 0)
(82.528 0 0)
(88.3699 0 0)
(94.2191 0 0)
(100.078 0 0)
(105.943 0 0)
(111.828 0 0)
(117.701 0 0)
(123.628 0 0)
(129.455 0 0)
(135.47 0 0)
(141.115 0 0)
(147.303 0 0)
(152.655 0 0)
(159.02 0 0)
(164.326 0 0)
(170.464 0 0)
(176.249 0 0)
(181.774 0 0)
(187.91 0 0)
(193.279 0 0)
(199.457 0 0)
(204.79 0 0)
(211.015 0 0)
(216.575 0 0)
(222.637 0 0)
(228.262 0 0)
(234.33 0 0)
(240.183 0 0)
(246.018 0 0)
(251.687 0 0)
(257.526 0 0)
(263.199 0 0)
(268.174 0 0)
(273.77 0 0)
(278.809 0 0)
(282.61 0 0)
(283.671 0 0)
(283.304 0 0)
(282.52 0 0)
(285.276 0 0)
(286.725 0 0)
(281.039 0 0)
(277.952 0 0)
(281.028 0 0)
(288.976 0 0)
(290.048 0 0)
(277.988 0 0)
(275.502 0 0)
(280.9 0 0)
(290.41 0 0)
(290.582 0 0)
(277.793 0 0)
(275.075 0 0)
(279.109 0 0)
(289.33 0 0)
(289.251 0 0)
(282.305 0 0)
(276.18 0 0)
(277.252 0 0)
(286.193 0 0)
(288.795 0 0)
(287.012 0 0)
(277.87 0 0)
(275.533 0 0)
(276.963 0 0)
(281.876 0 0)
(288.07 0 0)
(285.25 0 0)
(283.38 0 0)
(281.17 0 0)
(279.023 0 0)
(279.476 0 0)
(280.838 0 0)
(283.763 0 0)
(284.115 0 0)
(234.521 0 0)
(44.3327 0 0)
(-5.65378 0 0)
(-1.4243 0 0)
(1.82405 0 0)
(2.94494 0 0)
(4.12083 0 0)
(0.932618 0 0)
(0.850116 0 0)
(1.99778 0 0)
(-4.715 0 0)
)
;

boundaryField
{
    sides
    {
        type            fixedValue;
        value           uniform (0 0 0);
    }
    empty
    {
        type            empty;
    }
}


// ************************************************************************* //
