/*--------------------------------*- C++ -*----------------------------------*\
| =========                 |                                                 |
| \\      /  F ield         | OpenFOAM: The Open Source CFD Toolbox           |
|  \\    /   O peration     | Version:  2412                                  |
|   \\  /    A nd           | Website:  www.openfoam.com                      |
|    \\/     M anipulation  |                                                 |
\*---------------------------------------------------------------------------*/
FoamFile
{
    version     2.0;
    format      ascii;
    arch        "LSB;label=32;scalar=64";
    class       volVectorField;
    location    "0.0481444";
    object      U;
}
// * * * * * * * * * * * * * * * * * * * * * * * * * * * * * * * * * * * * * //

dimensions      [0 1 -1 0 0 0 0];

internalField   nonuniform List<vector> 
100
(
(41.3779 0 0)
(24.8417 0 0)
(39.408 0 0)
(43.1603 0 0)
(-25.1063 0 0)
(-209.246 0 0)
(-252.323 0 0)
(-240.285 0 0)
(-234.165 0 0)
(-231.608 0 0)
(-231.223 0 0)
(-234.4 0 0)
(-236.978 0 0)
(-235.86 0 0)
(-233.741 0 0)
(-225.889 0 0)
(-217.616 0 0)
(-214.929 0 0)
(-214.143 0 0)
(-218.572 0 0)
(-222.536 0 0)
(-221.969 0 0)
(-219.278 0 0)
(-210.993 0 0)
(-201.226 0 0)
(-197.897 0 0)
(-196.896 0 0)
(-204.029 0 0)
(-214.549 0 0)
(-215.663 0 0)
(-213.697 0 0)
(-207.884 0 0)
(-191.043 0 0)
(-178.802 0 0)
(-174.874 0 0)
(-173.555 0 0)
(-173.814 0 0)
(-181.09 0 0)
(-187.939 0 0)
(-188.174 0 0)
(-186.469 0 0)
(-183.198 0 0)
(-178.833 0 0)
(-175.723 0 0)
(-173.73 0 0)
(-170.827 0 0)
(-166.343 0 0)
(-162.757 0 0)
(-161.195 0 0)
(-160.884 0 0)
(-162.444 0 0)
(-162.787 0 0)
(-161.406 0 0)
(-157.351 0 0)
(-150.755 0 0)
(-146.851 0 0)
(-145.885 0 0)
(-153.201 0 0)
(-168.075 0 0)
(-172.118 0 0)
(-170.914 0 0)
(-167.965 0 0)
(-157.896 0 0)
(-136.29 0 0)
(-119.486 0 0)
(-111.64 0 0)
(-107.44 0 0)
(-104.069 0 0)
(-100.987 0 0)
(-97.5066 0 0)
(-95.1159 0 0)
(-93.6312 0 0)
(-93.19 0 0)
(-92.0865 0 0)
(-91.6061 0 0)
(-90.3619 0 0)
(-86.4102 0 0)
(-81.4465 0 0)
(-74.1448 0 0)
(-69.3102 0 0)
(-63.7398 0 0)
(-61.0655 0 0)
(-58.9326 0 0)
(-57.589 0 0)
(-56.6721 0 0)
(-53.5554 0 0)
(-50.4723 0 0)
(-45.6228 0 0)
(-41.5992 0 0)
(-37.2916 0 0)
(-33.6467 0 0)
(-30.0148 0 0)
(-26.8971 0 0)
(-23.1587 0 0)
(-19.4976 0 0)
(-15.7424 0 0)
(-11.8052 0 0)
(-8.5675 0 0)
(-4.73862 0 0)
(-1.82244 0 0)
)
;

boundaryField
{
    sides
    {
        type            fixedValue;
        value           uniform (0 0 0);
    }
    empty
    {
        type            empty;
    }
}


// ************************************************************************* //
