/*--------------------------------*- C++ -*----------------------------------*\
| =========                 |                                                 |
| \\      /  F ield         | OpenFOAM: The Open Source CFD Toolbox           |
|  \\    /   O peration     | Version:  2412                                  |
|   \\  /    A nd           | Website:  www.openfoam.com                      |
|    \\/     M anipulation  |                                                 |
\*---------------------------------------------------------------------------*/
FoamFile
{
    version     2.0;
    format      ascii;
    arch        "LSB;label=32;scalar=64";
    class       volVectorField;
    location    "0.0417265";
    object      U;
}
// * * * * * * * * * * * * * * * * * * * * * * * * * * * * * * * * * * * * * //

dimensions      [0 1 -1 0 0 0 0];

internalField   nonuniform List<vector> 
100
(
(1.65559 0 0)
(5.07181 0 0)
(8.35522 0 0)
(11.5505 0 0)
(14.6572 0 0)
(17.6974 0 0)
(20.707 0 0)
(23.7198 0 0)
(26.7672 0 0)
(29.8189 0 0)
(32.8906 0 0)
(35.9769 0 0)
(39.0631 0 0)
(42.1228 0 0)
(45.2623 0 0)
(48.8004 0 0)
(51.4602 0 0)
(-17.1375 0 0)
(-190.632 0 0)
(-223.706 0 0)
(-211.492 0 0)
(-193.849 0 0)
(-189.478 0 0)
(-188.097 0 0)
(-187.231 0 0)
(-192.03 0 0)
(-199.565 0 0)
(-200.163 0 0)
(-198.67 0 0)
(-196.374 0 0)
(-187.863 0 0)
(-171.898 0 0)
(-163.955 0 0)
(-161.358 0 0)
(-160.732 0 0)
(-164.496 0 0)
(-170.781 0 0)
(-171.812 0 0)
(-170.445 0 0)
(-168.281 0 0)
(-163.133 0 0)
(-156.699 0 0)
(-153.597 0 0)
(-152.924 0 0)
(-154.171 0 0)
(-154.018 0 0)
(-151.708 0 0)
(-145.611 0 0)
(-138.609 0 0)
(-135.532 0 0)
(-135.514 0 0)
(-137.71 0 0)
(-138.071 0 0)
(-135.985 0 0)
(-130.226 0 0)
(-122.545 0 0)
(-118.689 0 0)
(-118.333 0 0)
(-122.764 0 0)
(-127.387 0 0)
(-127.108 0 0)
(-123.872 0 0)
(-115.123 0 0)
(-103.775 0 0)
(-98.2922 0 0)
(-95.965 0 0)
(-97.3517 0 0)
(-99.5085 0 0)
(-101.223 0 0)
(-99.9717 0 0)
(-98.6924 0 0)
(-95.9213 0 0)
(-91.4491 0 0)
(-90.4059 0 0)
(-86.5344 0 0)
(-84.7355 0 0)
(-79.6988 0 0)
(-77.3913 0 0)
(-76.6581 0 0)
(-75.8694 0 0)
(-76.3615 0 0)
(-72.3119 0 0)
(-67.1574 0 0)
(-63.0957 0 0)
(-63.1727 0 0)
(-66.6009 0 0)
(-73.0308 0 0)
(-77.1126 0 0)
(-78.4024 0 0)
(-70.6604 0 0)
(-54.3055 0 0)
(-39.1996 0 0)
(-29.6205 0 0)
(-23.4796 0 0)
(-18.377 0 0)
(-13.6572 0 0)
(-9.42613 0 0)
(-6.16768 0 0)
(-3.00538 0 0)
(-0.315863 0 0)
)
;

boundaryField
{
    sides
    {
        type            fixedValue;
        value           uniform (0 0 0);
    }
    empty
    {
        type            empty;
    }
}


// ************************************************************************* //
