/*--------------------------------*- C++ -*----------------------------------*\
| =========                 |                                                 |
| \\      /  F ield         | OpenFOAM: The Open Source CFD Toolbox           |
|  \\    /   O peration     | Version:  2412                                  |
|   \\  /    A nd           | Website:  www.openfoam.com                      |
|    \\/     M anipulation  |                                                 |
\*---------------------------------------------------------------------------*/
FoamFile
{
    version     2.0;
    format      ascii;
    arch        "LSB;label=32;scalar=64";
    class       volVectorField;
    location    "0.0448606";
    object      U;
}
// * * * * * * * * * * * * * * * * * * * * * * * * * * * * * * * * * * * * * //

dimensions      [0 1 -1 0 0 0 0];

internalField   nonuniform List<vector> 
100
(
(1.35492 0 0)
(4.29858 0 0)
(7.70364 0 0)
(8.97151 0 0)
(-85.5318 0 0)
(-222.892 0 0)
(-241.281 0 0)
(-232.156 0 0)
(-227.814 0 0)
(-235.128 0 0)
(-243.582 0 0)
(-243.123 0 0)
(-241.108 0 0)
(-238.454 0 0)
(-228.457 0 0)
(-210.162 0 0)
(-201.869 0 0)
(-199.7 0 0)
(-198.543 0 0)
(-202.074 0 0)
(-212.638 0 0)
(-216.204 0 0)
(-214.914 0 0)
(-212.843 0 0)
(-207.1 0 0)
(-198.75 0 0)
(-194.77 0 0)
(-193.309 0 0)
(-194.298 0 0)
(-196.471 0 0)
(-195.672 0 0)
(-193.075 0 0)
(-185.839 0 0)
(-178.559 0 0)
(-175.792 0 0)
(-175.725 0 0)
(-179.517 0 0)
(-181.187 0 0)
(-179.688 0 0)
(-174.897 0 0)
(-165.631 0 0)
(-160.09 0 0)
(-158.199 0 0)
(-160.824 0 0)
(-169.735 0 0)
(-172.787 0 0)
(-171.403 0 0)
(-166.768 0 0)
(-154.039 0 0)
(-142.277 0 0)
(-137.858 0 0)
(-136.469 0 0)
(-137.527 0 0)
(-142.741 0 0)
(-145.818 0 0)
(-145.323 0 0)
(-143.705 0 0)
(-140.377 0 0)
(-136.434 0 0)
(-133.99 0 0)
(-132.1 0 0)
(-128.706 0 0)
(-124.144 0 0)
(-121.246 0 0)
(-120.316 0 0)
(-120.454 0 0)
(-120.632 0 0)
(-119.136 0 0)
(-115.747 0 0)
(-109.542 0 0)
(-106.153 0 0)
(-104.866 0 0)
(-111.54 0 0)
(-122.599 0 0)
(-125.261 0 0)
(-125.316 0 0)
(-118.646 0 0)
(-107.522 0 0)
(-87.5897 0 0)
(-74.7125 0 0)
(-67.0549 0 0)
(-61.8577 0 0)
(-59.9746 0 0)
(-56.5077 0 0)
(-54.1445 0 0)
(-51.9381 0 0)
(-51.7487 0 0)
(-50.2849 0 0)
(-47.6821 0 0)
(-43.3018 0 0)
(-38.1623 0 0)
(-32.4374 0 0)
(-27.0859 0 0)
(-22.234 0 0)
(-18.1126 0 0)
(-15.4824 0 0)
(-12.7053 0 0)
(-10.4282 0 0)
(-7.08356 0 0)
(-2.38407 0 0)
)
;

boundaryField
{
    sides
    {
        type            fixedValue;
        value           uniform (0 0 0);
    }
    empty
    {
        type            empty;
    }
}


// ************************************************************************* //
