/*--------------------------------*- C++ -*----------------------------------*\
| =========                 |                                                 |
| \\      /  F ield         | OpenFOAM: The Open Source CFD Toolbox           |
|  \\    /   O peration     | Version:  2412                                  |
|   \\  /    A nd           | Website:  www.openfoam.com                      |
|    \\/     M anipulation  |                                                 |
\*---------------------------------------------------------------------------*/
FoamFile
{
    version     2.0;
    format      ascii;
    arch        "LSB;label=32;scalar=64";
    class       volVectorField;
    location    "0.00330218";
    object      U;
}
// * * * * * * * * * * * * * * * * * * * * * * * * * * * * * * * * * * * * * //

dimensions      [0 1 -1 0 0 0 0];

internalField   nonuniform List<vector> 
100
(
(9.37841e-15 0 0)
(2.25694e-14 0 0)
(-3.93202e-15 0 0)
(-6.76406e-14 0 0)
(-3.14586e-14 0 0)
(4.14494e-14 0 0)
(-1.88918e-15 0 0)
(2.88006e-14 0 0)
(-3.67761e-15 0 0)
(-1.47426e-14 0 0)
(-7.96233e-14 0 0)
(-1.76358e-14 0 0)
(-4.84728e-14 0 0)
(-2.50158e-14 0 0)
(1.61524e-14 0 0)
(-2.90763e-14 0 0)
(-2.62032e-14 0 0)
(4.84617e-14 0 0)
(7.32089e-15 0 0)
(9.62063e-15 0 0)
(8.1702e-15 0 0)
(5.53019e-14 0 0)
(8.78433e-14 0 0)
(5.49899e-14 0 0)
(6.00582e-14 0 0)
(6.0717e-14 0 0)
(1.98971e-13 0 0)
(1.66761e-13 0 0)
(1.43358e-13 0 0)
(1.41348e-13 0 0)
(7.03831e-14 0 0)
(1.6369e-14 0 0)
(1.81671e-12 0 0)
(1.1095e-09 0 0)
(4.99792e-07 0 0)
(0.000137118 0 0)
(0.0171004 0 0)
(0.682018 0 0)
(7.08427 0 0)
(25.6878 0 0)
(51.1305 0 0)
(76.9601 0 0)
(99.9909 0 0)
(125.376 0 0)
(146.007 0 0)
(170.936 0 0)
(195.368 0 0)
(210.903 0 0)
(239.16 0 0)
(264.393 0 0)
(279.297 0 0)
(280.86 0 0)
(281.657 0 0)
(287.378 0 0)
(286.267 0 0)
(278.995 0 0)
(276.972 0 0)
(281.525 0 0)
(284.463 0 0)
(277.571 0 0)
(273.904 0 0)
(275.408 0 0)
(278.845 0 0)
(295.529 0 0)
(298.493 0 0)
(241.68 0 0)
(44.1558 0 0)
(0.267911 0 0)
(0.000110771 0 0)
(1.08706e-08 0 0)
(1.47305e-12 0 0)
(-4.37634e-14 0 0)
(-2.82112e-14 0 0)
(9.14415e-15 0 0)
(5.58608e-14 0 0)
(8.39029e-14 0 0)
(-4.18514e-14 0 0)
(-6.81463e-15 0 0)
(-1.99521e-14 0 0)
(-7.8443e-14 0 0)
(-1.11548e-13 0 0)
(-1.29214e-13 0 0)
(-2.28875e-14 0 0)
(2.76976e-14 0 0)
(1.22866e-14 0 0)
(-5.57049e-14 0 0)
(-2.82946e-13 0 0)
(-2.95827e-13 0 0)
(-1.18365e-13 0 0)
(-5.90202e-14 0 0)
(-1.27506e-13 0 0)
(-2.74654e-14 0 0)
(-5.46237e-14 0 0)
(-2.51781e-13 0 0)
(-1.62651e-13 0 0)
(-2.74485e-14 0 0)
(-5.49861e-14 0 0)
(-1.3485e-14 0 0)
(-3.52989e-14 0 0)
(-9.25406e-14 0 0)
)
;

boundaryField
{
    sides
    {
        type            fixedValue;
        value           uniform (0 0 0);
    }
    empty
    {
        type            empty;
    }
}


// ************************************************************************* //
