/*--------------------------------*- C++ -*----------------------------------*\
| =========                 |                                                 |
| \\      /  F ield         | OpenFOAM: The Open Source CFD Toolbox           |
|  \\    /   O peration     | Version:  2412                                  |
|   \\  /    A nd           | Website:  www.openfoam.com                      |
|    \\/     M anipulation  |                                                 |
\*---------------------------------------------------------------------------*/
FoamFile
{
    version     2.0;
    format      ascii;
    arch        "LSB;label=32;scalar=64";
    class       volVectorField;
    location    "0.0190086";
    object      U;
}
// * * * * * * * * * * * * * * * * * * * * * * * * * * * * * * * * * * * * * //

dimensions      [0 1 -1 0 0 0 0];

internalField   nonuniform List<vector> 
100
(
(4.02541 0 0)
(12.1773 0 0)
(20.2943 0 0)
(28.292 0 0)
(36.2422 0 0)
(44.0169 0 0)
(51.8221 0 0)
(59.915 0 0)
(68.4306 0 0)
(77.5918 0 0)
(87.9303 0 0)
(99.4898 0 0)
(111.478 0 0)
(122.891 0 0)
(132.783 0 0)
(140.999 0 0)
(146.053 0 0)
(149.394 0 0)
(152.082 0 0)
(155.765 0 0)
(159.59 0 0)
(164.687 0 0)
(169.191 0 0)
(173.884 0 0)
(178.318 0 0)
(182.511 0 0)
(187.105 0 0)
(191.214 0 0)
(195.924 0 0)
(199.999 0 0)
(204.69 0 0)
(208.884 0 0)
(213.528 0 0)
(217.792 0 0)
(222.367 0 0)
(226.762 0 0)
(231.304 0 0)
(235.713 0 0)
(240.171 0 0)
(244.605 0 0)
(249.077 0 0)
(253.528 0 0)
(257.893 0 0)
(262.002 0 0)
(266.39 0 0)
(270.724 0 0)
(274.449 0 0)
(278 0 0)
(281.612 0 0)
(283.577 0 0)
(284.334 0 0)
(284.088 0 0)
(283.066 0 0)
(282.603 0 0)
(284.094 0 0)
(285.018 0 0)
(281.41 0 0)
(279.697 0 0)
(283.522 0 0)
(287.929 0 0)
(286.539 0 0)
(277.601 0 0)
(275.53 0 0)
(287.238 0 0)
(291.658 0 0)
(286.1 0 0)
(273.926 0 0)
(272.194 0 0)
(288.258 0 0)
(292.18 0 0)
(286.555 0 0)
(273.628 0 0)
(272.823 0 0)
(284.958 0 0)
(292.408 0 0)
(289.053 0 0)
(274.727 0 0)
(273.988 0 0)
(278.091 0 0)
(284.085 0 0)
(124.811 0 0)
(24.7361 0 0)
(8.41244 0 0)
(27.1708 0 0)
(10.9798 0 0)
(11.0776 0 0)
(19.2234 0 0)
(11.6731 0 0)
(6.50812 0 0)
(17.4573 0 0)
(22.0608 0 0)
(22.3008 0 0)
(11.3778 0 0)
(2.93745 0 0)
(-1.6137 0 0)
(-6.16569 0 0)
(-8.21885 0 0)
(-8.02759 0 0)
(-4.91875 0 0)
(-4.95044 0 0)
)
;

boundaryField
{
    sides
    {
        type            fixedValue;
        value           uniform (0 0 0);
    }
    empty
    {
        type            empty;
    }
}


// ************************************************************************* //
