/*--------------------------------*- C++ -*----------------------------------*\
| =========                 |                                                 |
| \\      /  F ield         | OpenFOAM: The Open Source CFD Toolbox           |
|  \\    /   O peration     | Version:  2412                                  |
|   \\  /    A nd           | Website:  www.openfoam.com                      |
|    \\/     M anipulation  |                                                 |
\*---------------------------------------------------------------------------*/
FoamFile
{
    version     2.0;
    format      ascii;
    arch        "LSB;label=32;scalar=64";
    class       volVectorField;
    location    "0.0288078";
    object      U;
}
// * * * * * * * * * * * * * * * * * * * * * * * * * * * * * * * * * * * * * //

dimensions      [0 1 -1 0 0 0 0];

internalField   nonuniform List<vector> 
100
(
(2.41845 0 0)
(7.29679 0 0)
(12.1263 0 0)
(16.985 0 0)
(21.7716 0 0)
(26.6406 0 0)
(31.3574 0 0)
(36.3179 0 0)
(40.9283 0 0)
(46.0491 0 0)
(50.539 0 0)
(55.7098 0 0)
(60.228 0 0)
(65.3072 0 0)
(70.0803 0 0)
(74.9291 0 0)
(79.9421 0 0)
(84.5883 0 0)
(89.7263 0 0)
(94.3097 0 0)
(99.4663 0 0)
(104.1 0 0)
(109.209 0 0)
(113.923 0 0)
(118.955 0 0)
(123.731 0 0)
(128.702 0 0)
(133.533 0 0)
(138.466 0 0)
(143.316 0 0)
(148.216 0 0)
(153.08 0 0)
(157.964 0 0)
(162.834 0 0)
(167.714 0 0)
(172.588 0 0)
(177.433 0 0)
(182.27 0 0)
(187.119 0 0)
(191.909 0 0)
(196.562 0 0)
(201.211 0 0)
(205.99 0 0)
(210.526 0 0)
(215.05 0 0)
(219.781 0 0)
(224.117 0 0)
(227.497 0 0)
(229.828 0 0)
(231.834 0 0)
(233.894 0 0)
(235.658 0 0)
(236.613 0 0)
(237.401 0 0)
(238.254 0 0)
(240.419 0 0)
(246.618 0 0)
(252.243 0 0)
(256.814 0 0)
(231.686 0 0)
(52.6837 0 0)
(-29.375 0 0)
(-23.5613 0 0)
(-5.22829 0 0)
(3.20475 0 0)
(5.01636 0 0)
(5.36314 0 0)
(-2.60864 0 0)
(2.14048 0 0)
(-1.38293 0 0)
(6.89622 0 0)
(4.35294 0 0)
(1.84606 0 0)
(-0.365399 0 0)
(-8.12373 0 0)
(-1.02655 0 0)
(-0.838546 0 0)
(5.57383 0 0)
(7.3054 0 0)
(2.05843 0 0)
(-2.75694 0 0)
(-5.60036 0 0)
(-4.42301 0 0)
(-0.781186 0 0)
(1.5031 0 0)
(2.8452 0 0)
(2.46789 0 0)
(1.41093 0 0)
(-0.221102 0 0)
(-1.08893 0 0)
(0.654212 0 0)
(2.30056 0 0)
(-0.0727877 0 0)
(-3.47284 0 0)
(-3.3384 0 0)
(-3.28842 0 0)
(-0.174731 0 0)
(0.989961 0 0)
(2.29072 0 0)
(-0.684925 0 0)
)
;

boundaryField
{
    sides
    {
        type            fixedValue;
        value           uniform (0 0 0);
    }
    empty
    {
        type            empty;
    }
}


// ************************************************************************* //
