/*--------------------------------*- C++ -*----------------------------------*\
| =========                 |                                                 |
| \\      /  F ield         | OpenFOAM: The Open Source CFD Toolbox           |
|  \\    /   O peration     | Version:  2412                                  |
|   \\  /    A nd           | Website:  www.openfoam.com                      |
|    \\/     M anipulation  |                                                 |
\*---------------------------------------------------------------------------*/
FoamFile
{
    version     2.0;
    format      ascii;
    arch        "LSB;label=32;scalar=64";
    class       volVectorField;
    location    "0.0515397";
    object      U;
}
// * * * * * * * * * * * * * * * * * * * * * * * * * * * * * * * * * * * * * //

dimensions      [0 1 -1 0 0 0 0];

internalField   nonuniform List<vector> 
100
(
(-1.00403 0 0)
(0.486414 0 0)
(2.12525 0 0)
(6.35929 0 0)
(1.09452 0 0)
(-0.36648 0 0)
(-0.773577 0 0)
(5.45084 0 0)
(0.61402 0 0)
(-12.7372 0 0)
(-23.6984 0 0)
(-14.6977 0 0)
(-29.6063 0 0)
(-105.227 0 0)
(-222.033 0 0)
(-217.26 0 0)
(-210.749 0 0)
(-209.014 0 0)
(-208.404 0 0)
(-211.759 0 0)
(-225.06 0 0)
(-229.718 0 0)
(-228.586 0 0)
(-226.249 0 0)
(-221.068 0 0)
(-216.448 0 0)
(-214.001 0 0)
(-212.266 0 0)
(-208.568 0 0)
(-203.673 0 0)
(-200.506 0 0)
(-199.203 0 0)
(-198.558 0 0)
(-201.485 0 0)
(-202.722 0 0)
(-201.525 0 0)
(-198.575 0 0)
(-191.409 0 0)
(-185.63 0 0)
(-183.722 0 0)
(-186.882 0 0)
(-206.316 0 0)
(-215.945 0 0)
(-215.352 0 0)
(-213.398 0 0)
(-209.164 0 0)
(-191.787 0 0)
(-165.457 0 0)
(-152.51 0 0)
(-148.067 0 0)
(-145.927 0 0)
(-144.257 0 0)
(-141.507 0 0)
(-137.608 0 0)
(-134.024 0 0)
(-132.293 0 0)
(-131.407 0 0)
(-130.751 0 0)
(-130.708 0 0)
(-130.888 0 0)
(-130.523 0 0)
(-129.5 0 0)
(-126.557 0 0)
(-120.048 0 0)
(-111.342 0 0)
(-105.084 0 0)
(-100.846 0 0)
(-97.7832 0 0)
(-96.3416 0 0)
(-95.5592 0 0)
(-94.9945 0 0)
(-94.1341 0 0)
(-92.5133 0 0)
(-88.3512 0 0)
(-83.5528 0 0)
(-78.4656 0 0)
(-74.9123 0 0)
(-71.8579 0 0)
(-68.8675 0 0)
(-65.9702 0 0)
(-62.0271 0 0)
(-59.4079 0 0)
(-55.4202 0 0)
(-52.4826 0 0)
(-49.3542 0 0)
(-46.4013 0 0)
(-43.7019 0 0)
(-39.5332 0 0)
(-36.9383 0 0)
(-33.3181 0 0)
(-30.1715 0 0)
(-26.8207 0 0)
(-23.9388 0 0)
(-20.5881 0 0)
(-17.4863 0 0)
(-14.1898 0 0)
(-10.6201 0 0)
(-7.66404 0 0)
(-4.28244 0 0)
(-1.64382 0 0)
)
;

boundaryField
{
    sides
    {
        type            fixedValue;
        value           uniform (0 0 0);
    }
    empty
    {
        type            empty;
    }
}


// ************************************************************************* //
