/*--------------------------------*- C++ -*----------------------------------*\
| =========                 |                                                 |
| \\      /  F ield         | OpenFOAM: The Open Source CFD Toolbox           |
|  \\    /   O peration     | Version:  2412                                  |
|   \\  /    A nd           | Website:  www.openfoam.com                      |
|    \\/     M anipulation  |                                                 |
\*---------------------------------------------------------------------------*/
FoamFile
{
    version     2.0;
    format      ascii;
    arch        "LSB;label=32;scalar=64";
    class       volVectorField;
    location    "0.0502257";
    object      U;
}
// * * * * * * * * * * * * * * * * * * * * * * * * * * * * * * * * * * * * * //

dimensions      [0 1 -1 0 0 0 0];

internalField   nonuniform List<vector> 
100
(
(16.8657 0 0)
(18.2405 0 0)
(8.88036 0 0)
(-10.6723 0 0)
(-27.6669 0 0)
(-25.3975 0 0)
(-15.4248 0 0)
(2.45857 0 0)
(22.5215 0 0)
(-5.68547 0 0)
(-129.227 0 0)
(-239.732 0 0)
(-234.084 0 0)
(-222.657 0 0)
(-219.69 0 0)
(-218.579 0 0)
(-226.109 0 0)
(-239.639 0 0)
(-241.492 0 0)
(-239.835 0 0)
(-235.578 0 0)
(-218.543 0 0)
(-202.374 0 0)
(-197.882 0 0)
(-196.335 0 0)
(-195.823 0 0)
(-199.841 0 0)
(-211.365 0 0)
(-214.378 0 0)
(-213.175 0 0)
(-210.343 0 0)
(-205.545 0 0)
(-201.183 0 0)
(-198.86 0 0)
(-196.603 0 0)
(-192.625 0 0)
(-187.898 0 0)
(-185.397 0 0)
(-184.208 0 0)
(-184.755 0 0)
(-187.231 0 0)
(-187.375 0 0)
(-185.825 0 0)
(-181.311 0 0)
(-174.008 0 0)
(-170.245 0 0)
(-169.31 0 0)
(-178.629 0 0)
(-195.827 0 0)
(-199.39 0 0)
(-198.108 0 0)
(-195.583 0 0)
(-186.426 0 0)
(-162.672 0 0)
(-143.706 0 0)
(-136.012 0 0)
(-132.412 0 0)
(-129.998 0 0)
(-127.189 0 0)
(-123.72 0 0)
(-120.245 0 0)
(-118.308 0 0)
(-117.441 0 0)
(-116.772 0 0)
(-116.444 0 0)
(-116.245 0 0)
(-115.568 0 0)
(-113.615 0 0)
(-109.226 0 0)
(-101.626 0 0)
(-94.8609 0 0)
(-89.4692 0 0)
(-85.9801 0 0)
(-82.9207 0 0)
(-81.7504 0 0)
(-80.7263 0 0)
(-79.8156 0 0)
(-78.1236 0 0)
(-74.5984 0 0)
(-70.5567 0 0)
(-64.6543 0 0)
(-61.6369 0 0)
(-57.8395 0 0)
(-54.882 0 0)
(-51.6293 0 0)
(-48.1171 0 0)
(-45.1561 0 0)
(-40.7671 0 0)
(-38.0248 0 0)
(-34.8133 0 0)
(-31.7559 0 0)
(-27.7008 0 0)
(-24.4564 0 0)
(-21.0704 0 0)
(-17.9527 0 0)
(-14.8523 0 0)
(-11.2891 0 0)
(-8.21372 0 0)
(-4.61152 0 0)
(-1.91333 0 0)
)
;

boundaryField
{
    sides
    {
        type            fixedValue;
        value           uniform (0 0 0);
    }
    empty
    {
        type            empty;
    }
}


// ************************************************************************* //
