/*--------------------------------*- C++ -*----------------------------------*\
| =========                 |                                                 |
| \\      /  F ield         | OpenFOAM: The Open Source CFD Toolbox           |
|  \\    /   O peration     | Version:  2412                                  |
|   \\  /    A nd           | Website:  www.openfoam.com                      |
|    \\/     M anipulation  |                                                 |
\*---------------------------------------------------------------------------*/
FoamFile
{
    version     2.0;
    format      ascii;
    arch        "LSB;label=32;scalar=64";
    class       volVectorField;
    location    "0.00498039";
    object      U;
}
// * * * * * * * * * * * * * * * * * * * * * * * * * * * * * * * * * * * * * //

dimensions      [0 1 -1 0 0 0 0];

internalField   nonuniform List<vector> 
100
(
(-3.04484e-14 0 0)
(-1.73129e-14 0 0)
(-5.13216e-14 0 0)
(-5.9656e-14 0 0)
(-4.81188e-14 0 0)
(-1.61158e-13 0 0)
(-2.44578e-13 0 0)
(-1.88938e-13 0 0)
(-1.23577e-13 0 0)
(-1.18882e-13 0 0)
(-1.19918e-13 0 0)
(-7.36056e-14 0 0)
(-6.46974e-14 0 0)
(-1.05712e-13 0 0)
(-4.79094e-14 0 0)
(3.56426e-14 0 0)
(5.99367e-15 0 0)
(-8.2367e-15 0 0)
(-9.0012e-15 0 0)
(9.8606e-14 0 0)
(1.93903e-13 0 0)
(2.32602e-13 0 0)
(2.32568e-13 0 0)
(2.15119e-13 0 0)
(2.85734e-13 0 0)
(2.22093e-13 0 0)
(2.15934e-13 0 0)
(2.19436e-11 0 0)
(1.05866e-08 0 0)
(3.70722e-06 0 0)
(0.000742208 0 0)
(0.0613017 0 0)
(1.46491 0 0)
(9.779 0 0)
(27.0093 0 0)
(46.7511 0 0)
(65.0316 0 0)
(81.9953 0 0)
(97.9237 0 0)
(114.511 0 0)
(129.464 0 0)
(147.443 0 0)
(161.611 0 0)
(177.081 0 0)
(194.934 0 0)
(207.087 0 0)
(222.667 0 0)
(240.325 0 0)
(259.588 0 0)
(268.078 0 0)
(275.059 0 0)
(284.006 0 0)
(289.876 0 0)
(288.586 0 0)
(279.099 0 0)
(278.271 0 0)
(283.444 0 0)
(288.456 0 0)
(287.315 0 0)
(280.259 0 0)
(277.055 0 0)
(279.343 0 0)
(281.125 0 0)
(277.02 0 0)
(278.996 0 0)
(282.49 0 0)
(285.891 0 0)
(286.539 0 0)
(281.991 0 0)
(274.712 0 0)
(274.547 0 0)
(283.617 0 0)
(292.703 0 0)
(262.355 0 0)
(88.9856 0 0)
(1.24937 0 0)
(0.000912098 0 0)
(1.16096e-07 0 0)
(1.18511e-11 0 0)
(-6.33826e-14 0 0)
(-9.68365e-14 0 0)
(-1.24085e-13 0 0)
(-7.35854e-14 0 0)
(-1.39889e-13 0 0)
(-1.69221e-13 0 0)
(-2.18052e-13 0 0)
(-1.42133e-13 0 0)
(-7.0425e-14 0 0)
(-1.88116e-13 0 0)
(-2.77493e-13 0 0)
(-2.27817e-13 0 0)
(-2.03721e-13 0 0)
(-1.73499e-13 0 0)
(-2.58574e-13 0 0)
(-2.89292e-13 0 0)
(-3.23463e-13 0 0)
(-2.52637e-13 0 0)
(-1.82923e-13 0 0)
(-1.27389e-13 0 0)
(-1.20916e-13 0 0)
)
;

boundaryField
{
    sides
    {
        type            fixedValue;
        value           uniform (0 0 0);
    }
    empty
    {
        type            empty;
    }
}


// ************************************************************************* //
