/*--------------------------------*- C++ -*----------------------------------*\
| =========                 |                                                 |
| \\      /  F ield         | OpenFOAM: The Open Source CFD Toolbox           |
|  \\    /   O peration     | Version:  2412                                  |
|   \\  /    A nd           | Website:  www.openfoam.com                      |
|    \\/     M anipulation  |                                                 |
\*---------------------------------------------------------------------------*/
FoamFile
{
    version     2.0;
    format      ascii;
    arch        "LSB;label=32;scalar=64";
    class       volVectorField;
    location    "0.0395816";
    object      U;
}
// * * * * * * * * * * * * * * * * * * * * * * * * * * * * * * * * * * * * * //

dimensions      [0 1 -1 0 0 0 0];

internalField   nonuniform List<vector> 
100
(
(1.56675 0 0)
(4.67641 0 0)
(7.89213 0 0)
(11.1815 0 0)
(14.58 0 0)
(18.0558 0 0)
(21.5477 0 0)
(25.0258 0 0)
(28.4592 0 0)
(31.8055 0 0)
(35.07 0 0)
(38.316 0 0)
(41.6031 0 0)
(44.9002 0 0)
(48.2367 0 0)
(51.5954 0 0)
(54.9608 0 0)
(58.3307 0 0)
(61.698 0 0)
(65.057 0 0)
(68.4102 0 0)
(71.7389 0 0)
(75.0455 0 0)
(78.6369 0 0)
(82.1157 0 0)
(68.9784 0 0)
(-102.095 0 0)
(-187.73 0 0)
(-189.719 0 0)
(-182.36 0 0)
(-178.929 0 0)
(-174.941 0 0)
(-165.89 0 0)
(-160.58 0 0)
(-158.889 0 0)
(-159.913 0 0)
(-165.617 0 0)
(-168.542 0 0)
(-167.589 0 0)
(-165.654 0 0)
(-160.776 0 0)
(-148.1 0 0)
(-137.715 0 0)
(-133.885 0 0)
(-133.224 0 0)
(-135.219 0 0)
(-138.743 0 0)
(-139.389 0 0)
(-138.367 0 0)
(-136.78 0 0)
(-132.475 0 0)
(-126.519 0 0)
(-123.058 0 0)
(-122.398 0 0)
(-122.484 0 0)
(-121.776 0 0)
(-118.424 0 0)
(-112.039 0 0)
(-106.413 0 0)
(-104.655 0 0)
(-104.998 0 0)
(-105.763 0 0)
(-104.945 0 0)
(-100.307 0 0)
(-94.2898 0 0)
(-88.6151 0 0)
(-88.1891 0 0)
(-89.272 0 0)
(-93.5311 0 0)
(-94.4114 0 0)
(-89.69 0 0)
(-84.6281 0 0)
(-72.9439 0 0)
(-68.7104 0 0)
(-64.6922 0 0)
(-66.7826 0 0)
(-68.5406 0 0)
(-67.8659 0 0)
(-68.1424 0 0)
(-64.0647 0 0)
(-61.293 0 0)
(-58.0957 0 0)
(-56.3313 0 0)
(-53.0247 0 0)
(-49.3714 0 0)
(-46.9189 0 0)
(-46.09 0 0)
(-45.2183 0 0)
(-44.7555 0 0)
(-42.0927 0 0)
(-37.0453 0 0)
(-32.0216 0 0)
(-30.1724 0 0)
(-31.6012 0 0)
(-37.2842 0 0)
(-44.438 0 0)
(-47.9805 0 0)
(-43.2513 0 0)
(-31.3778 0 0)
(-13.4769 0 0)
)
;

boundaryField
{
    sides
    {
        type            fixedValue;
        value           uniform (0 0 0);
    }
    empty
    {
        type            empty;
    }
}


// ************************************************************************* //
