/*--------------------------------*- C++ -*----------------------------------*\
| =========                 |                                                 |
| \\      /  F ield         | OpenFOAM: The Open Source CFD Toolbox           |
|  \\    /   O peration     | Version:  2412                                  |
|   \\  /    A nd           | Website:  www.openfoam.com                      |
|    \\/     M anipulation  |                                                 |
\*---------------------------------------------------------------------------*/
FoamFile
{
    version     2.0;
    format      ascii;
    arch        "LSB;label=32;scalar=64";
    class       volVectorField;
    location    "0.0449305";
    object      U;
}
// * * * * * * * * * * * * * * * * * * * * * * * * * * * * * * * * * * * * * //

dimensions      [0 1 -1 0 0 0 0];

internalField   nonuniform List<vector> 
100
(
(1.35226 0 0)
(4.45795 0 0)
(7.66842 0 0)
(2.116 0 0)
(-141.578 0 0)
(-236.233 0 0)
(-240.638 0 0)
(-230.676 0 0)
(-229.56 0 0)
(-240.594 0 0)
(-244.588 0 0)
(-243.329 0 0)
(-241.136 0 0)
(-237.199 0 0)
(-222.265 0 0)
(-206.54 0 0)
(-201.523 0 0)
(-200.046 0 0)
(-199.468 0 0)
(-206.654 0 0)
(-215.911 0 0)
(-216.893 0 0)
(-215.214 0 0)
(-212.405 0 0)
(-204.787 0 0)
(-197.729 0 0)
(-194.96 0 0)
(-194.151 0 0)
(-196.215 0 0)
(-197.374 0 0)
(-195.946 0 0)
(-192.035 0 0)
(-183.57 0 0)
(-178.107 0 0)
(-176.234 0 0)
(-177.596 0 0)
(-181.592 0 0)
(-181.773 0 0)
(-179.531 0 0)
(-172.884 0 0)
(-163.914 0 0)
(-160.007 0 0)
(-159.094 0 0)
(-164.518 0 0)
(-172.626 0 0)
(-173.492 0 0)
(-171.328 0 0)
(-164.556 0 0)
(-149.991 0 0)
(-141.166 0 0)
(-137.955 0 0)
(-137.293 0 0)
(-139.732 0 0)
(-145.206 0 0)
(-146.848 0 0)
(-145.857 0 0)
(-143.803 0 0)
(-139.982 0 0)
(-136.366 0 0)
(-134.385 0 0)
(-132.126 0 0)
(-128.19 0 0)
(-123.839 0 0)
(-121.753 0 0)
(-121.171 0 0)
(-121.522 0 0)
(-121.41 0 0)
(-119.162 0 0)
(-114.997 0 0)
(-108.949 0 0)
(-106.581 0 0)
(-106.594 0 0)
(-116.1 0 0)
(-125.5 0 0)
(-126.057 0 0)
(-125.273 0 0)
(-117.356 0 0)
(-102.73 0 0)
(-83.5847 0 0)
(-73.0468 0 0)
(-66.5036 0 0)
(-61.8313 0 0)
(-59.9165 0 0)
(-56.6021 0 0)
(-54.6559 0 0)
(-52.5852 0 0)
(-52.2672 0 0)
(-50.6513 0 0)
(-47.7371 0 0)
(-42.9383 0 0)
(-37.605 0 0)
(-31.9445 0 0)
(-26.7644 0 0)
(-22.0442 0 0)
(-18.2997 0 0)
(-15.8757 0 0)
(-13.1561 0 0)
(-10.744 0 0)
(-7.24062 0 0)
(-2.53202 0 0)
)
;

boundaryField
{
    sides
    {
        type            fixedValue;
        value           uniform (0 0 0);
    }
    empty
    {
        type            empty;
    }
}


// ************************************************************************* //
