/*--------------------------------*- C++ -*----------------------------------*\
| =========                 |                                                 |
| \\      /  F ield         | OpenFOAM: The Open Source CFD Toolbox           |
|  \\    /   O peration     | Version:  2412                                  |
|   \\  /    A nd           | Website:  www.openfoam.com                      |
|    \\/     M anipulation  |                                                 |
\*---------------------------------------------------------------------------*/
FoamFile
{
    version     2.0;
    format      ascii;
    arch        "LSB;label=32;scalar=64";
    class       volVectorField;
    location    "0.0135625";
    object      U;
}
// * * * * * * * * * * * * * * * * * * * * * * * * * * * * * * * * * * * * * //

dimensions      [0 1 -1 0 0 0 0];

internalField   nonuniform List<vector> 
100
(
(4.19134e-11 0 0)
(2.0547e-08 0 0)
(6.65287e-06 0 0)
(0.00117429 0 0)
(0.0804345 0 0)
(1.51523 0 0)
(8.22811 0 0)
(19.6203 0 0)
(30.5672 0 0)
(39.2523 0 0)
(46.3681 0 0)
(52.7683 0 0)
(58.9245 0 0)
(65.0305 0 0)
(71.1452 0 0)
(77.2774 0 0)
(83.4231 0 0)
(89.5794 0 0)
(95.7439 0 0)
(101.922 0 0)
(108.103 0 0)
(114.315 0 0)
(120.494 0 0)
(126.769 0 0)
(132.855 0 0)
(139.26 0 0)
(145.084 0 0)
(151.711 0 0)
(157.261 0 0)
(163.951 0 0)
(169.711 0 0)
(175.86 0 0)
(182.222 0 0)
(187.848 0 0)
(194.334 0 0)
(200.004 0 0)
(206.58 0 0)
(212.241 0 0)
(218.68 0 0)
(224.682 0 0)
(231.116 0 0)
(237.092 0 0)
(243.298 0 0)
(249.459 0 0)
(255.463 0 0)
(261.236 0 0)
(267.341 0 0)
(273.228 0 0)
(277.268 0 0)
(280.805 0 0)
(283.313 0 0)
(285.86 0 0)
(286.2 0 0)
(283.557 0 0)
(279.336 0 0)
(279.001 0 0)
(287.803 0 0)
(289.194 0 0)
(282.228 0 0)
(275.548 0 0)
(277.148 0 0)
(289.688 0 0)
(290.226 0 0)
(282.353 0 0)
(275.221 0 0)
(276.67 0 0)
(289.093 0 0)
(289.282 0 0)
(284.985 0 0)
(276.927 0 0)
(276.805 0 0)
(283.489 0 0)
(288.729 0 0)
(287.395 0 0)
(279.702 0 0)
(275.648 0 0)
(277.463 0 0)
(281.441 0 0)
(288.223 0 0)
(286.16 0 0)
(284.275 0 0)
(281.279 0 0)
(278.659 0 0)
(278.764 0 0)
(280.898 0 0)
(281.876 0 0)
(280.207 0 0)
(280.991 0 0)
(282.911 0 0)
(284.31 0 0)
(281.961 0 0)
(215.728 0 0)
(26.2825 0 0)
(-13.2023 0 0)
(-4.15751 0 0)
(3.1173 0 0)
(4.20797 0 0)
(3.1043 0 0)
(0.0442916 0 0)
(-9.81167 0 0)
)
;

boundaryField
{
    sides
    {
        type            fixedValue;
        value           uniform (0 0 0);
    }
    empty
    {
        type            empty;
    }
}


// ************************************************************************* //
