/*--------------------------------*- C++ -*----------------------------------*\
| =========                 |                                                 |
| \\      /  F ield         | OpenFOAM: The Open Source CFD Toolbox           |
|  \\    /   O peration     | Version:  2412                                  |
|   \\  /    A nd           | Website:  www.openfoam.com                      |
|    \\/     M anipulation  |                                                 |
\*---------------------------------------------------------------------------*/
FoamFile
{
    version     2.0;
    format      ascii;
    arch        "LSB;label=32;scalar=64";
    class       volVectorField;
    location    "0.0175344";
    object      U;
}
// * * * * * * * * * * * * * * * * * * * * * * * * * * * * * * * * * * * * * //

dimensions      [0 1 -1 0 0 0 0];

internalField   nonuniform List<vector> 
100
(
(3.9956 0 0)
(12.5893 0 0)
(22.0767 0 0)
(31.9668 0 0)
(43.3521 0 0)
(56.0776 0 0)
(69.2074 0 0)
(80.9812 0 0)
(90.5242 0 0)
(98.149 0 0)
(103.097 0 0)
(106.94 0 0)
(110.951 0 0)
(115.509 0 0)
(120.413 0 0)
(125.396 0 0)
(130.259 0 0)
(135.159 0 0)
(139.862 0 0)
(144.845 0 0)
(149.365 0 0)
(154.499 0 0)
(158.851 0 0)
(164.045 0 0)
(168.519 0 0)
(173.459 0 0)
(178.289 0 0)
(182.854 0 0)
(187.865 0 0)
(192.299 0 0)
(197.391 0 0)
(201.787 0 0)
(206.863 0 0)
(211.419 0 0)
(216.438 0 0)
(221.056 0 0)
(225.998 0 0)
(230.774 0 0)
(235.683 0 0)
(240.452 0 0)
(245.217 0 0)
(249.997 0 0)
(254.854 0 0)
(259.584 0 0)
(263.977 0 0)
(268.535 0 0)
(273.202 0 0)
(277.02 0 0)
(280.238 0 0)
(283.239 0 0)
(284.606 0 0)
(284.664 0 0)
(283.868 0 0)
(282.078 0 0)
(281.08 0 0)
(284.637 0 0)
(286.531 0 0)
(283.658 0 0)
(278.334 0 0)
(278.224 0 0)
(288.509 0 0)
(290.367 0 0)
(281.75 0 0)
(274.567 0 0)
(277.106 0 0)
(291.265 0 0)
(292.023 0 0)
(280.791 0 0)
(272.9 0 0)
(275.37 0 0)
(290.967 0 0)
(290.644 0 0)
(284.217 0 0)
(274.154 0 0)
(274.082 0 0)
(285.311 0 0)
(290.179 0 0)
(288.282 0 0)
(276.23 0 0)
(274.944 0 0)
(276.319 0 0)
(287.865 0 0)
(289.152 0 0)
(132.567 0 0)
(21.2928 0 0)
(11.2092 0 0)
(28.2181 0 0)
(14.0696 0 0)
(2.38028 0 0)
(4.8759 0 0)
(10.0397 0 0)
(16.8748 0 0)
(17.54 0 0)
(19.2161 0 0)
(21.534 0 0)
(23.992 0 0)
(24.108 0 0)
(21.4965 0 0)
(16.0615 0 0)
(3.03956 0 0)
)
;

boundaryField
{
    sides
    {
        type            fixedValue;
        value           uniform (0 0 0);
    }
    empty
    {
        type            empty;
    }
}


// ************************************************************************* //
