/*--------------------------------*- C++ -*----------------------------------*\
| =========                 |                                                 |
| \\      /  F ield         | OpenFOAM: The Open Source CFD Toolbox           |
|  \\    /   O peration     | Version:  2412                                  |
|   \\  /    A nd           | Website:  www.openfoam.com                      |
|    \\/     M anipulation  |                                                 |
\*---------------------------------------------------------------------------*/
FoamFile
{
    version     2.0;
    format      ascii;
    arch        "LSB;label=32;scalar=64";
    class       volVectorField;
    location    "0.0321265";
    object      U;
}
// * * * * * * * * * * * * * * * * * * * * * * * * * * * * * * * * * * * * * //

dimensions      [0 1 -1 0 0 0 0];

internalField   nonuniform List<vector> 
100
(
(2.10177 0 0)
(6.37479 0 0)
(10.5701 0 0)
(14.8731 0 0)
(19.0055 0 0)
(23.3703 0 0)
(27.3837 0 0)
(31.8938 0 0)
(35.7903 0 0)
(40.3919 0 0)
(44.2921 0 0)
(48.8319 0 0)
(52.9651 0 0)
(57.2597 0 0)
(61.6515 0 0)
(65.7291 0 0)
(70.2528 0 0)
(74.2034 0 0)
(78.7425 0 0)
(82.7219 0 0)
(87.2101 0 0)
(91.2913 0 0)
(95.7401 0 0)
(99.9126 0 0)
(104.301 0 0)
(108.523 0 0)
(112.857 0 0)
(117.105 0 0)
(121.409 0 0)
(125.672 0 0)
(129.95 0 0)
(134.205 0 0)
(138.456 0 0)
(142.698 0 0)
(146.95 0 0)
(151.191 0 0)
(155.439 0 0)
(159.609 0 0)
(163.767 0 0)
(167.852 0 0)
(171.853 0 0)
(175.843 0 0)
(179.751 0 0)
(183.383 0 0)
(186.565 0 0)
(189.064 0 0)
(191.118 0 0)
(193.014 0 0)
(194.68 0 0)
(196.474 0 0)
(185.816 0 0)
(11.9668 0 0)
(-88.654 0 0)
(-91.4394 0 0)
(-77.9465 0 0)
(-71.9387 0 0)
(-68.546 0 0)
(-63.6727 0 0)
(-58.2903 0 0)
(-55.5471 0 0)
(-55.0382 0 0)
(-53.0004 0 0)
(-53.9137 0 0)
(-48.5471 0 0)
(-47.1216 0 0)
(-43.7435 0 0)
(-41.4487 0 0)
(-38.4197 0 0)
(-31.5174 0 0)
(-37.2309 0 0)
(-34.7608 0 0)
(-33.3899 0 0)
(-25.1078 0 0)
(-12.0277 0 0)
(1.19241 0 0)
(12.9403 0 0)
(10.9742 0 0)
(7.90931 0 0)
(2.43416 0 0)
(-0.797084 0 0)
(-1.00303 0 0)
(-0.997031 0 0)
(-0.374835 0 0)
(-1.83345 0 0)
(-2.60808 0 0)
(-1.21317 0 0)
(0.840475 0 0)
(1.79512 0 0)
(0.843899 0 0)
(-0.736804 0 0)
(-1.27302 0 0)
(0.539411 0 0)
(2.13793 0 0)
(4.13499 0 0)
(3.50129 0 0)
(0.256115 0 0)
(-4.81298 0 0)
(-8.82993 0 0)
(-7.70091 0 0)
(-4.15803 0 0)
)
;

boundaryField
{
    sides
    {
        type            fixedValue;
        value           uniform (0 0 0);
    }
    empty
    {
        type            empty;
    }
}


// ************************************************************************* //
