/*--------------------------------*- C++ -*----------------------------------*\
| =========                 |                                                 |
| \\      /  F ield         | OpenFOAM: The Open Source CFD Toolbox           |
|  \\    /   O peration     | Version:  2412                                  |
|   \\  /    A nd           | Website:  www.openfoam.com                      |
|    \\/     M anipulation  |                                                 |
\*---------------------------------------------------------------------------*/
FoamFile
{
    version     2.0;
    format      ascii;
    arch        "LSB;label=32;scalar=64";
    class       volVectorField;
    location    "0.00636551";
    object      U;
}
// * * * * * * * * * * * * * * * * * * * * * * * * * * * * * * * * * * * * * //

dimensions      [0 1 -1 0 0 0 0];

internalField   nonuniform List<vector> 
100
(
(-1.04558e-13 0 0)
(-1.97628e-13 0 0)
(-1.25143e-13 0 0)
(-8.29292e-14 0 0)
(-1.29378e-13 0 0)
(-1.44703e-13 0 0)
(-2.0416e-13 0 0)
(-1.48425e-13 0 0)
(-1.3088e-13 0 0)
(-1.51517e-13 0 0)
(-1.36318e-13 0 0)
(-1.30681e-13 0 0)
(-1.30144e-13 0 0)
(-6.52464e-14 0 0)
(-3.1755e-14 0 0)
(3.63205e-14 0 0)
(1.04482e-13 0 0)
(1.22248e-13 0 0)
(1.53436e-13 0 0)
(1.55601e-13 0 0)
(1.12457e-13 0 0)
(8.60127e-14 0 0)
(6.16752e-13 0 0)
(2.22923e-10 0 0)
(9.65661e-08 0 0)
(2.81008e-05 0 0)
(0.00415956 0 0)
(0.220807 0 0)
(3.12827 0 0)
(13.9475 0 0)
(30.5309 0 0)
(46.963 0 0)
(61.5318 0 0)
(74.9128 0 0)
(87.7262 0 0)
(100.561 0 0)
(113.003 0 0)
(126.349 0 0)
(138.145 0 0)
(152.315 0 0)
(163.632 0 0)
(176.247 0 0)
(189.901 0 0)
(200.192 0 0)
(213.001 0 0)
(225.361 0 0)
(240.517 0 0)
(251.505 0 0)
(259.646 0 0)
(270.887 0 0)
(286.128 0 0)
(292.081 0 0)
(282.69 0 0)
(277.34 0 0)
(280.14 0 0)
(288.071 0 0)
(287.971 0 0)
(279.479 0 0)
(277.197 0 0)
(280.419 0 0)
(287.488 0 0)
(287.141 0 0)
(285.005 0 0)
(279.438 0 0)
(278.761 0 0)
(280.232 0 0)
(281.36 0 0)
(283.902 0 0)
(284.071 0 0)
(279.166 0 0)
(276.96 0 0)
(277.446 0 0)
(278.196 0 0)
(281.884 0 0)
(285.394 0 0)
(285.105 0 0)
(281.291 0 0)
(280.157 0 0)
(286.14 0 0)
(286.319 0 0)
(226.399 0 0)
(38.2758 0 0)
(0.220657 0 0)
(9.19953e-05 0 0)
(9.02937e-09 0 0)
(9.88009e-13 0 0)
(-1.35245e-13 0 0)
(-1.99096e-13 0 0)
(-2.38467e-13 0 0)
(-2.13099e-13 0 0)
(-1.76926e-13 0 0)
(-3.03399e-13 0 0)
(-3.02396e-13 0 0)
(-3.5925e-13 0 0)
(-3.18068e-13 0 0)
(-3.30561e-13 0 0)
(-2.87765e-13 0 0)
(-2.39277e-13 0 0)
(-1.34522e-13 0 0)
(-6.37228e-14 0 0)
)
;

boundaryField
{
    sides
    {
        type            fixedValue;
        value           uniform (0 0 0);
    }
    empty
    {
        type            empty;
    }
}


// ************************************************************************* //
