/*--------------------------------*- C++ -*----------------------------------*\
| =========                 |                                                 |
| \\      /  F ield         | OpenFOAM: The Open Source CFD Toolbox           |
|  \\    /   O peration     | Version:  2412                                  |
|   \\  /    A nd           | Website:  www.openfoam.com                      |
|    \\/     M anipulation  |                                                 |
\*---------------------------------------------------------------------------*/
FoamFile
{
    version     2.0;
    format      ascii;
    arch        "LSB;label=32;scalar=64";
    class       volVectorField;
    location    "0.0023164";
    object      U;
}
// * * * * * * * * * * * * * * * * * * * * * * * * * * * * * * * * * * * * * //

dimensions      [0 1 -1 0 0 0 0];

internalField   nonuniform List<vector> 
100
(
(-6.59716e-15 0 0)
(-2.55621e-14 0 0)
(1.20779e-14 0 0)
(4.44461e-14 0 0)
(7.22727e-14 0 0)
(2.52926e-14 0 0)
(-1.96462e-15 0 0)
(-5.07953e-14 0 0)
(1.23058e-14 0 0)
(4.11352e-14 0 0)
(8.07333e-15 0 0)
(-4.97496e-14 0 0)
(-8.39711e-15 0 0)
(-1.70389e-14 0 0)
(3.21461e-14 0 0)
(9.04444e-14 0 0)
(-1.79182e-14 0 0)
(-3.15426e-14 0 0)
(-3.2492e-14 0 0)
(9.53663e-15 0 0)
(-3.96933e-14 0 0)
(-8.05528e-14 0 0)
(1.9359e-16 0 0)
(5.49307e-14 0 0)
(1.07993e-13 0 0)
(9.2659e-14 0 0)
(9.53201e-14 0 0)
(8.68937e-14 0 0)
(3.1628e-14 0 0)
(2.1472e-14 0 0)
(7.83392e-14 0 0)
(9.63248e-14 0 0)
(1.03162e-13 0 0)
(6.55495e-14 0 0)
(-1.26455e-14 0 0)
(1.52509e-13 0 0)
(2.07894e-10 0 0)
(1.29039e-07 0 0)
(4.75303e-05 0 0)
(0.00805723 0 0)
(0.448899 0 0)
(6.24404 0 0)
(26.9412 0 0)
(58.9474 0 0)
(90.584 0 0)
(126.361 0 0)
(153.643 0 0)
(185.243 0 0)
(223.818 0 0)
(241.828 0 0)
(274.892 0 0)
(294.728 0 0)
(289.587 0 0)
(277.025 0 0)
(274.157 0 0)
(272.854 0 0)
(276.981 0 0)
(283.812 0 0)
(296.454 0 0)
(301.428 0 0)
(259.645 0 0)
(67.9057 0 0)
(0.645977 0 0)
(0.000364068 0 0)
(4.22883e-08 0 0)
(4.61165e-12 0 0)
(-9.62434e-14 0 0)
(-2.81424e-14 0 0)
(-7.42795e-15 0 0)
(7.65996e-14 0 0)
(4.79547e-14 0 0)
(-8.51886e-15 0 0)
(-1.05165e-13 0 0)
(-4.01869e-14 0 0)
(7.01894e-14 0 0)
(5.57764e-14 0 0)
(-6.2718e-14 0 0)
(-3.49014e-14 0 0)
(7.65244e-16 0 0)
(3.35737e-14 0 0)
(6.35139e-14 0 0)
(-6.65933e-14 0 0)
(-5.07981e-14 0 0)
(-1.44275e-14 0 0)
(4.75301e-14 0 0)
(7.01547e-14 0 0)
(-1.292e-13 0 0)
(-7.93107e-14 0 0)
(-2.76478e-14 0 0)
(-1.3613e-13 0 0)
(-2.32345e-13 0 0)
(-2.02034e-13 0 0)
(5.04181e-14 0 0)
(1.74513e-13 0 0)
(1.2069e-14 0 0)
(-5.52763e-14 0 0)
(-9.72917e-14 0 0)
(3.5504e-14 0 0)
(3.50018e-14 0 0)
(-5.75459e-14 0 0)
)
;

boundaryField
{
    sides
    {
        type            fixedValue;
        value           uniform (0 0 0);
    }
    empty
    {
        type            empty;
    }
}


// ************************************************************************* //
