/*--------------------------------*- C++ -*----------------------------------*\
| =========                 |                                                 |
| \\      /  F ield         | OpenFOAM: The Open Source CFD Toolbox           |
|  \\    /   O peration     | Version:  2412                                  |
|   \\  /    A nd           | Website:  www.openfoam.com                      |
|    \\/     M anipulation  |                                                 |
\*---------------------------------------------------------------------------*/
FoamFile
{
    version     2.0;
    format      ascii;
    arch        "LSB;label=32;scalar=64";
    class       volVectorField;
    location    "0.025308";
    object      U;
}
// * * * * * * * * * * * * * * * * * * * * * * * * * * * * * * * * * * * * * //

dimensions      [0 1 -1 0 0 0 0];

internalField   nonuniform List<vector> 
100
(
(2.84167 0 0)
(8.5702 0 0)
(14.2388 0 0)
(19.9102 0 0)
(25.5762 0 0)
(31.2407 0 0)
(36.9153 0 0)
(42.6499 0 0)
(48.2703 0 0)
(54.0886 0 0)
(59.5844 0 0)
(65.5306 0 0)
(70.8773 0 0)
(76.8646 0 0)
(82.1728 0 0)
(88.1044 0 0)
(93.6769 0 0)
(99.3676 0 0)
(105.158 0 0)
(110.63 0 0)
(116.55 0 0)
(121.912 0 0)
(127.848 0 0)
(133.266 0 0)
(139.139 0 0)
(144.646 0 0)
(150.538 0 0)
(156.225 0 0)
(162.173 0 0)
(167.918 0 0)
(173.679 0 0)
(179.2 0 0)
(184.627 0 0)
(189.904 0 0)
(195.158 0 0)
(200.386 0 0)
(205.808 0 0)
(211.868 0 0)
(218.68 0 0)
(225.445 0 0)
(230.963 0 0)
(235.321 0 0)
(240.227 0 0)
(250.287 0 0)
(270.044 0 0)
(282.095 0 0)
(284.634 0 0)
(287.376 0 0)
(289.638 0 0)
(289.765 0 0)
(288.261 0 0)
(284.067 0 0)
(281.675 0 0)
(281.018 0 0)
(281.416 0 0)
(282.146 0 0)
(282.777 0 0)
(282.301 0 0)
(283.363 0 0)
(285.21 0 0)
(284.427 0 0)
(280.64 0 0)
(280.585 0 0)
(287.087 0 0)
(288.313 0 0)
(281.852 0 0)
(267.818 0 0)
(137.688 0 0)
(19.8449 0 0)
(-2.35892 0 0)
(21.1911 0 0)
(19.3429 0 0)
(12.6893 0 0)
(3.09765 0 0)
(-15.3939 0 0)
(-7.18337 0 0)
(-8.28052 0 0)
(-3.77702 0 0)
(-0.868633 0 0)
(-3.29337 0 0)
(3.21332 0 0)
(4.33668 0 0)
(6.38477 0 0)
(9.42609 0 0)
(3.54594 0 0)
(-2.94861 0 0)
(-6.99247 0 0)
(-5.73488 0 0)
(-1.04775 0 0)
(5.46487 0 0)
(5.97508 0 0)
(3.5008 0 0)
(-2.88839 0 0)
(-6.76272 0 0)
(-6.83277 0 0)
(-3.01638 0 0)
(3.16516 0 0)
(6.48403 0 0)
(7.81634 0 0)
(2.45353 0 0)
)
;

boundaryField
{
    sides
    {
        type            fixedValue;
        value           uniform (0 0 0);
    }
    empty
    {
        type            empty;
    }
}


// ************************************************************************* //
