/*--------------------------------*- C++ -*----------------------------------*\
| =========                 |                                                 |
| \\      /  F ield         | OpenFOAM: The Open Source CFD Toolbox           |
|  \\    /   O peration     | Version:  2412                                  |
|   \\  /    A nd           | Website:  www.openfoam.com                      |
|    \\/     M anipulation  |                                                 |
\*---------------------------------------------------------------------------*/
FoamFile
{
    version     2.0;
    format      ascii;
    arch        "LSB;label=32;scalar=64";
    class       volVectorField;
    location    "0.0320492";
    object      U;
}
// * * * * * * * * * * * * * * * * * * * * * * * * * * * * * * * * * * * * * //

dimensions      [0 1 -1 0 0 0 0];

internalField   nonuniform List<vector> 
100
(
(2.10898 0 0)
(6.39463 0 0)
(10.6021 0 0)
(14.9146 0 0)
(19.06 0 0)
(23.4342 0 0)
(27.4635 0 0)
(31.9852 0 0)
(35.8968 0 0)
(40.5094 0 0)
(44.4182 0 0)
(48.9726 0 0)
(53.1142 0 0)
(57.4254 0 0)
(61.8244 0 0)
(65.9162 0 0)
(70.4485 0 0)
(74.4096 0 0)
(78.9577 0 0)
(82.95 0 0)
(87.4556 0 0)
(91.5519 0 0)
(96.0185 0 0)
(100.203 0 0)
(104.604 0 0)
(108.837 0 0)
(113.183 0 0)
(117.445 0 0)
(121.762 0 0)
(126.038 0 0)
(130.329 0 0)
(134.596 0 0)
(138.86 0 0)
(143.115 0 0)
(147.381 0 0)
(151.636 0 0)
(155.895 0 0)
(160.082 0 0)
(164.261 0 0)
(168.347 0 0)
(172.371 0 0)
(176.391 0 0)
(180.312 0 0)
(183.975 0 0)
(187.2 0 0)
(189.748 0 0)
(191.875 0 0)
(193.778 0 0)
(195.311 0 0)
(197.092 0 0)
(196.111 0 0)
(59.9818 0 0)
(-78.9808 0 0)
(-92.0613 0 0)
(-79.2603 0 0)
(-72.1369 0 0)
(-68.4402 0 0)
(-63.8265 0 0)
(-57.9705 0 0)
(-54.5128 0 0)
(-53.5288 0 0)
(-51.4086 0 0)
(-53.0392 0 0)
(-48.6495 0 0)
(-47.3595 0 0)
(-43.2905 0 0)
(-40.0538 0 0)
(-37.0392 0 0)
(-30.5081 0 0)
(-36.2388 0 0)
(-34.0839 0 0)
(-33.5378 0 0)
(-24.6555 0 0)
(-9.48321 0 0)
(4.18541 0 0)
(14.7722 0 0)
(11.5505 0 0)
(7.7459 0 0)
(1.48642 0 0)
(-1.77654 0 0)
(-1.36616 0 0)
(-0.862192 0 0)
(-0.234254 0 0)
(-1.70363 0 0)
(-2.81834 0 0)
(-1.68086 0 0)
(0.501097 0 0)
(1.84664 0 0)
(1.52561 0 0)
(-0.0515933 0 0)
(-1.356 0 0)
(-0.0244935 0 0)
(1.60311 0 0)
(4.0767 0 0)
(3.67771 0 0)
(0.793006 0 0)
(-4.65273 0 0)
(-8.85324 0 0)
(-7.9729 0 0)
(-4.11455 0 0)
)
;

boundaryField
{
    sides
    {
        type            fixedValue;
        value           uniform (0 0 0);
    }
    empty
    {
        type            empty;
    }
}


// ************************************************************************* //
