/*--------------------------------*- C++ -*----------------------------------*\
| =========                 |                                                 |
| \\      /  F ield         | OpenFOAM: The Open Source CFD Toolbox           |
|  \\    /   O peration     | Version:  2412                                  |
|   \\  /    A nd           | Website:  www.openfoam.com                      |
|    \\/     M anipulation  |                                                 |
\*---------------------------------------------------------------------------*/
FoamFile
{
    version     2.0;
    format      ascii;
    arch        "LSB;label=32;scalar=64";
    class       volVectorField;
    location    "0.0112461";
    object      U;
}
// * * * * * * * * * * * * * * * * * * * * * * * * * * * * * * * * * * * * * //

dimensions      [0 1 -1 0 0 0 0];

internalField   nonuniform List<vector> 
100
(
(5.28761e-14 0 0)
(9.58307e-14 0 0)
(5.42636e-14 0 0)
(-4.21924e-14 0 0)
(-2.35922e-14 0 0)
(1.90102e-14 0 0)
(1.29505e-13 0 0)
(6.49201e-12 0 0)
(2.99318e-09 0 0)
(1.09686e-06 0 0)
(0.000242596 0 0)
(0.0235212 0 0)
(0.694646 0 0)
(5.5158 0 0)
(16.5874 0 0)
(29.1389 0 0)
(39.7517 0 0)
(48.5183 0 0)
(56.3358 0 0)
(63.7928 0 0)
(71.1513 0 0)
(78.5004 0 0)
(85.8595 0 0)
(93.2364 0 0)
(100.62 0 0)
(108.045 0 0)
(115.432 0 0)
(122.955 0 0)
(130.221 0 0)
(137.95 0 0)
(144.852 0 0)
(152.894 0 0)
(159.502 0 0)
(167.409 0 0)
(174.551 0 0)
(181.467 0 0)
(189.325 0 0)
(195.975 0 0)
(203.728 0 0)
(210.515 0 0)
(218.433 0 0)
(225.437 0 0)
(233.045 0 0)
(240.283 0 0)
(247.523 0 0)
(254.738 0 0)
(262.365 0 0)
(269.555 0 0)
(274.034 0 0)
(278.664 0 0)
(282.844 0 0)
(287.367 0 0)
(288.028 0 0)
(281.408 0 0)
(277.82 0 0)
(280.504 0 0)
(288.982 0 0)
(289.878 0 0)
(278.928 0 0)
(275.597 0 0)
(279.743 0 0)
(289.022 0 0)
(289.333 0 0)
(280.388 0 0)
(276.62 0 0)
(279.087 0 0)
(288.533 0 0)
(288.174 0 0)
(284.83 0 0)
(277.9 0 0)
(278.062 0 0)
(280.436 0 0)
(287.402 0 0)
(286.22 0 0)
(284.268 0 0)
(280.734 0 0)
(277.87 0 0)
(279.105 0 0)
(281.552 0 0)
(281.875 0 0)
(281.317 0 0)
(283.278 0 0)
(284.471 0 0)
(281.983 0 0)
(278.057 0 0)
(277.783 0 0)
(278.083 0 0)
(279.599 0 0)
(282.693 0 0)
(283.393 0 0)
(283.13 0 0)
(281.35 0 0)
(279.918 0 0)
(279.831 0 0)
(280.694 0 0)
(284.32 0 0)
(280.557 0 0)
(203.673 0 0)
(24.2495 0 0)
(26.544 0 0)
)
;

boundaryField
{
    sides
    {
        type            fixedValue;
        value           uniform (0 0 0);
    }
    empty
    {
        type            empty;
    }
}


// ************************************************************************* //
