/*--------------------------------*- C++ -*----------------------------------*\
| =========                 |                                                 |
| \\      /  F ield         | OpenFOAM: The Open Source CFD Toolbox           |
|  \\    /   O peration     | Version:  2412                                  |
|   \\  /    A nd           | Website:  www.openfoam.com                      |
|    \\/     M anipulation  |                                                 |
\*---------------------------------------------------------------------------*/
FoamFile
{
    version     2.0;
    format      ascii;
    arch        "LSB;label=32;scalar=64";
    class       volVectorField;
    location    "0.0535795";
    object      U;
}
// * * * * * * * * * * * * * * * * * * * * * * * * * * * * * * * * * * * * * //

dimensions      [0 1 -1 0 0 0 0];

internalField   nonuniform List<vector> 
100
(
(5.18947 0 0)
(13.9029 0 0)
(6.17462 0 0)
(-8.76912 0 0)
(-23.1982 0 0)
(-19.2817 0 0)
(-10.8598 0 0)
(8.42778 0 0)
(17.2977 0 0)
(16.6537 0 0)
(13.0897 0 0)
(6.05371 0 0)
(-1.80208 0 0)
(-6.22733 0 0)
(-9.63265 0 0)
(-13.8377 0 0)
(-10.7381 0 0)
(-29.3469 0 0)
(-126.901 0 0)
(-216.911 0 0)
(-220.933 0 0)
(-219.346 0 0)
(-221.997 0 0)
(-225.411 0 0)
(-224.975 0 0)
(-223.133 0 0)
(-217.757 0 0)
(-209.562 0 0)
(-206.28 0 0)
(-205.927 0 0)
(-220.799 0 0)
(-239.723 0 0)
(-241.22 0 0)
(-239.686 0 0)
(-237.174 0 0)
(-229.559 0 0)
(-201.775 0 0)
(-177.493 0 0)
(-169.867 0 0)
(-167.879 0 0)
(-167.164 0 0)
(-166.303 0 0)
(-164.694 0 0)
(-160.806 0 0)
(-155.931 0 0)
(-153.427 0 0)
(-152.481 0 0)
(-151.661 0 0)
(-151.245 0 0)
(-151.946 0 0)
(-152.62 0 0)
(-152.185 0 0)
(-151.132 0 0)
(-149.033 0 0)
(-143.117 0 0)
(-132.125 0 0)
(-124.238 0 0)
(-120.198 0 0)
(-118.043 0 0)
(-117.168 0 0)
(-116.451 0 0)
(-116.183 0 0)
(-116.01 0 0)
(-115.344 0 0)
(-113.143 0 0)
(-108.558 0 0)
(-102.39 0 0)
(-97.9091 0 0)
(-94.5524 0 0)
(-91.9191 0 0)
(-89.5209 0 0)
(-86.6744 0 0)
(-83.6298 0 0)
(-80.1421 0 0)
(-77.2277 0 0)
(-73.8255 0 0)
(-71.0365 0 0)
(-67.7656 0 0)
(-64.865 0 0)
(-62.1176 0 0)
(-58.8686 0 0)
(-56.8015 0 0)
(-53.2028 0 0)
(-50.5553 0 0)
(-47.1231 0 0)
(-43.7726 0 0)
(-40.6414 0 0)
(-37.0094 0 0)
(-34.5281 0 0)
(-31.2108 0 0)
(-28.8445 0 0)
(-25.8338 0 0)
(-23.3159 0 0)
(-20.2047 0 0)
(-17.0838 0 0)
(-13.7394 0 0)
(-10.0356 0 0)
(-6.97004 0 0)
(-3.65206 0 0)
(-1.59696 0 0)
)
;

boundaryField
{
    sides
    {
        type            fixedValue;
        value           uniform (0 0 0);
    }
    empty
    {
        type            empty;
    }
}


// ************************************************************************* //
