/*--------------------------------*- C++ -*----------------------------------*\
| =========                 |                                                 |
| \\      /  F ield         | OpenFOAM: The Open Source CFD Toolbox           |
|  \\    /   O peration     | Version:  2412                                  |
|   \\  /    A nd           | Website:  www.openfoam.com                      |
|    \\/     M anipulation  |                                                 |
\*---------------------------------------------------------------------------*/
FoamFile
{
    version     2.0;
    format      ascii;
    arch        "LSB;label=32;scalar=64";
    class       volVectorField;
    location    "0.00869313";
    object      U;
}
// * * * * * * * * * * * * * * * * * * * * * * * * * * * * * * * * * * * * * //

dimensions      [0 1 -1 0 0 0 0];

internalField   nonuniform List<vector> 
100
(
(2.68116e-14 0 0)
(3.94997e-14 0 0)
(7.10015e-14 0 0)
(-8.7689e-15 0 0)
(-3.15537e-14 0 0)
(6.71619e-14 0 0)
(-4.97526e-14 0 0)
(-1.86112e-14 0 0)
(1.55867e-14 0 0)
(3.46715e-14 0 0)
(3.39132e-14 0 0)
(1.5377e-14 0 0)
(-3.24231e-14 0 0)
(-8.10458e-14 0 0)
(-3.9207e-14 0 0)
(3.87101e-12 0 0)
(1.89051e-09 0 0)
(7.23653e-07 0 0)
(0.00017027 0 0)
(0.0180382 0 0)
(0.599048 0 0)
(5.30081 0 0)
(17.1556 0 0)
(31.5203 0 0)
(44.2694 0 0)
(55.1707 0 0)
(65.0945 0 0)
(74.6483 0 0)
(84.0891 0 0)
(93.5375 0 0)
(102.954 0 0)
(112.525 0 0)
(121.838 0 0)
(131.727 0 0)
(140.581 0 0)
(150.965 0 0)
(159.385 0 0)
(169.376 0 0)
(178.75 0 0)
(187.1 0 0)
(197.34 0 0)
(205.891 0 0)
(215.891 0 0)
(224.463 0 0)
(234.029 0 0)
(243.717 0 0)
(254.07 0 0)
(262.216 0 0)
(268.009 0 0)
(275.227 0 0)
(285.787 0 0)
(289.845 0 0)
(285.062 0 0)
(277.958 0 0)
(277.843 0 0)
(288.423 0 0)
(288.857 0 0)
(282.292 0 0)
(276.256 0 0)
(277.572 0 0)
(287.636 0 0)
(287.55 0 0)
(283.97 0 0)
(278.42 0 0)
(278.752 0 0)
(284.928 0 0)
(288.911 0 0)
(286.245 0 0)
(283.626 0 0)
(278.217 0 0)
(277.595 0 0)
(279.678 0 0)
(280.062 0 0)
(281.393 0 0)
(284.089 0 0)
(283.618 0 0)
(280.031 0 0)
(279.563 0 0)
(280.013 0 0)
(281.494 0 0)
(283.559 0 0)
(283.72 0 0)
(282.441 0 0)
(278.112 0 0)
(276.68 0 0)
(276.643 0 0)
(277.516 0 0)
(279.865 0 0)
(283.195 0 0)
(292.246 0 0)
(294.646 0 0)
(257.141 0 0)
(74.1178 0 0)
(0.845657 0 0)
(0.000566122 0 0)
(7.52307e-08 0 0)
(7.94162e-12 0 0)
(-8.03218e-14 0 0)
(8.51326e-15 0 0)
(1.00337e-13 0 0)
)
;

boundaryField
{
    sides
    {
        type            fixedValue;
        value           uniform (0 0 0);
    }
    empty
    {
        type            empty;
    }
}


// ************************************************************************* //
