/*--------------------------------*- C++ -*----------------------------------*\
| =========                 |                                                 |
| \\      /  F ield         | OpenFOAM: The Open Source CFD Toolbox           |
|  \\    /   O peration     | Version:  2412                                  |
|   \\  /    A nd           | Website:  www.openfoam.com                      |
|    \\/     M anipulation  |                                                 |
\*---------------------------------------------------------------------------*/
FoamFile
{
    version     2.0;
    format      ascii;
    arch        "LSB;label=32;scalar=64";
    class       volVectorField;
    location    "0.0411474";
    object      U;
}
// * * * * * * * * * * * * * * * * * * * * * * * * * * * * * * * * * * * * * //

dimensions      [0 1 -1 0 0 0 0];

internalField   nonuniform List<vector> 
100
(
(1.57771 0 0)
(4.90631 0 0)
(8.16554 0 0)
(11.4001 0 0)
(14.6113 0 0)
(17.8029 0 0)
(20.9742 0 0)
(24.1259 0 0)
(27.2714 0 0)
(30.3966 0 0)
(33.518 0 0)
(36.6297 0 0)
(39.74 0 0)
(42.836 0 0)
(45.9064 0 0)
(48.9671 0 0)
(52.0913 0 0)
(55.6528 0 0)
(59.0719 0 0)
(40.6051 0 0)
(-138.097 0 0)
(-214.479 0 0)
(-213.855 0 0)
(-195.558 0 0)
(-185.95 0 0)
(-181.998 0 0)
(-180.273 0 0)
(-179.541 0 0)
(-185.251 0 0)
(-191.801 0 0)
(-191.798 0 0)
(-190.077 0 0)
(-187.134 0 0)
(-177.415 0 0)
(-162.495 0 0)
(-155.999 0 0)
(-153.805 0 0)
(-153.844 0 0)
(-158.416 0 0)
(-163.056 0 0)
(-163.148 0 0)
(-161.693 0 0)
(-159.133 0 0)
(-153.566 0 0)
(-147.747 0 0)
(-145.232 0 0)
(-145.239 0 0)
(-146.128 0 0)
(-145.328 0 0)
(-141.829 0 0)
(-134.814 0 0)
(-129.121 0 0)
(-127.152 0 0)
(-128.097 0 0)
(-129.74 0 0)
(-129.228 0 0)
(-125.606 0 0)
(-118.46 0 0)
(-112.286 0 0)
(-110.037 0 0)
(-111.427 0 0)
(-116.842 0 0)
(-118.801 0 0)
(-116.972 0 0)
(-112.101 0 0)
(-100.595 0 0)
(-92.765 0 0)
(-88.1318 0 0)
(-89.1309 0 0)
(-90.1899 0 0)
(-91.9234 0 0)
(-92.6853 0 0)
(-89.7154 0 0)
(-89.4128 0 0)
(-84.2226 0 0)
(-82.2752 0 0)
(-79.3931 0 0)
(-76.9505 0 0)
(-73.6873 0 0)
(-69.4191 0 0)
(-68.9017 0 0)
(-67.229 0 0)
(-67.0229 0 0)
(-64.6487 0 0)
(-59.9863 0 0)
(-55.6646 0 0)
(-53.7416 0 0)
(-55.5718 0 0)
(-63.0051 0 0)
(-68.2392 0 0)
(-70.0624 0 0)
(-66.0131 0 0)
(-54.775 0 0)
(-39.1767 0 0)
(-24.6724 0 0)
(-14.1011 0 0)
(-6.55341 0 0)
(-3.51801 0 0)
(-0.262358 0 0)
(0.22925 0 0)
)
;

boundaryField
{
    sides
    {
        type            fixedValue;
        value           uniform (0 0 0);
    }
    empty
    {
        type            empty;
    }
}


// ************************************************************************* //
