/*--------------------------------*- C++ -*----------------------------------*\
| =========                 |                                                 |
| \\      /  F ield         | OpenFOAM: The Open Source CFD Toolbox           |
|  \\    /   O peration     | Version:  2412                                  |
|   \\  /    A nd           | Website:  www.openfoam.com                      |
|    \\/     M anipulation  |                                                 |
\*---------------------------------------------------------------------------*/
FoamFile
{
    version     2.0;
    format      ascii;
    arch        "LSB;label=32;scalar=64";
    class       volVectorField;
    location    "0.0247294";
    object      U;
}
// * * * * * * * * * * * * * * * * * * * * * * * * * * * * * * * * * * * * * //

dimensions      [0 1 -1 0 0 0 0];

internalField   nonuniform List<vector> 
100
(
(2.92535 0 0)
(8.82715 0 0)
(14.6835 0 0)
(20.5501 0 0)
(26.4035 0 0)
(32.2107 0 0)
(38.0305 0 0)
(43.8964 0 0)
(49.6939 0 0)
(55.6525 0 0)
(61.3419 0 0)
(67.4141 0 0)
(72.9573 0 0)
(79.1181 0 0)
(84.5817 0 0)
(90.6841 0 0)
(96.3456 0 0)
(102.287 0 0)
(108.204 0 0)
(113.848 0 0)
(119.883 0 0)
(125.405 0 0)
(131.464 0 0)
(137.063 0 0)
(143.227 0 0)
(148.98 0 0)
(155.145 0 0)
(160.893 0 0)
(166.743 0 0)
(172.251 0 0)
(177.767 0 0)
(183.172 0 0)
(188.67 0 0)
(194.296 0 0)
(200.448 0 0)
(207.141 0 0)
(214.016 0 0)
(220.091 0 0)
(225.095 0 0)
(231.056 0 0)
(242.427 0 0)
(261.631 0 0)
(271.346 0 0)
(275.638 0 0)
(278.681 0 0)
(281.159 0 0)
(284.021 0 0)
(284.513 0 0)
(283.027 0 0)
(282.226 0 0)
(282.214 0 0)
(282.007 0 0)
(281.815 0 0)
(282.831 0 0)
(283.98 0 0)
(283.265 0 0)
(282.479 0 0)
(283.454 0 0)
(284.691 0 0)
(283.153 0 0)
(280.811 0 0)
(282.256 0 0)
(287.267 0 0)
(287.271 0 0)
(278.704 0 0)
(276.03 0 0)
(285.327 0 0)
(297.333 0 0)
(175.697 0 0)
(30.9461 0 0)
(17.3488 0 0)
(4.87797 0 0)
(6.23469 0 0)
(15.0192 0 0)
(5.5714 0 0)
(12.414 0 0)
(-1.95103 0 0)
(-7.099 0 0)
(-6.83168 0 0)
(-13.1677 0 0)
(-5.75 0 0)
(-2.84734 0 0)
(3.81332 0 0)
(9.178 0 0)
(6.40357 0 0)
(6.17074 0 0)
(0.512445 0 0)
(-3.46066 0 0)
(-6.60599 0 0)
(-2.78792 0 0)
(2.80824 0 0)
(6.74781 0 0)
(4.0136 0 0)
(3.80073 0 0)
(-1.43012 0 0)
(-4.26781 0 0)
(-5.16726 0 0)
(-4.06035 0 0)
(-2.57853 0 0)
(-4.43495 0 0)
)
;

boundaryField
{
    sides
    {
        type            fixedValue;
        value           uniform (0 0 0);
    }
    empty
    {
        type            empty;
    }
}


// ************************************************************************* //
