/*--------------------------------*- C++ -*----------------------------------*\
| =========                 |                                                 |
| \\      /  F ield         | OpenFOAM: The Open Source CFD Toolbox           |
|  \\    /   O peration     | Version:  2412                                  |
|   \\  /    A nd           | Website:  www.openfoam.com                      |
|    \\/     M anipulation  |                                                 |
\*---------------------------------------------------------------------------*/
FoamFile
{
    version     2.0;
    format      ascii;
    arch        "LSB;label=32;scalar=64";
    class       volVectorField;
    location    "0.0467696";
    object      U;
}
// * * * * * * * * * * * * * * * * * * * * * * * * * * * * * * * * * * * * * //

dimensions      [0 1 -1 0 0 0 0];

internalField   nonuniform List<vector> 
100
(
(-76.958 0 0)
(-103.006 0 0)
(-242.725 0 0)
(-259.7 0 0)
(-245.776 0 0)
(-226.916 0 0)
(-222.139 0 0)
(-220.019 0 0)
(-219.136 0 0)
(-223.298 0 0)
(-236.628 0 0)
(-239.95 0 0)
(-238.563 0 0)
(-236.334 0 0)
(-229.733 0 0)
(-221.104 0 0)
(-217.636 0 0)
(-216.474 0 0)
(-217.689 0 0)
(-220.945 0 0)
(-220.524 0 0)
(-218.84 0 0)
(-212.4 0 0)
(-203.625 0 0)
(-199.791 0 0)
(-198.64 0 0)
(-201.486 0 0)
(-205.498 0 0)
(-204.867 0 0)
(-202.353 0 0)
(-194.503 0 0)
(-185.266 0 0)
(-181.623 0 0)
(-180.84 0 0)
(-187.414 0 0)
(-196.822 0 0)
(-197.861 0 0)
(-195.867 0 0)
(-189.224 0 0)
(-173.473 0 0)
(-163.116 0 0)
(-159.403 0 0)
(-158.247 0 0)
(-159.785 0 0)
(-166.919 0 0)
(-170.926 0 0)
(-170.453 0 0)
(-168.736 0 0)
(-165.128 0 0)
(-161.094 0 0)
(-158.562 0 0)
(-156.58 0 0)
(-153.07 0 0)
(-148.581 0 0)
(-145.671 0 0)
(-144.615 0 0)
(-144.956 0 0)
(-145.856 0 0)
(-145.178 0 0)
(-142.499 0 0)
(-136.734 0 0)
(-131.515 0 0)
(-129.376 0 0)
(-131.97 0 0)
(-144.658 0 0)
(-152.596 0 0)
(-152.732 0 0)
(-150.15 0 0)
(-143.388 0 0)
(-125.061 0 0)
(-106.86 0 0)
(-96.0777 0 0)
(-91.5959 0 0)
(-87.0102 0 0)
(-83.6006 0 0)
(-80.7939 0 0)
(-78.1503 0 0)
(-77.1598 0 0)
(-75.1163 0 0)
(-75.5499 0 0)
(-74.0127 0 0)
(-71.4595 0 0)
(-66.7859 0 0)
(-59.8426 0 0)
(-55.0345 0 0)
(-49.6447 0 0)
(-46.2422 0 0)
(-43.306 0 0)
(-41.8431 0 0)
(-39.5112 0 0)
(-36.9665 0 0)
(-33.4061 0 0)
(-29.4868 0 0)
(-25.1101 0 0)
(-20.868 0 0)
(-16.9705 0 0)
(-13.0863 0 0)
(-9.69345 0 0)
(-5.59438 0 0)
(-2.04955 0 0)
)
;

boundaryField
{
    sides
    {
        type            fixedValue;
        value           uniform (0 0 0);
    }
    empty
    {
        type            empty;
    }
}


// ************************************************************************* //
