/*--------------------------------*- C++ -*----------------------------------*\
| =========                 |                                                 |
| \\      /  F ield         | OpenFOAM: The Open Source CFD Toolbox           |
|  \\    /   O peration     | Version:  2412                                  |
|   \\  /    A nd           | Website:  www.openfoam.com                      |
|    \\/     M anipulation  |                                                 |
\*---------------------------------------------------------------------------*/
FoamFile
{
    version     2.0;
    format      ascii;
    arch        "LSB;label=32;scalar=64";
    class       volVectorField;
    location    "0.0484204";
    object      U;
}
// * * * * * * * * * * * * * * * * * * * * * * * * * * * * * * * * * * * * * //

dimensions      [0 1 -1 0 0 0 0];

internalField   nonuniform List<vector> 
100
(
(26.2674 0 0)
(-2.20827 0 0)
(7.81911 0 0)
(31.2469 0 0)
(21.1564 0 0)
(-64.9681 0 0)
(-226.507 0 0)
(-236.747 0 0)
(-234.881 0 0)
(-235.05 0 0)
(-239.66 0 0)
(-239.627 0 0)
(-238.224 0 0)
(-233.816 0 0)
(-224.083 0 0)
(-218.85 0 0)
(-217.284 0 0)
(-218.357 0 0)
(-224.298 0 0)
(-225.874 0 0)
(-224.223 0 0)
(-219.95 0 0)
(-208.811 0 0)
(-202.447 0 0)
(-200.198 0 0)
(-201.532 0 0)
(-212.937 0 0)
(-219.563 0 0)
(-218.619 0 0)
(-215.989 0 0)
(-205.455 0 0)
(-187.679 0 0)
(-179.689 0 0)
(-177.258 0 0)
(-176.217 0 0)
(-178.466 0 0)
(-187.79 0 0)
(-191.927 0 0)
(-191.023 0 0)
(-188.939 0 0)
(-184.926 0 0)
(-180.816 0 0)
(-178.262 0 0)
(-176.131 0 0)
(-172.478 0 0)
(-167.959 0 0)
(-165.172 0 0)
(-164.055 0 0)
(-164.474 0 0)
(-166.187 0 0)
(-165.807 0 0)
(-163.821 0 0)
(-158.708 0 0)
(-152.329 0 0)
(-149.477 0 0)
(-149.831 0 0)
(-161.546 0 0)
(-174.235 0 0)
(-175.678 0 0)
(-174.035 0 0)
(-169.907 0 0)
(-156.045 0 0)
(-133.657 0 0)
(-119.799 0 0)
(-113.577 0 0)
(-109.91 0 0)
(-106.742 0 0)
(-103.355 0 0)
(-100.256 0 0)
(-97.94 0 0)
(-96.9321 0 0)
(-95.8902 0 0)
(-95.6931 0 0)
(-94.6527 0 0)
(-93.354 0 0)
(-89.538 0 0)
(-83.8433 0 0)
(-77.6678 0 0)
(-70.7881 0 0)
(-67.5113 0 0)
(-63.5697 0 0)
(-61.9372 0 0)
(-60.242 0 0)
(-59.2869 0 0)
(-57.6515 0 0)
(-53.292 0 0)
(-49.4601 0 0)
(-44.3128 0 0)
(-40.4964 0 0)
(-36.644 0 0)
(-33.2215 0 0)
(-29.5516 0 0)
(-26.435 0 0)
(-22.8019 0 0)
(-19.393 0 0)
(-15.7385 0 0)
(-11.7674 0 0)
(-8.50418 0 0)
(-4.7293 0 0)
(-1.78955 0 0)
)
;

boundaryField
{
    sides
    {
        type            fixedValue;
        value           uniform (0 0 0);
    }
    empty
    {
        type            empty;
    }
}


// ************************************************************************* //
