/*--------------------------------*- C++ -*----------------------------------*\
| =========                 |                                                 |
| \\      /  F ield         | OpenFOAM: The Open Source CFD Toolbox           |
|  \\    /   O peration     | Version:  2412                                  |
|   \\  /    A nd           | Website:  www.openfoam.com                      |
|    \\/     M anipulation  |                                                 |
\*---------------------------------------------------------------------------*/
FoamFile
{
    version     2.0;
    format      ascii;
    arch        "LSB;label=32;scalar=64";
    class       volVectorField;
    location    "0.0479446";
    object      U;
}
// * * * * * * * * * * * * * * * * * * * * * * * * * * * * * * * * * * * * * //

dimensions      [0 1 -1 0 0 0 0];

internalField   nonuniform List<vector> 
100
(
(45.3119 0 0)
(46.0038 0 0)
(55.6472 0 0)
(40.5738 0 0)
(-116.358 0 0)
(-251.098 0 0)
(-254.007 0 0)
(-248.243 0 0)
(-239.15 0 0)
(-231.858 0 0)
(-229.792 0 0)
(-228.68 0 0)
(-232.014 0 0)
(-234.684 0 0)
(-233.875 0 0)
(-231.776 0 0)
(-224.407 0 0)
(-215.731 0 0)
(-212.75 0 0)
(-212.023 0 0)
(-215.83 0 0)
(-220.311 0 0)
(-219.578 0 0)
(-217.366 0 0)
(-208.885 0 0)
(-199.233 0 0)
(-195.55 0 0)
(-194.659 0 0)
(-201.082 0 0)
(-211.815 0 0)
(-213.026 0 0)
(-211.23 0 0)
(-205.461 0 0)
(-188.974 0 0)
(-176.646 0 0)
(-172.743 0 0)
(-171.408 0 0)
(-171.732 0 0)
(-178.888 0 0)
(-185.516 0 0)
(-185.64 0 0)
(-183.944 0 0)
(-180.657 0 0)
(-176.363 0 0)
(-173.291 0 0)
(-171.377 0 0)
(-168.467 0 0)
(-163.953 0 0)
(-160.374 0 0)
(-158.851 0 0)
(-158.585 0 0)
(-160.082 0 0)
(-160.317 0 0)
(-158.85 0 0)
(-154.639 0 0)
(-148.059 0 0)
(-144.376 0 0)
(-143.606 0 0)
(-151.582 0 0)
(-165.997 0 0)
(-169.371 0 0)
(-168.141 0 0)
(-164.898 0 0)
(-153.986 0 0)
(-132.216 0 0)
(-116.308 0 0)
(-108.774 0 0)
(-104.621 0 0)
(-101.488 0 0)
(-97.8952 0 0)
(-94.9455 0 0)
(-92.4294 0 0)
(-91.4157 0 0)
(-90.1723 0 0)
(-89.901 0 0)
(-89.249 0 0)
(-86.8235 0 0)
(-83.1847 0 0)
(-77.0923 0 0)
(-71.6383 0 0)
(-64.7677 0 0)
(-61.3056 0 0)
(-58.532 0 0)
(-56.3004 0 0)
(-55.197 0 0)
(-52.8371 0 0)
(-50.8829 0 0)
(-46.6785 0 0)
(-42.5081 0 0)
(-37.896 0 0)
(-34.1599 0 0)
(-30.4669 0 0)
(-27.1401 0 0)
(-23.2593 0 0)
(-19.4999 0 0)
(-15.8241 0 0)
(-11.9449 0 0)
(-8.68117 0 0)
(-4.81978 0 0)
(-1.86941 0 0)
)
;

boundaryField
{
    sides
    {
        type            fixedValue;
        value           uniform (0 0 0);
    }
    empty
    {
        type            empty;
    }
}


// ************************************************************************* //
