/*--------------------------------*- C++ -*----------------------------------*\
| =========                 |                                                 |
| \\      /  F ield         | OpenFOAM: The Open Source CFD Toolbox           |
|  \\    /   O peration     | Version:  2412                                  |
|   \\  /    A nd           | Website:  www.openfoam.com                      |
|    \\/     M anipulation  |                                                 |
\*---------------------------------------------------------------------------*/
FoamFile
{
    version     2.0;
    format      ascii;
    arch        "LSB;label=32;scalar=64";
    class       volVectorField;
    location    "0.0207394";
    object      U;
}
// * * * * * * * * * * * * * * * * * * * * * * * * * * * * * * * * * * * * * //

dimensions      [0 1 -1 0 0 0 0];

internalField   nonuniform List<vector> 
100
(
(3.61301 0 0)
(10.9405 0 0)
(18.2197 0 0)
(25.4399 0 0)
(32.7277 0 0)
(39.975 0 0)
(47.2722 0 0)
(54.586 0 0)
(61.9226 0 0)
(69.232 0 0)
(76.4139 0 0)
(83.4803 0 0)
(90.3533 0 0)
(97.4186 0 0)
(104.377 0 0)
(112.04 0 0)
(119.499 0 0)
(128.401 0 0)
(137.46 0 0)
(147.916 0 0)
(158.528 0 0)
(170.33 0 0)
(181.62 0 0)
(188.498 0 0)
(192.122 0 0)
(194.562 0 0)
(197.067 0 0)
(199.438 0 0)
(202.8 0 0)
(206.272 0 0)
(211.262 0 0)
(216.147 0 0)
(220.533 0 0)
(224.363 0 0)
(228.356 0 0)
(232.348 0 0)
(236.483 0 0)
(240.597 0 0)
(244.73 0 0)
(248.81 0 0)
(252.874 0 0)
(256.924 0 0)
(260.772 0 0)
(264.756 0 0)
(268.865 0 0)
(272.464 0 0)
(275.728 0 0)
(279.511 0 0)
(282.237 0 0)
(283.636 0 0)
(284.335 0 0)
(284.001 0 0)
(283.069 0 0)
(283.24 0 0)
(283.953 0 0)
(282.757 0 0)
(281.377 0 0)
(282.813 0 0)
(286.068 0 0)
(285.993 0 0)
(279.416 0 0)
(277.438 0 0)
(286.388 0 0)
(290.472 0 0)
(285.457 0 0)
(274.744 0 0)
(273.028 0 0)
(289.564 0 0)
(291.505 0 0)
(283.914 0 0)
(271.942 0 0)
(271.117 0 0)
(290.401 0 0)
(292.575 0 0)
(285.582 0 0)
(271.937 0 0)
(207.254 0 0)
(36.9019 0 0)
(11.7598 0 0)
(1.31403 0 0)
(22.258 0 0)
(17.9609 0 0)
(14.6275 0 0)
(19.0059 0 0)
(6.45669 0 0)
(9.4472 0 0)
(16.8699 0 0)
(14.9659 0 0)
(8.16303 0 0)
(0.676153 0 0)
(-5.50329 0 0)
(-9.98667 0 0)
(-15.9235 0 0)
(-15.1961 0 0)
(-9.16749 0 0)
(-0.409647 0 0)
(8.78845 0 0)
(13.6565 0 0)
(12.1229 0 0)
(0.86618 0 0)
)
;

boundaryField
{
    sides
    {
        type            fixedValue;
        value           uniform (0 0 0);
    }
    empty
    {
        type            empty;
    }
}


// ************************************************************************* //
