/*--------------------------------*- C++ -*----------------------------------*\
| =========                 |                                                 |
| \\      /  F ield         | OpenFOAM: The Open Source CFD Toolbox           |
|  \\    /   O peration     | Version:  2412                                  |
|   \\  /    A nd           | Website:  www.openfoam.com                      |
|    \\/     M anipulation  |                                                 |
\*---------------------------------------------------------------------------*/
FoamFile
{
    version     2.0;
    format      ascii;
    arch        "LSB;label=32;scalar=64";
    class       volVectorField;
    location    "0.0368862";
    object      U;
}
// * * * * * * * * * * * * * * * * * * * * * * * * * * * * * * * * * * * * * //

dimensions      [0 1 -1 0 0 0 0];

internalField   nonuniform List<vector> 
100
(
(1.76275 0 0)
(5.49747 0 0)
(9.0003 0 0)
(12.7825 0 0)
(16.1811 0 0)
(20.0779 0 0)
(23.3604 0 0)
(27.2585 0 0)
(30.5499 0 0)
(34.2962 0 0)
(37.8717 0 0)
(41.587 0 0)
(45.3383 0 0)
(48.9243 0 0)
(52.6834 0 0)
(56.0594 0 0)
(59.8634 0 0)
(63.1807 0 0)
(67.0594 0 0)
(70.4619 0 0)
(74.2495 0 0)
(77.7189 0 0)
(81.4178 0 0)
(84.9373 0 0)
(88.5782 0 0)
(92.1381 0 0)
(95.7663 0 0)
(99.3591 0 0)
(102.98 0 0)
(106.555 0 0)
(110.12 0 0)
(113.606 0 0)
(117.119 0 0)
(120.919 0 0)
(124.399 0 0)
(75.2915 0 0)
(-108.358 0 0)
(-152.042 0 0)
(-145.249 0 0)
(-137.305 0 0)
(-137.76 0 0)
(-142.29 0 0)
(-141.837 0 0)
(-137.772 0 0)
(-130.026 0 0)
(-123.672 0 0)
(-121.295 0 0)
(-120.92 0 0)
(-121.751 0 0)
(-123.205 0 0)
(-123.328 0 0)
(-122.2 0 0)
(-118.228 0 0)
(-109.247 0 0)
(-99.3995 0 0)
(-94.7638 0 0)
(-93.7549 0 0)
(-94.9016 0 0)
(-95.5757 0 0)
(-94.9309 0 0)
(-93.7958 0 0)
(-91.5398 0 0)
(-88.3806 0 0)
(-83.4262 0 0)
(-81.5547 0 0)
(-78.358 0 0)
(-78.6254 0 0)
(-76.5011 0 0)
(-71.0105 0 0)
(-66.5983 0 0)
(-61.0871 0 0)
(-63.5349 0 0)
(-61.1192 0 0)
(-60.196 0 0)
(-56.251 0 0)
(-49.6969 0 0)
(-46.5372 0 0)
(-43.8822 0 0)
(-48.713 0 0)
(-51.1229 0 0)
(-50.0922 0 0)
(-43.6817 0 0)
(-34.9651 0 0)
(-27.9481 0 0)
(-24.3466 0 0)
(-25.5528 0 0)
(-27.3233 0 0)
(-28.2449 0 0)
(-25.0432 0 0)
(-17.3605 0 0)
(-5.98132 0 0)
(4.41021 0 0)
(11.0457 0 0)
(13.5424 0 0)
(12.231 0 0)
(6.18073 0 0)
(0.995931 0 0)
(-0.607369 0 0)
(-1.13258 0 0)
(0.177372 0 0)
)
;

boundaryField
{
    sides
    {
        type            fixedValue;
        value           uniform (0 0 0);
    }
    empty
    {
        type            empty;
    }
}


// ************************************************************************* //
