/*--------------------------------*- C++ -*----------------------------------*\
| =========                 |                                                 |
| \\      /  F ield         | OpenFOAM: The Open Source CFD Toolbox           |
|  \\    /   O peration     | Version:  2412                                  |
|   \\  /    A nd           | Website:  www.openfoam.com                      |
|    \\/     M anipulation  |                                                 |
\*---------------------------------------------------------------------------*/
FoamFile
{
    version     2.0;
    format      ascii;
    arch        "LSB;label=32;scalar=64";
    class       volVectorField;
    location    "0.054682";
    object      U;
}
// * * * * * * * * * * * * * * * * * * * * * * * * * * * * * * * * * * * * * //

dimensions      [0 1 -1 0 0 0 0];

internalField   nonuniform List<vector> 
100
(
(-12.56 0 0)
(-27.8411 0 0)
(-18.889 0 0)
(2.05325 0 0)
(19.9961 0 0)
(25.9222 0 0)
(17.5384 0 0)
(0.837652 0 0)
(-14.2004 0 0)
(-12.4287 0 0)
(-7.11821 0 0)
(-0.609295 0 0)
(-2.64466 0 0)
(-3.35787 0 0)
(-2.57123 0 0)
(6.38839 0 0)
(10.132 0 0)
(8.7292 0 0)
(-1.6991 0 0)
(-21.5472 0 0)
(-71.5797 0 0)
(-192.626 0 0)
(-218.878 0 0)
(-216.992 0 0)
(-230.066 0 0)
(-251.6 0 0)
(-254.403 0 0)
(-252.743 0 0)
(-250.591 0 0)
(-245.271 0 0)
(-220.573 0 0)
(-191.375 0 0)
(-181.649 0 0)
(-179.391 0 0)
(-178.675 0 0)
(-178.431 0 0)
(-177.327 0 0)
(-175.419 0 0)
(-170.513 0 0)
(-165.809 0 0)
(-163.638 0 0)
(-162.754 0 0)
(-161.895 0 0)
(-161.944 0 0)
(-163.129 0 0)
(-163.975 0 0)
(-163.512 0 0)
(-162.545 0 0)
(-160.748 0 0)
(-155.138 0 0)
(-143.024 0 0)
(-134.082 0 0)
(-130.103 0 0)
(-128.591 0 0)
(-127.824 0 0)
(-127.152 0 0)
(-126.949 0 0)
(-127.074 0 0)
(-126.627 0 0)
(-125.287 0 0)
(-121.807 0 0)
(-115.29 0 0)
(-109.689 0 0)
(-106.186 0 0)
(-103.51 0 0)
(-101.348 0 0)
(-98.9229 0 0)
(-96.0765 0 0)
(-92.9135 0 0)
(-89.7216 0 0)
(-86.6681 0 0)
(-83.5955 0 0)
(-80.6553 0 0)
(-77.4834 0 0)
(-74.8665 0 0)
(-72.0674 0 0)
(-69.7086 0 0)
(-66.8357 0 0)
(-63.7121 0 0)
(-60.3801 0 0)
(-57.0922 0 0)
(-54.5286 0 0)
(-50.9257 0 0)
(-48.5873 0 0)
(-45.6254 0 0)
(-42.8274 0 0)
(-40.0156 0 0)
(-36.8849 0 0)
(-34.5082 0 0)
(-31.2431 0 0)
(-28.5571 0 0)
(-25.027 0 0)
(-21.9332 0 0)
(-18.5574 0 0)
(-15.6736 0 0)
(-12.9596 0 0)
(-10.2623 0 0)
(-7.82785 0 0)
(-4.63766 0 0)
(-1.61852 0 0)
)
;

boundaryField
{
    sides
    {
        type            fixedValue;
        value           uniform (0 0 0);
    }
    empty
    {
        type            empty;
    }
}


// ************************************************************************* //
