/*--------------------------------*- C++ -*----------------------------------*\
| =========                 |                                                 |
| \\      /  F ield         | OpenFOAM: The Open Source CFD Toolbox           |
|  \\    /   O peration     | Version:  2412                                  |
|   \\  /    A nd           | Website:  www.openfoam.com                      |
|    \\/     M anipulation  |                                                 |
\*---------------------------------------------------------------------------*/
FoamFile
{
    version     2.0;
    format      ascii;
    arch        "LSB;label=32;scalar=64";
    class       volVectorField;
    location    "0.0473216";
    object      U;
}
// * * * * * * * * * * * * * * * * * * * * * * * * * * * * * * * * * * * * * //

dimensions      [0 1 -1 0 0 0 0];

internalField   nonuniform List<vector> 
100
(
(16.3318 0 0)
(39.8142 0 0)
(-41.1014 0 0)
(-189.122 0 0)
(-229.391 0 0)
(-225.904 0 0)
(-229.939 0 0)
(-243.328 0 0)
(-247.06 0 0)
(-245.103 0 0)
(-242.884 0 0)
(-235.923 0 0)
(-227.044 0 0)
(-223.67 0 0)
(-222.448 0 0)
(-223.767 0 0)
(-227.339 0 0)
(-227.261 0 0)
(-225.393 0 0)
(-220.239 0 0)
(-210.496 0 0)
(-206.53 0 0)
(-204.981 0 0)
(-207.448 0 0)
(-212.324 0 0)
(-212.418 0 0)
(-210.181 0 0)
(-203.664 0 0)
(-193.132 0 0)
(-188.628 0 0)
(-187.131 0 0)
(-191.458 0 0)
(-202.559 0 0)
(-205.102 0 0)
(-203.524 0 0)
(-198.898 0 0)
(-184.248 0 0)
(-170.965 0 0)
(-166.336 0 0)
(-164.742 0 0)
(-164.754 0 0)
(-170.936 0 0)
(-177.349 0 0)
(-177.745 0 0)
(-176.249 0 0)
(-173.29 0 0)
(-169.116 0 0)
(-166.003 0 0)
(-164.128 0 0)
(-161.251 0 0)
(-156.729 0 0)
(-153.034 0 0)
(-151.524 0 0)
(-151.229 0 0)
(-152.502 0 0)
(-152.564 0 0)
(-150.993 0 0)
(-146.571 0 0)
(-140.198 0 0)
(-136.803 0 0)
(-136.354 0 0)
(-145.141 0 0)
(-158.13 0 0)
(-160.76 0 0)
(-159.431 0 0)
(-155.609 0 0)
(-142.853 0 0)
(-121.882 0 0)
(-107.469 0 0)
(-100.17 0 0)
(-96.6751 0 0)
(-92.4004 0 0)
(-89.6765 0 0)
(-86.584 0 0)
(-84.703 0 0)
(-83.3337 0 0)
(-82.0452 0 0)
(-82.2184 0 0)
(-79.7151 0 0)
(-77.3989 0 0)
(-72.7957 0 0)
(-67.1315 0 0)
(-60.6916 0 0)
(-55.2335 0 0)
(-52.1678 0 0)
(-49.2639 0 0)
(-48.3721 0 0)
(-46.3539 0 0)
(-44.0962 0 0)
(-40.53 0 0)
(-36.7209 0 0)
(-32.1265 0 0)
(-27.8527 0 0)
(-23.5226 0 0)
(-19.834 0 0)
(-16.3326 0 0)
(-12.5066 0 0)
(-9.25283 0 0)
(-5.34103 0 0)
(-2.04137 0 0)
)
;

boundaryField
{
    sides
    {
        type            fixedValue;
        value           uniform (0 0 0);
    }
    empty
    {
        type            empty;
    }
}


// ************************************************************************* //
