/*--------------------------------*- C++ -*----------------------------------*\
| =========                 |                                                 |
| \\      /  F ield         | OpenFOAM: The Open Source CFD Toolbox           |
|  \\    /   O peration     | Version:  2412                                  |
|   \\  /    A nd           | Website:  www.openfoam.com                      |
|    \\/     M anipulation  |                                                 |
\*---------------------------------------------------------------------------*/
FoamFile
{
    version     2.0;
    format      ascii;
    arch        "LSB;label=32;scalar=64";
    class       volVectorField;
    location    "0.00416925";
    object      U;
}
// * * * * * * * * * * * * * * * * * * * * * * * * * * * * * * * * * * * * * //

dimensions      [0 1 -1 0 0 0 0];

internalField   nonuniform List<vector> 
100
(
(-6.60406e-15 0 0)
(-1.22211e-13 0 0)
(-1.32174e-13 0 0)
(-4.32904e-14 0 0)
(1.67108e-14 0 0)
(8.12963e-14 0 0)
(1.40096e-14 0 0)
(-8.37076e-14 0 0)
(-1.72013e-13 0 0)
(-1.27201e-13 0 0)
(-7.14967e-14 0 0)
(-4.95479e-14 0 0)
(-6.46083e-14 0 0)
(-4.90031e-14 0 0)
(-7.20167e-14 0 0)
(-6.12221e-14 0 0)
(-2.21017e-15 0 0)
(6.44531e-14 0 0)
(4.74756e-14 0 0)
(-6.34391e-15 0 0)
(4.82618e-14 0 0)
(1.43554e-13 0 0)
(2.00328e-13 0 0)
(2.47502e-13 0 0)
(1.16236e-13 0 0)
(1.25139e-13 0 0)
(1.50795e-13 0 0)
(1.10656e-13 0 0)
(1.35165e-13 0 0)
(6.41392e-13 0 0)
(3.00517e-10 0 0)
(1.34768e-07 0 0)
(3.95785e-05 0 0)
(0.00578909 0 0)
(0.298383 0 0)
(4.08483 0 0)
(17.8717 0 0)
(39.1697 0 0)
(60.9657 0 0)
(81.4243 0 0)
(100.107 0 0)
(120.081 0 0)
(137.243 0 0)
(158.583 0 0)
(175.647 0 0)
(191.236 0 0)
(213.599 0 0)
(232.003 0 0)
(245.194 0 0)
(261.904 0 0)
(285.278 0 0)
(293.066 0 0)
(283.106 0 0)
(277.421 0 0)
(280.713 0 0)
(287.462 0 0)
(287.27 0 0)
(279.785 0 0)
(276.393 0 0)
(277.86 0 0)
(279.665 0 0)
(284.154 0 0)
(286.968 0 0)
(283.266 0 0)
(275.479 0 0)
(274.116 0 0)
(274.92 0 0)
(285.833 0 0)
(296.676 0 0)
(268.289 0 0)
(95.8326 0 0)
(1.4396 0 0)
(0.00109271 0 0)
(1.43255e-07 0 0)
(1.42051e-11 0 0)
(4.23285e-14 0 0)
(7.13333e-15 0 0)
(7.58965e-15 0 0)
(-1.25562e-13 0 0)
(-1.55886e-13 0 0)
(-1.25297e-13 0 0)
(3.90493e-14 0 0)
(4.7284e-14 0 0)
(-1.89927e-13 0 0)
(-2.12312e-13 0 0)
(-1.53912e-13 0 0)
(-1.56287e-13 0 0)
(-1.27342e-13 0 0)
(-2.51891e-13 0 0)
(-1.92346e-13 0 0)
(-7.15445e-14 0 0)
(-1.04872e-13 0 0)
(-1.94796e-13 0 0)
(-2.80047e-13 0 0)
(-3.17374e-13 0 0)
(-1.95841e-13 0 0)
(-9.02126e-14 0 0)
(-4.85441e-14 0 0)
(-6.34712e-14 0 0)
(-1.28019e-13 0 0)
)
;

boundaryField
{
    sides
    {
        type            fixedValue;
        value           uniform (0 0 0);
    }
    empty
    {
        type            empty;
    }
}


// ************************************************************************* //
