/*--------------------------------*- C++ -*----------------------------------*\
| =========                 |                                                 |
| \\      /  F ield         | OpenFOAM: The Open Source CFD Toolbox           |
|  \\    /   O peration     | Version:  2412                                  |
|   \\  /    A nd           | Website:  www.openfoam.com                      |
|    \\/     M anipulation  |                                                 |
\*---------------------------------------------------------------------------*/
FoamFile
{
    version     2.0;
    format      ascii;
    arch        "LSB;label=32;scalar=64";
    class       volVectorField;
    location    "0.0316621";
    object      U;
}
// * * * * * * * * * * * * * * * * * * * * * * * * * * * * * * * * * * * * * //

dimensions      [0 1 -1 0 0 0 0];

internalField   nonuniform List<vector> 
100
(
(2.14279 0 0)
(6.49383 0 0)
(10.7613 0 0)
(15.123 0 0)
(19.337 0 0)
(23.7628 0 0)
(27.8749 0 0)
(32.4552 0 0)
(36.4469 0 0)
(41.1136 0 0)
(45.0662 0 0)
(49.6897 0 0)
(53.8684 0 0)
(58.2672 0 0)
(62.7024 0 0)
(66.8606 0 0)
(71.4328 0 0)
(75.4545 0 0)
(80.0617 0 0)
(84.1279 0 0)
(88.7282 0 0)
(92.8936 0 0)
(97.4363 0 0)
(101.678 0 0)
(106.142 0 0)
(110.435 0 0)
(114.85 0 0)
(119.174 0 0)
(123.56 0 0)
(127.9 0 0)
(132.257 0 0)
(136.589 0 0)
(140.92 0 0)
(145.245 0 0)
(149.575 0 0)
(153.893 0 0)
(158.205 0 0)
(162.473 0 0)
(166.76 0 0)
(170.879 0 0)
(175.007 0 0)
(179.171 0 0)
(183.142 0 0)
(186.933 0 0)
(190.365 0 0)
(193.219 0 0)
(195.658 0 0)
(197.584 0 0)
(198.943 0 0)
(200.642 0 0)
(203.475 0 0)
(204.218 0 0)
(94.0438 0 0)
(-65.1495 0 0)
(-86.0164 0 0)
(-76.2418 0 0)
(-67.9236 0 0)
(-63.3427 0 0)
(-57.6514 0 0)
(-52.3672 0 0)
(-48.3724 0 0)
(-43.8314 0 0)
(-47.0654 0 0)
(-46.9754 0 0)
(-47.9486 0 0)
(-41.164 0 0)
(-32.5792 0 0)
(-32.0747 0 0)
(-28.6999 0 0)
(-32.8635 0 0)
(-26.5879 0 0)
(-27.2357 0 0)
(-14.1363 0 0)
(4.2921 0 0)
(8.17196 0 0)
(14.8794 0 0)
(10.6974 0 0)
(6.53879 0 0)
(0.279916 0 0)
(-3.04562 0 0)
(-1.86455 0 0)
(-1.70951 0 0)
(-1.01042 0 0)
(-1.01307 0 0)
(-2.05725 0 0)
(-2.39838 0 0)
(-1.00221 0 0)
(1.03826 0 0)
(2.86009 0 0)
(2.38926 0 0)
(-0.0561519 0 0)
(-1.01164 0 0)
(-0.0552579 0 0)
(1.43481 0 0)
(1.07472 0 0)
(-0.466016 0 0)
(-1.58906 0 0)
(-4.34054 0 0)
(-4.20526 0 0)
(-0.803554 0 0)
)
;

boundaryField
{
    sides
    {
        type            fixedValue;
        value           uniform (0 0 0);
    }
    empty
    {
        type            empty;
    }
}


// ************************************************************************* //
