/*--------------------------------*- C++ -*----------------------------------*\
| =========                 |                                                 |
| \\      /  F ield         | OpenFOAM: The Open Source CFD Toolbox           |
|  \\    /   O peration     | Version:  2412                                  |
|   \\  /    A nd           | Website:  www.openfoam.com                      |
|    \\/     M anipulation  |                                                 |
\*---------------------------------------------------------------------------*/
FoamFile
{
    version     2.0;
    format      ascii;
    arch        "LSB;label=32;scalar=64";
    class       volVectorField;
    location    "0.0488372";
    object      U;
}
// * * * * * * * * * * * * * * * * * * * * * * * * * * * * * * * * * * * * * //

dimensions      [0 1 -1 0 0 0 0];

internalField   nonuniform List<vector> 
100
(
(-2.36319 0 0)
(-24.8362 0 0)
(-25.0795 0 0)
(-10.8845 0 0)
(22.3537 0 0)
(42.6253 0 0)
(-37.5756 0 0)
(-218.919 0 0)
(-246.341 0 0)
(-244.373 0 0)
(-242.518 0 0)
(-236.19 0 0)
(-226.532 0 0)
(-222.493 0 0)
(-221.424 0 0)
(-223.84 0 0)
(-229.918 0 0)
(-230.399 0 0)
(-228.695 0 0)
(-223.044 0 0)
(-211.445 0 0)
(-206.296 0 0)
(-204.49 0 0)
(-207.33 0 0)
(-220.057 0 0)
(-225.062 0 0)
(-223.668 0 0)
(-220.804 0 0)
(-208.124 0 0)
(-190.585 0 0)
(-183.779 0 0)
(-181.71 0 0)
(-180.74 0 0)
(-183.684 0 0)
(-193.504 0 0)
(-197.024 0 0)
(-195.915 0 0)
(-193.682 0 0)
(-189.48 0 0)
(-185.441 0 0)
(-183.046 0 0)
(-180.876 0 0)
(-177.031 0 0)
(-172.481 0 0)
(-169.841 0 0)
(-168.752 0 0)
(-169.266 0 0)
(-171.141 0 0)
(-170.769 0 0)
(-168.79 0 0)
(-163.639 0 0)
(-157.176 0 0)
(-154.299 0 0)
(-154.573 0 0)
(-166.522 0 0)
(-179.74 0 0)
(-181.245 0 0)
(-179.641 0 0)
(-175.711 0 0)
(-162.251 0 0)
(-139.351 0 0)
(-124.936 0 0)
(-118.754 0 0)
(-115.259 0 0)
(-112.106 0 0)
(-108.838 0 0)
(-105.485 0 0)
(-103.008 0 0)
(-101.882 0 0)
(-101.071 0 0)
(-100.695 0 0)
(-99.8031 0 0)
(-99.2129 0 0)
(-95.8888 0 0)
(-90.9961 0 0)
(-83.9782 0 0)
(-77.9031 0 0)
(-73.5669 0 0)
(-69.0279 0 0)
(-67.6335 0 0)
(-65.373 0 0)
(-64.8658 0 0)
(-62.5241 0 0)
(-59.7853 0 0)
(-55.9291 0 0)
(-51.2613 0 0)
(-48.1585 0 0)
(-43.3861 0 0)
(-39.5661 0 0)
(-35.8772 0 0)
(-32.7251 0 0)
(-29.011 0 0)
(-25.6634 0 0)
(-22.1034 0 0)
(-18.8979 0 0)
(-15.625 0 0)
(-12.0178 0 0)
(-8.7604 0 0)
(-4.8951 0 0)
(-1.81193 0 0)
)
;

boundaryField
{
    sides
    {
        type            fixedValue;
        value           uniform (0 0 0);
    }
    empty
    {
        type            empty;
    }
}


// ************************************************************************* //
