/*--------------------------------*- C++ -*----------------------------------*\
| =========                 |                                                 |
| \\      /  F ield         | OpenFOAM: The Open Source CFD Toolbox           |
|  \\    /   O peration     | Version:  2412                                  |
|   \\  /    A nd           | Website:  www.openfoam.com                      |
|    \\/     M anipulation  |                                                 |
\*---------------------------------------------------------------------------*/
FoamFile
{
    version     2.0;
    format      ascii;
    arch        "LSB;label=32;scalar=64";
    class       volVectorField;
    location    "0.0286695";
    object      U;
}
// * * * * * * * * * * * * * * * * * * * * * * * * * * * * * * * * * * * * * //

dimensions      [0 1 -1 0 0 0 0];

internalField   nonuniform List<vector> 
100
(
(2.43292 0 0)
(7.34081 0 0)
(12.1998 0 0)
(17.0874 0 0)
(21.9026 0 0)
(26.7903 0 0)
(31.5349 0 0)
(36.5184 0 0)
(41.1683 0 0)
(46.3208 0 0)
(50.8498 0 0)
(56.0498 0 0)
(60.5885 0 0)
(65.7045 0 0)
(70.4956 0 0)
(75.3808 0 0)
(80.4127 0 0)
(85.0907 0 0)
(90.2522 0 0)
(94.8638 0 0)
(100.05 0 0)
(104.71 0 0)
(109.848 0 0)
(114.585 0 0)
(119.647 0 0)
(124.45 0 0)
(129.451 0 0)
(134.31 0 0)
(139.271 0 0)
(144.147 0 0)
(149.077 0 0)
(153.969 0 0)
(158.885 0 0)
(163.789 0 0)
(168.705 0 0)
(173.61 0 0)
(178.479 0 0)
(183.337 0 0)
(188.198 0 0)
(192.982 0 0)
(197.667 0 0)
(202.378 0 0)
(207.235 0 0)
(211.842 0 0)
(216.505 0 0)
(221.37 0 0)
(225.652 0 0)
(228.898 0 0)
(231.231 0 0)
(233.423 0 0)
(235.432 0 0)
(236.75 0 0)
(237.085 0 0)
(237.977 0 0)
(239.563 0 0)
(245.081 0 0)
(250.964 0 0)
(253.739 0 0)
(255.694 0 0)
(248.142 0 0)
(115.675 0 0)
(-11.5524 0 0)
(-18.3087 0 0)
(1.16142 0 0)
(7.01321 0 0)
(4.27229 0 0)
(1.17439 0 0)
(-6.8908 0 0)
(0.19585 0 0)
(-1.95685 0 0)
(7.35025 0 0)
(5.248 0 0)
(2.91686 0 0)
(0.384962 0 0)
(-7.66967 0 0)
(-1.36465 0 0)
(-1.88058 0 0)
(5.21117 0 0)
(7.53362 0 0)
(2.96198 0 0)
(-0.20424 0 0)
(-4.42164 0 0)
(-5.16026 0 0)
(-3.39924 0 0)
(-1.50819 0 0)
(1.3577 0 0)
(3.40082 0 0)
(4.68016 0 0)
(2.03346 0 0)
(-0.666157 0 0)
(-0.00281156 0 0)
(0.301993 0 0)
(-1.64311 0 0)
(-3.73075 0 0)
(-2.31748 0 0)
(-1.66468 0 0)
(0.0968631 0 0)
(-0.12015 0 0)
(0.549194 0 0)
(-1.80689 0 0)
)
;

boundaryField
{
    sides
    {
        type            fixedValue;
        value           uniform (0 0 0);
    }
    empty
    {
        type            empty;
    }
}


// ************************************************************************* //
