/*--------------------------------*- C++ -*----------------------------------*\
| =========                 |                                                 |
| \\      /  F ield         | OpenFOAM: The Open Source CFD Toolbox           |
|  \\    /   O peration     | Version:  2412                                  |
|   \\  /    A nd           | Website:  www.openfoam.com                      |
|    \\/     M anipulation  |                                                 |
\*---------------------------------------------------------------------------*/
FoamFile
{
    version     2.0;
    format      ascii;
    arch        "LSB;label=32;scalar=64";
    class       volVectorField;
    location    "0.0422294";
    object      U;
}
// * * * * * * * * * * * * * * * * * * * * * * * * * * * * * * * * * * * * * //

dimensions      [0 1 -1 0 0 0 0];

internalField   nonuniform List<vector> 
100
(
(1.69072 0 0)
(5.08781 0 0)
(8.36853 0 0)
(11.5438 0 0)
(14.6043 0 0)
(17.5777 0 0)
(20.507 0 0)
(23.4274 0 0)
(26.3712 0 0)
(29.3599 0 0)
(32.3789 0 0)
(35.399 0 0)
(38.5253 0 0)
(42.093 0 0)
(44.4514 0 0)
(-38.6684 0 0)
(-201.124 0 0)
(-227.02 0 0)
(-212.235 0 0)
(-198.008 0 0)
(-194.841 0 0)
(-193.946 0 0)
(-195.846 0 0)
(-204.422 0 0)
(-207.852 0 0)
(-206.587 0 0)
(-204.686 0 0)
(-200.346 0 0)
(-186.14 0 0)
(-173.036 0 0)
(-168.752 0 0)
(-167.337 0 0)
(-168.007 0 0)
(-174.622 0 0)
(-178.973 0 0)
(-178.405 0 0)
(-176.708 0 0)
(-173.328 0 0)
(-166.778 0 0)
(-161.716 0 0)
(-159.827 0 0)
(-160.235 0 0)
(-161.423 0 0)
(-160.499 0 0)
(-157.043 0 0)
(-149.654 0 0)
(-143.956 0 0)
(-141.933 0 0)
(-143.059 0 0)
(-145.415 0 0)
(-145.001 0 0)
(-141.958 0 0)
(-134.923 0 0)
(-127.994 0 0)
(-125.108 0 0)
(-125.843 0 0)
(-131.665 0 0)
(-135.272 0 0)
(-134.295 0 0)
(-130.085 0 0)
(-119.611 0 0)
(-109.088 0 0)
(-104.329 0 0)
(-103.062 0 0)
(-104.376 0 0)
(-107.22 0 0)
(-108.561 0 0)
(-106.905 0 0)
(-106.317 0 0)
(-102.273 0 0)
(-98.9917 0 0)
(-96.6816 0 0)
(-94.095 0 0)
(-91.5733 0 0)
(-85.9112 0 0)
(-85.0095 0 0)
(-83.221 0 0)
(-83.8075 0 0)
(-83.3101 0 0)
(-78.999 0 0)
(-74.6679 0 0)
(-70.0843 0 0)
(-70.9614 0 0)
(-74.2309 0 0)
(-81.4159 0 0)
(-84.7721 0 0)
(-85.6117 0 0)
(-79.2355 0 0)
(-62.0039 0 0)
(-46.4376 0 0)
(-35.8406 0 0)
(-27.6467 0 0)
(-22.1246 0 0)
(-19.1911 0 0)
(-17.3758 0 0)
(-16.5683 0 0)
(-14.7446 0 0)
(-12.2417 0 0)
(-7.99737 0 0)
(-2.31679 0 0)
)
;

boundaryField
{
    sides
    {
        type            fixedValue;
        value           uniform (0 0 0);
    }
    empty
    {
        type            empty;
    }
}


// ************************************************************************* //
