/*--------------------------------*- C++ -*----------------------------------*\
| =========                 |                                                 |
| \\      /  F ield         | OpenFOAM: The Open Source CFD Toolbox           |
|  \\    /   O peration     | Version:  2412                                  |
|   \\  /    A nd           | Website:  www.openfoam.com                      |
|    \\/     M anipulation  |                                                 |
\*---------------------------------------------------------------------------*/
FoamFile
{
    version     2.0;
    format      ascii;
    arch        "LSB;label=32;scalar=64";
    class       volVectorField;
    location    "0.0347316";
    object      U;
}
// * * * * * * * * * * * * * * * * * * * * * * * * * * * * * * * * * * * * * //

dimensions      [0 1 -1 0 0 0 0];

internalField   nonuniform List<vector> 
100
(
(1.89603 0 0)
(5.82876 0 0)
(9.61743 0 0)
(13.5955 0 0)
(17.307 0 0)
(21.4056 0 0)
(24.9917 0 0)
(29.2139 0 0)
(32.7014 0 0)
(36.9254 0 0)
(40.5331 0 0)
(44.568 0 0)
(48.445 0 0)
(52.2429 0 0)
(56.3441 0 0)
(59.9486 0 0)
(64.1249 0 0)
(67.7114 0 0)
(71.8795 0 0)
(75.5382 0 0)
(79.6458 0 0)
(83.3874 0 0)
(87.4103 0 0)
(91.2124 0 0)
(95.172 0 0)
(99.0077 0 0)
(102.911 0 0)
(106.743 0 0)
(110.589 0 0)
(114.406 0 0)
(118.246 0 0)
(122.09 0 0)
(125.967 0 0)
(129.804 0 0)
(133.631 0 0)
(137.373 0 0)
(141.083 0 0)
(144.819 0 0)
(148.412 0 0)
(151.947 0 0)
(155.471 0 0)
(159.077 0 0)
(141.147 0 0)
(-46.0729 0 0)
(-127.903 0 0)
(-124.895 0 0)
(-108.249 0 0)
(-103.39 0 0)
(-103.254 0 0)
(-102.827 0 0)
(-103.541 0 0)
(-103.912 0 0)
(-102.501 0 0)
(-96.9919 0 0)
(-90.2487 0 0)
(-87.1113 0 0)
(-85.9988 0 0)
(-85.5676 0 0)
(-85.0487 0 0)
(-84.5543 0 0)
(-83.5943 0 0)
(-79.1753 0 0)
(-73.5331 0 0)
(-64.0665 0 0)
(-61.2155 0 0)
(-57.8241 0 0)
(-58.3397 0 0)
(-59.1091 0 0)
(-55.3768 0 0)
(-56.1275 0 0)
(-49.7299 0 0)
(-49.5774 0 0)
(-46.5701 0 0)
(-44.993 0 0)
(-42.7833 0 0)
(-37.3319 0 0)
(-35.7207 0 0)
(-30.4008 0 0)
(-27.5921 0 0)
(-26.8819 0 0)
(-28.1712 0 0)
(-24.8645 0 0)
(-13.0937 0 0)
(2.55659 0 0)
(12.4329 0 0)
(13.223 0 0)
(7.75989 0 0)
(-0.238211 0 0)
(-4.52045 0 0)
(-4.34463 0 0)
(-0.484098 0 0)
(3.0356 0 0)
(4.54887 0 0)
(2.80867 0 0)
(-0.591488 0 0)
(-3.56939 0 0)
(-3.3857 0 0)
(-1.94499 0 0)
(0.0966755 0 0)
(-0.554849 0 0)
)
;

boundaryField
{
    sides
    {
        type            fixedValue;
        value           uniform (0 0 0);
    }
    empty
    {
        type            empty;
    }
}


// ************************************************************************* //
