/*--------------------------------*- C++ -*----------------------------------*\
| =========                 |                                                 |
| \\      /  F ield         | OpenFOAM: The Open Source CFD Toolbox           |
|  \\    /   O peration     | Version:  2412                                  |
|   \\  /    A nd           | Website:  www.openfoam.com                      |
|    \\/     M anipulation  |                                                 |
\*---------------------------------------------------------------------------*/
FoamFile
{
    version     2.0;
    format      ascii;
    arch        "LSB;label=32;scalar=64";
    class       volVectorField;
    location    "0.0457625";
    object      U;
}
// * * * * * * * * * * * * * * * * * * * * * * * * * * * * * * * * * * * * * //

dimensions      [0 1 -1 0 0 0 0];

internalField   nonuniform List<vector> 
100
(
(-63.7257 0 0)
(-226.587 0 0)
(-250.593 0 0)
(-247.34 0 0)
(-245.631 0 0)
(-252.457 0 0)
(-254.792 0 0)
(-252.807 0 0)
(-250.728 0 0)
(-241.563 0 0)
(-222.192 0 0)
(-212.373 0 0)
(-209.739 0 0)
(-208.544 0 0)
(-209.714 0 0)
(-220.948 0 0)
(-227.591 0 0)
(-227.09 0 0)
(-225.048 0 0)
(-221.115 0 0)
(-212.008 0 0)
(-206.984 0 0)
(-205.038 0 0)
(-205.206 0 0)
(-207.959 0 0)
(-208.268 0 0)
(-206.397 0 0)
(-201.338 0 0)
(-192.212 0 0)
(-187.614 0 0)
(-186.067 0 0)
(-188.272 0 0)
(-192.411 0 0)
(-192.227 0 0)
(-189.955 0 0)
(-182.714 0 0)
(-173.603 0 0)
(-169.884 0 0)
(-169.063 0 0)
(-175.166 0 0)
(-183.761 0 0)
(-184.547 0 0)
(-182.393 0 0)
(-175.503 0 0)
(-160.379 0 0)
(-151.126 0 0)
(-147.794 0 0)
(-147 0 0)
(-149.182 0 0)
(-155.519 0 0)
(-158.025 0 0)
(-157.15 0 0)
(-155.223 0 0)
(-151.408 0 0)
(-147.667 0 0)
(-145.497 0 0)
(-143.372 0 0)
(-139.539 0 0)
(-135.143 0 0)
(-132.737 0 0)
(-131.947 0 0)
(-132.468 0 0)
(-132.655 0 0)
(-131.367 0 0)
(-127.357 0 0)
(-121.463 0 0)
(-117.708 0 0)
(-116.756 0 0)
(-123.58 0 0)
(-135.449 0 0)
(-138.98 0 0)
(-137.171 0 0)
(-133.657 0 0)
(-120.883 0 0)
(-101.556 0 0)
(-87.6026 0 0)
(-78.9696 0 0)
(-76.602 0 0)
(-71.7176 0 0)
(-68.8296 0 0)
(-66.0962 0 0)
(-64.1545 0 0)
(-63.6138 0 0)
(-62.0544 0 0)
(-61.39 0 0)
(-57.6054 0 0)
(-53.5131 0 0)
(-47.5411 0 0)
(-41.9682 0 0)
(-36.7057 0 0)
(-32.8725 0 0)
(-29.6211 0 0)
(-27.0624 0 0)
(-25.2894 0 0)
(-22.7639 0 0)
(-19.386 0 0)
(-14.9812 0 0)
(-10.8001 0 0)
(-6.02652 0 0)
(-2.21144 0 0)
)
;

boundaryField
{
    sides
    {
        type            fixedValue;
        value           uniform (0 0 0);
    }
    empty
    {
        type            empty;
    }
}


// ************************************************************************* //
