/*--------------------------------*- C++ -*----------------------------------*\
| =========                 |                                                 |
| \\      /  F ield         | OpenFOAM: The Open Source CFD Toolbox           |
|  \\    /   O peration     | Version:  2412                                  |
|   \\  /    A nd           | Website:  www.openfoam.com                      |
|    \\/     M anipulation  |                                                 |
\*---------------------------------------------------------------------------*/
FoamFile
{
    version     2.0;
    format      ascii;
    arch        "LSB;label=32;scalar=64";
    class       volVectorField;
    location    "0.00781648";
    object      U;
}
// * * * * * * * * * * * * * * * * * * * * * * * * * * * * * * * * * * * * * //

dimensions      [0 1 -1 0 0 0 0];

internalField   nonuniform List<vector> 
100
(
(4.28999e-14 0 0)
(1.28792e-13 0 0)
(3.81059e-14 0 0)
(4.75123e-14 0 0)
(1.10461e-15 0 0)
(-7.89358e-14 0 0)
(-1.30463e-13 0 0)
(-1.48366e-13 0 0)
(-7.3792e-14 0 0)
(-1.43812e-13 0 0)
(-1.12268e-13 0 0)
(-1.06636e-13 0 0)
(-6.47534e-14 0 0)
(-4.83986e-14 0 0)
(5.02653e-14 0 0)
(5.30253e-14 0 0)
(1.12753e-13 0 0)
(1.62997e-13 0 0)
(1.55928e-11 0 0)
(7.56367e-09 0 0)
(2.66834e-06 0 0)
(0.000543737 0 0)
(0.046124 0 0)
(1.13739 0 0)
(7.74207 0 0)
(21.3738 0 0)
(36.4285 0 0)
(49.6436 0 0)
(61.2275 0 0)
(72.0298 0 0)
(82.5396 0 0)
(93.0146 0 0)
(103.409 0 0)
(114.048 0 0)
(124.249 0 0)
(135.36 0 0)
(144.949 0 0)
(156.548 0 0)
(165.969 0 0)
(176.335 0 0)
(187.416 0 0)
(196.271 0 0)
(207.34 0 0)
(216.937 0 0)
(228.31 0 0)
(238.926 0 0)
(247.439 0 0)
(257.08 0 0)
(269.544 0 0)
(279.517 0 0)
(283.964 0 0)
(280.758 0 0)
(278.883 0 0)
(287.057 0 0)
(288.122 0 0)
(282.74 0 0)
(276.696 0 0)
(277.907 0 0)
(288.328 0 0)
(288.641 0 0)
(283.923 0 0)
(278.365 0 0)
(278.555 0 0)
(285.619 0 0)
(287.823 0 0)
(285.237 0 0)
(281.595 0 0)
(277.648 0 0)
(278.214 0 0)
(280.826 0 0)
(283.989 0 0)
(283.281 0 0)
(279.209 0 0)
(280.333 0 0)
(282.021 0 0)
(283.931 0 0)
(284.009 0 0)
(281.416 0 0)
(277.447 0 0)
(276.755 0 0)
(276.761 0 0)
(279.254 0 0)
(282.891 0 0)
(283.488 0 0)
(284.382 0 0)
(290.662 0 0)
(289.514 0 0)
(224.812 0 0)
(35.5563 0 0)
(0.194641 0 0)
(8.28864e-05 0 0)
(8.2373e-09 0 0)
(8.82638e-13 0 0)
(-9.48488e-14 0 0)
(-4.64009e-14 0 0)
(-1.16471e-13 0 0)
(-1.51436e-13 0 0)
(-2.38082e-14 0 0)
(6.5945e-14 0 0)
(7.23022e-14 0 0)
)
;

boundaryField
{
    sides
    {
        type            fixedValue;
        value           uniform (0 0 0);
    }
    empty
    {
        type            empty;
    }
}


// ************************************************************************* //
