/*--------------------------------*- C++ -*----------------------------------*\
| =========                 |                                                 |
| \\      /  F ield         | OpenFOAM: The Open Source CFD Toolbox           |
|  \\    /   O peration     | Version:  2412                                  |
|   \\  /    A nd           | Website:  www.openfoam.com                      |
|    \\/     M anipulation  |                                                 |
\*---------------------------------------------------------------------------*/
FoamFile
{
    version     2.0;
    format      ascii;
    arch        "LSB;label=32;scalar=64";
    class       volVectorField;
    location    "0.0388091";
    object      U;
}
// * * * * * * * * * * * * * * * * * * * * * * * * * * * * * * * * * * * * * //

dimensions      [0 1 -1 0 0 0 0];

internalField   nonuniform List<vector> 
100
(
(1.67967 0 0)
(4.9601 0 0)
(8.23114 0 0)
(11.5297 0 0)
(14.8629 0 0)
(18.2429 0 0)
(21.761 0 0)
(25.248 0 0)
(28.7202 0 0)
(32.2548 0 0)
(35.7995 0 0)
(39.298 0 0)
(42.8272 0 0)
(46.2497 0 0)
(49.6747 0 0)
(53.093 0 0)
(56.5169 0 0)
(59.9161 0 0)
(63.324 0 0)
(66.72 0 0)
(70.0991 0 0)
(73.4298 0 0)
(76.7271 0 0)
(80.0262 0 0)
(83.3491 0 0)
(86.7164 0 0)
(90.4438 0 0)
(93.9661 0 0)
(68.0785 0 0)
(-111.667 0 0)
(-176.978 0 0)
(-176.11 0 0)
(-170.763 0 0)
(-169.701 0 0)
(-168.251 0 0)
(-161.165 0 0)
(-152.504 0 0)
(-149.242 0 0)
(-148.501 0 0)
(-150.539 0 0)
(-155.046 0 0)
(-156.115 0 0)
(-154.904 0 0)
(-152.29 0 0)
(-144.939 0 0)
(-131.726 0 0)
(-124.841 0 0)
(-122.455 0 0)
(-122.984 0 0)
(-125.681 0 0)
(-127.122 0 0)
(-126.59 0 0)
(-125.271 0 0)
(-122.855 0 0)
(-117.446 0 0)
(-112.549 0 0)
(-110.805 0 0)
(-110.585 0 0)
(-109.895 0 0)
(-107.985 0 0)
(-102.491 0 0)
(-96.3018 0 0)
(-93.5085 0 0)
(-92.919 0 0)
(-93.9503 0 0)
(-92.2319 0 0)
(-90.4963 0 0)
(-83.4715 0 0)
(-78.0492 0 0)
(-75.8737 0 0)
(-76.3001 0 0)
(-81.5369 0 0)
(-80.9249 0 0)
(-80.3657 0 0)
(-72.1999 0 0)
(-62.7182 0 0)
(-56.9494 0 0)
(-52.7522 0 0)
(-54.5359 0 0)
(-55.2022 0 0)
(-55.5167 0 0)
(-53.7378 0 0)
(-52.1676 0 0)
(-50.0096 0 0)
(-47.852 0 0)
(-45.8884 0 0)
(-42.4905 0 0)
(-37.9141 0 0)
(-33.9238 0 0)
(-32.0389 0 0)
(-32.503 0 0)
(-31.9264 0 0)
(-31.1359 0 0)
(-30.7388 0 0)
(-25.7833 0 0)
(-20.199 0 0)
(-15.704 0 0)
(-10.089 0 0)
(-4.83021 0 0)
(1.30156 0 0)
)
;

boundaryField
{
    sides
    {
        type            fixedValue;
        value           uniform (0 0 0);
    }
    empty
    {
        type            empty;
    }
}


// ************************************************************************* //
