/*--------------------------------*- C++ -*----------------------------------*\
| =========                 |                                                 |
| \\      /  F ield         | OpenFOAM: The Open Source CFD Toolbox           |
|  \\    /   O peration     | Version:  2412                                  |
|   \\  /    A nd           | Website:  www.openfoam.com                      |
|    \\/     M anipulation  |                                                 |
\*---------------------------------------------------------------------------*/
FoamFile
{
    version     2.0;
    format      ascii;
    arch        "LSB;label=32;scalar=64";
    class       volVectorField;
    location    "0.0518967";
    object      U;
}
// * * * * * * * * * * * * * * * * * * * * * * * * * * * * * * * * * * * * * //

dimensions      [0 1 -1 0 0 0 0];

internalField   nonuniform List<vector> 
100
(
(7.31425 0 0)
(13.8303 0 0)
(5.81327 0 0)
(-6.70017 0 0)
(-14.6001 0 0)
(-4.64118 0 0)
(10.7809 0 0)
(22.3186 0 0)
(11.5999 0 0)
(-12.8154 0 0)
(-35.5767 0 0)
(-44.2743 0 0)
(-19.2648 0 0)
(-0.41426 0 0)
(-94.9115 0 0)
(-207.946 0 0)
(-213.524 0 0)
(-213.887 0 0)
(-227.599 0 0)
(-233.691 0 0)
(-232.795 0 0)
(-230.558 0 0)
(-225.626 0 0)
(-220.419 0 0)
(-217.916 0 0)
(-216.231 0 0)
(-213.086 0 0)
(-208.07 0 0)
(-204.652 0 0)
(-203.267 0 0)
(-202.336 0 0)
(-205.07 0 0)
(-207.02 0 0)
(-206.038 0 0)
(-203.486 0 0)
(-196.992 0 0)
(-190.149 0 0)
(-187.726 0 0)
(-188.981 0 0)
(-206.767 0 0)
(-219.912 0 0)
(-220.024 0 0)
(-218.202 0 0)
(-214.998 0 0)
(-201.508 0 0)
(-173.816 0 0)
(-157.644 0 0)
(-152.339 0 0)
(-150.11 0 0)
(-148.723 0 0)
(-146.423 0 0)
(-142.768 0 0)
(-138.709 0 0)
(-136.372 0 0)
(-135.399 0 0)
(-134.591 0 0)
(-134.368 0 0)
(-134.681 0 0)
(-134.643 0 0)
(-133.943 0 0)
(-132.203 0 0)
(-127.734 0 0)
(-118.94 0 0)
(-111.115 0 0)
(-106.025 0 0)
(-102.621 0 0)
(-100.506 0 0)
(-99.6843 0 0)
(-99.0644 0 0)
(-98.5146 0 0)
(-97.6937 0 0)
(-94.7075 0 0)
(-90.3239 0 0)
(-84.8676 0 0)
(-80.733 0 0)
(-76.9309 0 0)
(-74.2833 0 0)
(-71.6915 0 0)
(-68.4131 0 0)
(-65.2387 0 0)
(-61.1125 0 0)
(-58.637 0 0)
(-54.8955 0 0)
(-52.0558 0 0)
(-48.7765 0 0)
(-45.8703 0 0)
(-43.4062 0 0)
(-39.522 0 0)
(-36.9568 0 0)
(-33.2147 0 0)
(-29.8349 0 0)
(-26.0815 0 0)
(-23.0566 0 0)
(-19.9627 0 0)
(-17.2494 0 0)
(-14.4233 0 0)
(-11.1963 0 0)
(-8.13326 0 0)
(-4.47022 0 0)
(-1.67629 0 0)
)
;

boundaryField
{
    sides
    {
        type            fixedValue;
        value           uniform (0 0 0);
    }
    empty
    {
        type            empty;
    }
}


// ************************************************************************* //
