/*--------------------------------*- C++ -*----------------------------------*\
| =========                 |                                                 |
| \\      /  F ield         | OpenFOAM: The Open Source CFD Toolbox           |
|  \\    /   O peration     | Version:  2412                                  |
|   \\  /    A nd           | Website:  www.openfoam.com                      |
|    \\/     M anipulation  |                                                 |
\*---------------------------------------------------------------------------*/
FoamFile
{
    version     2.0;
    format      ascii;
    arch        "LSB;label=32;scalar=64";
    class       volVectorField;
    location    "0.0183041";
    object      U;
}
// * * * * * * * * * * * * * * * * * * * * * * * * * * * * * * * * * * * * * //

dimensions      [0 1 -1 0 0 0 0];

internalField   nonuniform List<vector> 
100
(
(4.19963 0 0)
(12.7556 0 0)
(20.852 0 0)
(28.9847 0 0)
(37.4073 0 0)
(46.1854 0 0)
(55.7101 0 0)
(66.4343 0 0)
(78.461 0 0)
(90.9928 0 0)
(102.658 0 0)
(112.401 0 0)
(120.497 0 0)
(125.787 0 0)
(129.309 0 0)
(132.775 0 0)
(136.668 0 0)
(141.36 0 0)
(146.018 0 0)
(151.051 0 0)
(155.31 0 0)
(160.263 0 0)
(164.44 0 0)
(169.32 0 0)
(173.798 0 0)
(178.341 0 0)
(183.087 0 0)
(187.39 0 0)
(192.232 0 0)
(196.452 0 0)
(201.348 0 0)
(205.633 0 0)
(210.459 0 0)
(214.855 0 0)
(219.656 0 0)
(224.168 0 0)
(228.865 0 0)
(233.421 0 0)
(238.104 0 0)
(242.739 0 0)
(247.359 0 0)
(251.887 0 0)
(256.339 0 0)
(260.972 0 0)
(265.486 0 0)
(269.589 0 0)
(273.659 0 0)
(277.951 0 0)
(281.081 0 0)
(283.055 0 0)
(284.343 0 0)
(283.915 0 0)
(283.73 0 0)
(284.053 0 0)
(283.19 0 0)
(281.118 0 0)
(281.175 0 0)
(286.255 0 0)
(287.882 0 0)
(280.697 0 0)
(276.921 0 0)
(280.734 0 0)
(290.155 0 0)
(291.267 0 0)
(276.832 0 0)
(273.764 0 0)
(280.517 0 0)
(291.801 0 0)
(291.576 0 0)
(276.201 0 0)
(273.669 0 0)
(278.561 0 0)
(291.376 0 0)
(291.204 0 0)
(280.196 0 0)
(272.973 0 0)
(274.856 0 0)
(288.032 0 0)
(289.55 0 0)
(286.07 0 0)
(276.712 0 0)
(207.772 0 0)
(38.3546 0 0)
(15.822 0 0)
(-6.29359 0 0)
(8.06022 0 0)
(25.7274 0 0)
(27.0297 0 0)
(17.4022 0 0)
(13.2008 0 0)
(5.99553 0 0)
(3.65979 0 0)
(6.08843 0 0)
(11.3257 0 0)
(15.6208 0 0)
(16.6196 0 0)
(15.7706 0 0)
(12.6134 0 0)
(7.94338 0 0)
(3.62743 0 0)
)
;

boundaryField
{
    sides
    {
        type            fixedValue;
        value           uniform (0 0 0);
    }
    empty
    {
        type            empty;
    }
}


// ************************************************************************* //
