/*--------------------------------*- C++ -*----------------------------------*\
| =========                 |                                                 |
| \\      /  F ield         | OpenFOAM: The Open Source CFD Toolbox           |
|  \\    /   O peration     | Version:  2412                                  |
|   \\  /    A nd           | Website:  www.openfoam.com                      |
|    \\/     M anipulation  |                                                 |
\*---------------------------------------------------------------------------*/
FoamFile
{
    version     2.0;
    format      ascii;
    arch        "LSB;label=32;scalar=64";
    class       volVectorField;
    location    "0.0397337";
    object      U;
}
// * * * * * * * * * * * * * * * * * * * * * * * * * * * * * * * * * * * * * //

dimensions      [0 1 -1 0 0 0 0];

internalField   nonuniform List<vector> 
100
(
(1.54658 0 0)
(4.65141 0 0)
(7.85132 0 0)
(11.148 0 0)
(14.5589 0 0)
(18.0297 0 0)
(21.5063 0 0)
(24.9661 0 0)
(28.3781 0 0)
(31.7058 0 0)
(34.9419 0 0)
(38.1388 0 0)
(41.3873 0 0)
(44.6518 0 0)
(47.9625 0 0)
(51.3071 0 0)
(54.6626 0 0)
(58.0193 0 0)
(61.38 0 0)
(64.731 0 0)
(68.0708 0 0)
(71.3801 0 0)
(74.7922 0 0)
(78.5565 0 0)
(80.372 0 0)
(-20.227 0 0)
(-173.006 0 0)
(-193.753 0 0)
(-187.538 0 0)
(-182.016 0 0)
(-178.178 0 0)
(-170.516 0 0)
(-163.516 0 0)
(-161.107 0 0)
(-161.173 0 0)
(-166.156 0 0)
(-170.645 0 0)
(-170.398 0 0)
(-168.705 0 0)
(-165.041 0 0)
(-154.525 0 0)
(-141.764 0 0)
(-136.678 0 0)
(-135.188 0 0)
(-136.344 0 0)
(-140.21 0 0)
(-141.895 0 0)
(-141.152 0 0)
(-139.717 0 0)
(-136.478 0 0)
(-130.534 0 0)
(-126.009 0 0)
(-124.654 0 0)
(-124.89 0 0)
(-124.485 0 0)
(-122.27 0 0)
(-116.717 0 0)
(-110.158 0 0)
(-107.055 0 0)
(-107.126 0 0)
(-107.952 0 0)
(-107.709 0 0)
(-104.928 0 0)
(-98.6134 0 0)
(-92.7921 0 0)
(-89.3366 0 0)
(-91.4623 0 0)
(-94.6453 0 0)
(-96.5184 0 0)
(-95.2199 0 0)
(-88.8476 0 0)
(-79.8437 0 0)
(-70.8039 0 0)
(-69.4485 0 0)
(-67.4588 0 0)
(-69.8784 0 0)
(-71.3378 0 0)
(-69.7619 0 0)
(-69.3004 0 0)
(-64.8778 0 0)
(-62.1107 0 0)
(-58.9542 0 0)
(-57.085 0 0)
(-53.3828 0 0)
(-49.4755 0 0)
(-47.4463 0 0)
(-47.3785 0 0)
(-47.0998 0 0)
(-46.5128 0 0)
(-42.8767 0 0)
(-37.3371 0 0)
(-33.128 0 0)
(-32.252 0 0)
(-34.7836 0 0)
(-42.9685 0 0)
(-47.5647 0 0)
(-48.8197 0 0)
(-41.9727 0 0)
(-28.3284 0 0)
(-13.3527 0 0)
)
;

boundaryField
{
    sides
    {
        type            fixedValue;
        value           uniform (0 0 0);
    }
    empty
    {
        type            empty;
    }
}


// ************************************************************************* //
