/*--------------------------------*- C++ -*----------------------------------*\
| =========                 |                                                 |
| \\      /  F ield         | OpenFOAM: The Open Source CFD Toolbox           |
|  \\    /   O peration     | Version:  2412                                  |
|   \\  /    A nd           | Website:  www.openfoam.com                      |
|    \\/     M anipulation  |                                                 |
\*---------------------------------------------------------------------------*/
FoamFile
{
    version     2.0;
    format      ascii;
    arch        "LSB;label=32;scalar=64";
    class       volVectorField;
    location    "0.0482132";
    object      U;
}
// * * * * * * * * * * * * * * * * * * * * * * * * * * * * * * * * * * * * * //

dimensions      [0 1 -1 0 0 0 0];

internalField   nonuniform List<vector> 
100
(
(38.9202 0 0)
(17.7073 0 0)
(30.7574 0 0)
(42.0639 0 0)
(-5.88528 0 0)
(-177.671 0 0)
(-249.492 0 0)
(-238.194 0 0)
(-233.941 0 0)
(-231.845 0 0)
(-232.73 0 0)
(-236.694 0 0)
(-237.553 0 0)
(-236.001 0 0)
(-232.531 0 0)
(-222.825 0 0)
(-217.012 0 0)
(-215.166 0 0)
(-215.692 0 0)
(-221.531 0 0)
(-223.385 0 0)
(-222.17 0 0)
(-217.971 0 0)
(-207.599 0 0)
(-200.319 0 0)
(-198.092 0 0)
(-198.681 0 0)
(-209.538 0 0)
(-216.65 0 0)
(-216.039 0 0)
(-213.414 0 0)
(-203.886 0 0)
(-186.127 0 0)
(-177.669 0 0)
(-175.011 0 0)
(-174.036 0 0)
(-176.069 0 0)
(-185.084 0 0)
(-189.363 0 0)
(-188.53 0 0)
(-186.466 0 0)
(-182.54 0 0)
(-178.402 0 0)
(-175.835 0 0)
(-173.746 0 0)
(-170.204 0 0)
(-165.679 0 0)
(-162.84 0 0)
(-161.701 0 0)
(-162.079 0 0)
(-163.686 0 0)
(-163.287 0 0)
(-161.297 0 0)
(-156.123 0 0)
(-149.851 0 0)
(-147.025 0 0)
(-147.529 0 0)
(-159.278 0 0)
(-171.524 0 0)
(-172.865 0 0)
(-171.157 0 0)
(-166.995 0 0)
(-152.545 0 0)
(-130.602 0 0)
(-117.041 0 0)
(-110.962 0 0)
(-107.189 0 0)
(-103.925 0 0)
(-100.785 0 0)
(-97.4518 0 0)
(-95.43 0 0)
(-94.1498 0 0)
(-93.8177 0 0)
(-92.7494 0 0)
(-92.1781 0 0)
(-90.4128 0 0)
(-85.9882 0 0)
(-80.5833 0 0)
(-73.186 0 0)
(-68.6908 0 0)
(-63.5726 0 0)
(-61.1635 0 0)
(-59.1878 0 0)
(-58.0479 0 0)
(-57.0668 0 0)
(-53.6289 0 0)
(-50.241 0 0)
(-45.2558 0 0)
(-41.3007 0 0)
(-37.1157 0 0)
(-33.5142 0 0)
(-29.8804 0 0)
(-26.7993 0 0)
(-23.0876 0 0)
(-19.4892 0 0)
(-15.7335 0 0)
(-11.7756 0 0)
(-8.53804 0 0)
(-4.72714 0 0)
(-1.81009 0 0)
)
;

boundaryField
{
    sides
    {
        type            fixedValue;
        value           uniform (0 0 0);
    }
    empty
    {
        type            empty;
    }
}


// ************************************************************************* //
