/*--------------------------------*- C++ -*----------------------------------*\
| =========                 |                                                 |
| \\      /  F ield         | OpenFOAM: The Open Source CFD Toolbox           |
|  \\    /   O peration     | Version:  2412                                  |
|   \\  /    A nd           | Website:  www.openfoam.com                      |
|    \\/     M anipulation  |                                                 |
\*---------------------------------------------------------------------------*/
FoamFile
{
    version     2.0;
    format      ascii;
    arch        "LSB;label=32;scalar=64";
    class       volVectorField;
    location    "0.0461704";
    object      U;
}
// * * * * * * * * * * * * * * * * * * * * * * * * * * * * * * * * * * * * * //

dimensions      [0 1 -1 0 0 0 0];

internalField   nonuniform List<vector> 
100
(
(-190.606 0 0)
(-247.788 0 0)
(-255.112 0 0)
(-257.436 0 0)
(-259.687 0 0)
(-257.853 0 0)
(-255.496 0 0)
(-242.697 0 0)
(-223.435 0 0)
(-215.836 0 0)
(-213.748 0 0)
(-212.394 0 0)
(-215.091 0 0)
(-227.673 0 0)
(-232.879 0 0)
(-231.919 0 0)
(-229.698 0 0)
(-224.754 0 0)
(-215.451 0 0)
(-211.317 0 0)
(-209.638 0 0)
(-210.501 0 0)
(-213.411 0 0)
(-213.493 0 0)
(-211.528 0 0)
(-205.966 0 0)
(-196.762 0 0)
(-192.543 0 0)
(-191.062 0 0)
(-193.633 0 0)
(-197.645 0 0)
(-197.269 0 0)
(-194.806 0 0)
(-187.348 0 0)
(-178.261 0 0)
(-174.693 0 0)
(-173.957 0 0)
(-180.411 0 0)
(-189.206 0 0)
(-189.957 0 0)
(-187.803 0 0)
(-180.858 0 0)
(-165.441 0 0)
(-155.905 0 0)
(-152.497 0 0)
(-151.614 0 0)
(-153.649 0 0)
(-160.363 0 0)
(-163.35 0 0)
(-162.605 0 0)
(-160.733 0 0)
(-156.937 0 0)
(-153.08 0 0)
(-150.791 0 0)
(-148.759 0 0)
(-145.049 0 0)
(-140.619 0 0)
(-138.021 0 0)
(-137.152 0 0)
(-137.633 0 0)
(-138.075 0 0)
(-137.082 0 0)
(-133.463 0 0)
(-127.544 0 0)
(-123.23 0 0)
(-121.973 0 0)
(-126.849 0 0)
(-139.685 0 0)
(-144.701 0 0)
(-143.425 0 0)
(-140.906 0 0)
(-130.019 0 0)
(-110.818 0 0)
(-94.6319 0 0)
(-86.391 0 0)
(-82.2126 0 0)
(-77.1097 0 0)
(-75.2749 0 0)
(-72.0756 0 0)
(-70.5397 0 0)
(-68.5346 0 0)
(-67.6328 0 0)
(-67.2182 0 0)
(-64.7103 0 0)
(-60.6531 0 0)
(-54.3661 0 0)
(-49.7147 0 0)
(-44.5617 0 0)
(-40.2091 0 0)
(-36.0795 0 0)
(-33.7205 0 0)
(-31.4229 0 0)
(-29.518 0 0)
(-26.5824 0 0)
(-22.8126 0 0)
(-18.6371 0 0)
(-13.9465 0 0)
(-10.078 0 0)
(-5.70902 0 0)
(-2.0365 0 0)
)
;

boundaryField
{
    sides
    {
        type            fixedValue;
        value           uniform (0 0 0);
    }
    empty
    {
        type            empty;
    }
}


// ************************************************************************* //
