/*--------------------------------*- C++ -*----------------------------------*\
| =========                 |                                                 |
| \\      /  F ield         | OpenFOAM: The Open Source CFD Toolbox           |
|  \\    /   O peration     | Version:  2412                                  |
|   \\  /    A nd           | Website:  www.openfoam.com                      |
|    \\/     M anipulation  |                                                 |
\*---------------------------------------------------------------------------*/
FoamFile
{
    version     2.0;
    format      ascii;
    arch        "LSB;label=32;scalar=64";
    class       volVectorField;
    location    "0.00787919";
    object      U;
}
// * * * * * * * * * * * * * * * * * * * * * * * * * * * * * * * * * * * * * //

dimensions      [0 1 -1 0 0 0 0];

internalField   nonuniform List<vector> 
100
(
(5.10248e-14 0 0)
(1.36916e-13 0 0)
(5.43558e-14 0 0)
(6.37622e-14 0 0)
(1.73545e-14 0 0)
(-9.51856e-14 0 0)
(-1.38588e-13 0 0)
(-1.48366e-13 0 0)
(-5.75422e-14 0 0)
(-1.35688e-13 0 0)
(-9.60186e-14 0 0)
(-7.41365e-14 0 0)
(-6.47534e-14 0 0)
(-7.27733e-14 0 0)
(3.40154e-14 0 0)
(6.11503e-14 0 0)
(1.12753e-13 0 0)
(2.19947e-13 0 0)
(5.40023e-11 0 0)
(2.49547e-08 0 0)
(8.07081e-06 0 0)
(0.00141962 0 0)
(0.0968136 0 0)
(1.82247 0 0)
(9.98978 0 0)
(24.3362 0 0)
(39.06 0 0)
(51.8096 0 0)
(63.1008 0 0)
(73.7413 0 0)
(84.1468 0 0)
(94.5425 0 0)
(104.856 0 0)
(115.432 0 0)
(125.536 0 0)
(136.593 0 0)
(146.077 0 0)
(157.58 0 0)
(166.969 0 0)
(177.164 0 0)
(188.218 0 0)
(197.031 0 0)
(207.983 0 0)
(217.509 0 0)
(228.779 0 0)
(239.418 0 0)
(247.942 0 0)
(257.049 0 0)
(269.413 0 0)
(279.496 0 0)
(284.978 0 0)
(281.231 0 0)
(278.334 0 0)
(285.908 0 0)
(288.187 0 0)
(284.15 0 0)
(277.032 0 0)
(276.887 0 0)
(287.273 0 0)
(288.737 0 0)
(285.155 0 0)
(278.734 0 0)
(278.509 0 0)
(284.172 0 0)
(288.137 0 0)
(285.413 0 0)
(282.633 0 0)
(278.016 0 0)
(277.77 0 0)
(280.142 0 0)
(283.414 0 0)
(284.165 0 0)
(279.879 0 0)
(279.78 0 0)
(281.308 0 0)
(283.429 0 0)
(284.043 0 0)
(282.93 0 0)
(278.563 0 0)
(276.813 0 0)
(276.627 0 0)
(277.849 0 0)
(281.844 0 0)
(283.284 0 0)
(283.929 0 0)
(288.581 0 0)
(291.834 0 0)
(260.559 0 0)
(87.5979 0 0)
(1.27993 0 0)
(0.00102232 0 0)
(1.48756e-07 0 0)
(1.51186e-11 0 0)
(-5.16209e-14 0 0)
(-1.7949e-14 0 0)
(-8.8019e-14 0 0)
(-1.58549e-13 0 0)
(-4.51472e-14 0 0)
(4.46059e-14 0 0)
(7.23021e-14 0 0)
)
;

boundaryField
{
    sides
    {
        type            fixedValue;
        value           uniform (0 0 0);
    }
    empty
    {
        type            empty;
    }
}


// ************************************************************************* //
