/*--------------------------------*- C++ -*----------------------------------*\
| =========                 |                                                 |
| \\      /  F ield         | OpenFOAM: The Open Source CFD Toolbox           |
|  \\    /   O peration     | Version:  2412                                  |
|   \\  /    A nd           | Website:  www.openfoam.com                      |
|    \\/     M anipulation  |                                                 |
\*---------------------------------------------------------------------------*/
FoamFile
{
    version     2.0;
    format      ascii;
    arch        "LSB;label=32;scalar=64";
    class       volVectorField;
    location    "0.000329364";
    object      U;
}
// * * * * * * * * * * * * * * * * * * * * * * * * * * * * * * * * * * * * * //

dimensions      [0 1 -1 0 0 0 0];

internalField   nonuniform List<vector> 
100
(
(8.70696e-15 0 0)
(4.61447e-14 0 0)
(-2.6601e-14 0 0)
(-2.82507e-14 0 0)
(-5.91195e-21 0 0)
(8.70696e-15 0 0)
(4.61447e-14 0 0)
(-2.6601e-14 0 0)
(-2.82507e-14 0 0)
(1.76539e-14 0 0)
(-2.9994e-22 0 0)
(-1.7654e-14 0 0)
(-3.17525e-21 0 0)
(-2.11454e-29 0 0)
(3.08707e-21 0 0)
(1.7654e-14 0 0)
(-1.7654e-14 0 0)
(-2.99889e-21 0 0)
(3.08707e-21 0 0)
(1.7654e-14 0 0)
(5.94615e-35 0 0)
(-1.7654e-14 0 0)
(-2.99889e-21 0 0)
(6.08596e-21 0 0)
(3.53079e-14 0 0)
(-3.53079e-14 0 0)
(-6.17414e-21 0 0)
(1.2358e-22 0 0)
(7.41801e-21 0 0)
(2.82507e-14 0 0)
(3.53079e-14 0 0)
(5.14438e-21 0 0)
(-8.70696e-15 0 0)
(-4.61447e-14 0 0)
(1.95438e-14 0 0)
(2.47111e-14 0 0)
(1.05968e-14 0 0)
(-8.53139e-21 0 0)
(-5.48517e-14 0 0)
(-8.70697e-15 0 0)
(1.66919e-21 0 0)
(1.7654e-14 0 0)
(1.24278e-28 0 0)
(-1.7654e-14 0 0)
(2.13415e-15 0 0)
(4.36011e-09 0 0)
(0.00337267 0 0)
(1.51625 0 0)
(29.6513 0 0)
(130.591 0 0)
(229.276 0 0)
(186.646 0 0)
(12.1848 0 0)
(0.0183458 0 0)
(1.67838e-07 0 0)
(6.31972e-13 0 0)
(1.43278e-18 0 0)
(6.40394e-21 0 0)
(7.62253e-15 0 0)
(1.61284e-26 0 0)
(-7.62251e-15 0 0)
(2.28676e-14 0 0)
(2.10692e-20 0 0)
(3.03499e-20 0 0)
(9.48704e-15 0 0)
(-3.23546e-14 0 0)
(2.28675e-14 0 0)
(1.734e-20 0 0)
(-6.40153e-21 0 0)
(-7.62253e-15 0 0)
(-7.62253e-15 0 0)
(-1.28031e-20 0 0)
(-7.62253e-15 0 0)
(-9.03753e-33 0 0)
(7.62253e-15 0 0)
(6.40154e-21 0 0)
(5.4819e-22 0 0)
(1.27892e-20 0 0)
(7.83265e-15 0 0)
(-7.83265e-15 0 0)
(1.1173e-20 0 0)
(9.27693e-15 0 0)
(-9.27692e-15 0 0)
(7.83263e-15 0 0)
(-7.83265e-15 0 0)
(1.1173e-20 0 0)
(9.27693e-15 0 0)
(-9.27692e-15 0 0)
(7.83262e-15 0 0)
(-1.54552e-14 0 0)
(-1.91907e-20 0 0)
(5.85334e-21 0 0)
(7.62253e-15 0 0)
(3.34287e-33 0 0)
(-7.62253e-15 0 0)
(-6.40153e-21 0 0)
(6.40153e-21 0 0)
(7.62253e-15 0 0)
(5.37612e-27 0 0)
(-7.62252e-15 0 0)
)
;

boundaryField
{
    sides
    {
        type            fixedValue;
        value           uniform (0 0 0);
    }
    empty
    {
        type            empty;
    }
}


// ************************************************************************* //
