/*--------------------------------*- C++ -*----------------------------------*\
| =========                 |                                                 |
| \\      /  F ield         | OpenFOAM: The Open Source CFD Toolbox           |
|  \\    /   O peration     | Version:  2412                                  |
|   \\  /    A nd           | Website:  www.openfoam.com                      |
|    \\/     M anipulation  |                                                 |
\*---------------------------------------------------------------------------*/
FoamFile
{
    version     2.0;
    format      ascii;
    arch        "LSB;label=32;scalar=64";
    class       volVectorField;
    location    "0.00794238";
    object      U;
}
// * * * * * * * * * * * * * * * * * * * * * * * * * * * * * * * * * * * * * //

dimensions      [0 1 -1 0 0 0 0];

internalField   nonuniform List<vector> 
100
(
(5.92125e-14 0 0)
(1.45104e-13 0 0)
(7.07313e-14 0 0)
(8.01377e-14 0 0)
(9.16672e-15 0 0)
(-8.69979e-14 0 0)
(-1.46776e-13 0 0)
(-1.48366e-13 0 0)
(-4.11667e-14 0 0)
(-1.275e-13 0 0)
(-7.96431e-14 0 0)
(-4.13855e-14 0 0)
(-6.47534e-14 0 0)
(-9.73365e-14 0 0)
(1.76399e-14 0 0)
(6.9338e-14 0 0)
(1.20941e-13 0 0)
(4.57643e-13 0 0)
(1.86908e-10 0 0)
(8.16208e-08 0 0)
(2.39565e-05 0 0)
(0.00358808 0 0)
(0.193536 0 0)
(2.78538 0 0)
(12.5066 0 0)
(27.2943 0 0)
(41.5981 0 0)
(53.908 0 0)
(64.9377 0 0)
(75.4327 0 0)
(85.7403 0 0)
(96.0595 0 0)
(106.292 0 0)
(116.808 0 0)
(126.813 0 0)
(137.817 0 0)
(147.197 0 0)
(158.601 0 0)
(167.962 0 0)
(177.988 0 0)
(189.009 0 0)
(197.787 0 0)
(208.63 0 0)
(218.079 0 0)
(229.229 0 0)
(239.842 0 0)
(248.559 0 0)
(257.099 0 0)
(269.077 0 0)
(279.661 0 0)
(285.826 0 0)
(281.623 0 0)
(278.392 0 0)
(284.294 0 0)
(288.313 0 0)
(285.562 0 0)
(277.139 0 0)
(276.645 0 0)
(285.6 0 0)
(288.934 0 0)
(286.357 0 0)
(278.842 0 0)
(278.874 0 0)
(282.684 0 0)
(288.052 0 0)
(285.899 0 0)
(283.613 0 0)
(278.261 0 0)
(277.627 0 0)
(279.506 0 0)
(282.661 0 0)
(284.582 0 0)
(281.083 0 0)
(279.325 0 0)
(280.714 0 0)
(282.664 0 0)
(283.986 0 0)
(283.668 0 0)
(280.35 0 0)
(277.028 0 0)
(276.618 0 0)
(277.044 0 0)
(280.262 0 0)
(282.94 0 0)
(283.63 0 0)
(286.368 0 0)
(292.662 0 0)
(280.266 0 0)
(153.415 0 0)
(6.47387 0 0)
(0.0112215 0 0)
(2.56573e-06 0 0)
(2.18344e-10 0 0)
(-2.73225e-14 0 0)
(2.50599e-14 0 0)
(-6.6515e-14 0 0)
(-1.29877e-13 0 0)
(-5.94832e-14 0 0)
(2.31018e-14 0 0)
(6.51339e-14 0 0)
)
;

boundaryField
{
    sides
    {
        type            fixedValue;
        value           uniform (0 0 0);
    }
    empty
    {
        type            empty;
    }
}


// ************************************************************************* //
