/*--------------------------------*- C++ -*----------------------------------*\
| =========                 |                                                 |
| \\      /  F ield         | OpenFOAM: The Open Source CFD Toolbox           |
|  \\    /   O peration     | Version:  2412                                  |
|   \\  /    A nd           | Website:  www.openfoam.com                      |
|    \\/     M anipulation  |                                                 |
\*---------------------------------------------------------------------------*/
FoamFile
{
    version     2.0;
    format      ascii;
    arch        "LSB;label=32;scalar=64";
    class       volVectorField;
    location    "0.0103116";
    object      U;
}
// * * * * * * * * * * * * * * * * * * * * * * * * * * * * * * * * * * * * * //

dimensions      [0 1 -1 0 0 0 0];

internalField   nonuniform List<vector> 
100
(
(-7.84245e-14 0 0)
(-8.15734e-14 0 0)
(1.42763e-14 0 0)
(6.31417e-14 0 0)
(1.14628e-13 0 0)
(5.90503e-14 0 0)
(3.9036e-14 0 0)
(3.76025e-14 0 0)
(1.44113e-13 0 0)
(2.37382e-13 0 0)
(8.50907e-12 0 0)
(3.98651e-09 0 0)
(1.43305e-06 0 0)
(0.000307211 0 0)
(0.0285111 0 0)
(0.79641 0 0)
(6.03241 0 0)
(17.6671 0 0)
(30.7292 0 0)
(41.8683 0 0)
(51.214 0 0)
(59.6518 0 0)
(67.7504 0 0)
(75.758 0 0)
(83.754 0 0)
(91.7671 0 0)
(99.784 0 0)
(107.859 0 0)
(115.868 0 0)
(124.08 0 0)
(131.906 0 0)
(140.404 0 0)
(147.778 0 0)
(156.601 0 0)
(163.82 0 0)
(172.11 0 0)
(180.253 0 0)
(187.388 0 0)
(195.967 0 0)
(203.335 0 0)
(211.801 0 0)
(219.169 0 0)
(227.63 0 0)
(235.376 0 0)
(243.679 0 0)
(251.996 0 0)
(258.887 0 0)
(265.252 0 0)
(273.199 0 0)
(281.408 0 0)
(286.666 0 0)
(283.368 0 0)
(279.89 0 0)
(280.955 0 0)
(287.563 0 0)
(288.762 0 0)
(278.327 0 0)
(276.215 0 0)
(281.391 0 0)
(289.3 0 0)
(289.34 0 0)
(278.975 0 0)
(277.558 0 0)
(281.073 0 0)
(288.449 0 0)
(288.058 0 0)
(281.757 0 0)
(276.936 0 0)
(277.713 0 0)
(283.746 0 0)
(288.154 0 0)
(285.281 0 0)
(285.09 0 0)
(279.327 0 0)
(278.626 0 0)
(280.007 0 0)
(281.532 0 0)
(283.622 0 0)
(282.896 0 0)
(277.993 0 0)
(277.726 0 0)
(278.913 0 0)
(281.096 0 0)
(283.274 0 0)
(283.39 0 0)
(282.126 0 0)
(279.895 0 0)
(279.601 0 0)
(280.057 0 0)
(282.48 0 0)
(283.755 0 0)
(283.705 0 0)
(282.1 0 0)
(277.886 0 0)
(276.161 0 0)
(276.169 0 0)
(277.374 0 0)
(290.462 0 0)
(302.437 0 0)
(207.317 0 0)
)
;

boundaryField
{
    sides
    {
        type            fixedValue;
        value           uniform (0 0 0);
    }
    empty
    {
        type            empty;
    }
}


// ************************************************************************* //
