/*--------------------------------*- C++ -*----------------------------------*\
| =========                 |                                                 |
| \\      /  F ield         | OpenFOAM: The Open Source CFD Toolbox           |
|  \\    /   O peration     | Version:  2412                                  |
|   \\  /    A nd           | Website:  www.openfoam.com                      |
|    \\/     M anipulation  |                                                 |
\*---------------------------------------------------------------------------*/
FoamFile
{
    version     2.0;
    format      ascii;
    arch        "LSB;label=32;scalar=64";
    class       volVectorField;
    location    "0.0262909";
    object      U;
}
// * * * * * * * * * * * * * * * * * * * * * * * * * * * * * * * * * * * * * //

dimensions      [0 1 -1 0 0 0 0];

internalField   nonuniform List<vector> 
100
(
(2.68321 0 0)
(8.08174 0 0)
(13.4717 0 0)
(18.8987 0 0)
(24.326 0 0)
(29.7656 0 0)
(35.1738 0 0)
(40.6671 0 0)
(45.9935 0 0)
(51.6006 0 0)
(56.7771 0 0)
(62.493 0 0)
(67.5356 0 0)
(73.2766 0 0)
(78.4171 0 0)
(84.0244 0 0)
(89.4225 0 0)
(94.7673 0 0)
(100.354 0 0)
(105.507 0 0)
(111.183 0 0)
(116.321 0 0)
(122.027 0 0)
(127.246 0 0)
(132.906 0 0)
(138.201 0 0)
(143.774 0 0)
(149.107 0 0)
(154.587 0 0)
(159.959 0 0)
(165.453 0 0)
(170.943 0 0)
(176.558 0 0)
(182.157 0 0)
(187.736 0 0)
(193.175 0 0)
(198.431 0 0)
(203.516 0 0)
(208.524 0 0)
(213.419 0 0)
(218.1 0 0)
(222.943 0 0)
(228.746 0 0)
(235.759 0 0)
(242.48 0 0)
(247.312 0 0)
(250.764 0 0)
(252.888 0 0)
(257.673 0 0)
(272.862 0 0)
(287.899 0 0)
(289.822 0 0)
(289.348 0 0)
(289.485 0 0)
(289.274 0 0)
(288.77 0 0)
(286.376 0 0)
(283.556 0 0)
(281.532 0 0)
(279.641 0 0)
(281.455 0 0)
(285.042 0 0)
(284.287 0 0)
(281.476 0 0)
(275.868 0 0)
(136.363 0 0)
(18.8587 0 0)
(2.30323 0 0)
(17.0738 0 0)
(7.47639 0 0)
(6.07924 0 0)
(-9.04028 0 0)
(-11.455 0 0)
(-3.44829 0 0)
(-8.59727 0 0)
(1.31117 0 0)
(-3.21232 0 0)
(-0.684989 0 0)
(5.69171 0 0)
(6.16462 0 0)
(10.5611 0 0)
(3.57191 0 0)
(-2.66567 0 0)
(-4.42919 0 0)
(-4.5044 0 0)
(0.701444 0 0)
(6.37914 0 0)
(7.20472 0 0)
(-0.0859176 0 0)
(-8.62701 0 0)
(-10.5404 0 0)
(-6.64768 0 0)
(-0.863867 0 0)
(4.34884 0 0)
(7.71272 0 0)
(7.09519 0 0)
(3.71232 0 0)
(-1.39069 0 0)
(-3.02709 0 0)
(-1.85207 0 0)
)
;

boundaryField
{
    sides
    {
        type            fixedValue;
        value           uniform (0 0 0);
    }
    empty
    {
        type            empty;
    }
}


// ************************************************************************* //
