/*--------------------------------*- C++ -*----------------------------------*\
| =========                 |                                                 |
| \\      /  F ield         | OpenFOAM: The Open Source CFD Toolbox           |
|  \\    /   O peration     | Version:  2412                                  |
|   \\  /    A nd           | Website:  www.openfoam.com                      |
|    \\/     M anipulation  |                                                 |
\*---------------------------------------------------------------------------*/
FoamFile
{
    version     2.0;
    format      ascii;
    arch        "LSB;label=32;scalar=64";
    class       volVectorField;
    location    "0.0046679";
    object      U;
}
// * * * * * * * * * * * * * * * * * * * * * * * * * * * * * * * * * * * * * //

dimensions      [0 1 -1 0 0 0 0];

internalField   nonuniform List<vector> 
100
(
(-9.53288e-14 0 0)
(-5.76629e-14 0 0)
(-4.32528e-14 0 0)
(-4.34236e-14 0 0)
(1.67107e-14 0 0)
(-8.82979e-14 0 0)
(-2.04238e-13 0 0)
(-9.9796e-14 0 0)
(-1.15329e-13 0 0)
(-1.6765e-13 0 0)
(-1.28192e-13 0 0)
(-8.96208e-14 0 0)
(-6.46083e-14 0 0)
(-1.67522e-14 0 0)
(-2.35699e-14 0 0)
(-1.28144e-14 0 0)
(-2.64782e-14 0 0)
(-8.2367e-15 0 0)
(-9.00126e-15 0 0)
(9.8606e-14 0 0)
(1.21036e-13 0 0)
(1.51622e-13 0 0)
(2.16425e-13 0 0)
(2.87941e-13 0 0)
(2.777e-13 0 0)
(1.97695e-13 0 0)
(1.59071e-13 0 0)
(1.59395e-13 0 0)
(2.28278e-11 0 0)
(1.12057e-08 0 0)
(3.94103e-06 0 0)
(0.000788879 0 0)
(0.0648763 0 0)
(1.53898 0 0)
(10.2097 0 0)
(28.1324 0 0)
(48.6984 0 0)
(67.9675 0 0)
(85.5853 0 0)
(103.125 0 0)
(119.286 0 0)
(138.018 0 0)
(153.123 0 0)
(170.775 0 0)
(188.534 0 0)
(201.044 0 0)
(219.344 0 0)
(237.911 0 0)
(255.631 0 0)
(263.459 0 0)
(275.792 0 0)
(291.045 0 0)
(291.051 0 0)
(282.783 0 0)
(277.796 0 0)
(280.262 0 0)
(287.908 0 0)
(287.366 0 0)
(282.262 0 0)
(277.192 0 0)
(278.152 0 0)
(279.816 0 0)
(277.257 0 0)
(281.476 0 0)
(285.576 0 0)
(287.055 0 0)
(283.018 0 0)
(274.965 0 0)
(274.153 0 0)
(277.263 0 0)
(292.593 0 0)
(288.776 0 0)
(189.855 0 0)
(14.2082 0 0)
(0.0364186 0 0)
(9.72219e-06 0 0)
(7.62622e-10 0 0)
(1.53957e-13 0 0)
(-1.18686e-13 0 0)
(-1.77158e-13 0 0)
(-7.57468e-14 0 0)
(3.89812e-14 0 0)
(-9.49399e-15 0 0)
(-2.25008e-13 0 0)
(-2.04987e-13 0 0)
(-1.54117e-13 0 0)
(-1.77456e-13 0 0)
(-1.13152e-13 0 0)
(-2.16445e-13 0 0)
(-1.49856e-13 0 0)
(-1.35453e-13 0 0)
(-2.74731e-13 0 0)
(-1.87633e-13 0 0)
(-2.30248e-13 0 0)
(-2.60954e-13 0 0)
(-2.95002e-13 0 0)
(-2.45607e-13 0 0)
(-1.33433e-13 0 0)
(-6.34981e-14 0 0)
(-9.96421e-14 0 0)
)
;

boundaryField
{
    sides
    {
        type            fixedValue;
        value           uniform (0 0 0);
    }
    empty
    {
        type            empty;
    }
}


// ************************************************************************* //
