/*--------------------------------*- C++ -*----------------------------------*\
| =========                 |                                                 |
| \\      /  F ield         | OpenFOAM: The Open Source CFD Toolbox           |
|  \\    /   O peration     | Version:  2412                                  |
|   \\  /    A nd           | Website:  www.openfoam.com                      |
|    \\/     M anipulation  |                                                 |
\*---------------------------------------------------------------------------*/
FoamFile
{
    version     2.0;
    format      ascii;
    arch        "LSB;label=32;scalar=64";
    class       volVectorField;
    location    "0.00962625";
    object      U;
}
// * * * * * * * * * * * * * * * * * * * * * * * * * * * * * * * * * * * * * //

dimensions      [0 1 -1 0 0 0 0];

internalField   nonuniform List<vector> 
100
(
(2.73585e-15 0 0)
(-8.94074e-15 0 0)
(3.85245e-14 0 0)
(-1.10092e-15 0 0)
(-2.33283e-14 0 0)
(2.7783e-15 0 0)
(7.95228e-14 0 0)
(1.6679e-13 0 0)
(1.36428e-13 0 0)
(8.29395e-14 0 0)
(8.22817e-14 0 0)
(3.95843e-14 0 0)
(2.89042e-12 0 0)
(1.4441e-09 0 0)
(5.55594e-07 0 0)
(0.000133026 0 0)
(0.0145795 0 0)
(0.509894 0 0)
(4.74392 0 0)
(15.838 0 0)
(29.4804 0 0)
(41.5107 0 0)
(51.629 0 0)
(60.7139 0 0)
(69.396 0 0)
(77.963 0 0)
(86.508 0 0)
(95.0774 0 0)
(103.636 0 0)
(112.3 0 0)
(120.8 0 0)
(129.684 0 0)
(137.85 0 0)
(147.135 0 0)
(154.819 0 0)
(164.155 0 0)
(172.225 0 0)
(180.338 0 0)
(189.531 0 0)
(197.069 0 0)
(206.08 0 0)
(214.005 0 0)
(223.143 0 0)
(231.361 0 0)
(240.505 0 0)
(247.929 0 0)
(256.204 0 0)
(265.496 0 0)
(273.731 0 0)
(279.364 0 0)
(280.527 0 0)
(281.261 0 0)
(286.83 0 0)
(287.928 0 0)
(283.877 0 0)
(277.099 0 0)
(277.033 0 0)
(288.588 0 0)
(289.695 0 0)
(284.123 0 0)
(277.037 0 0)
(277.156 0 0)
(286.572 0 0)
(287.894 0 0)
(285.039 0 0)
(277.87 0 0)
(277.93 0 0)
(281.224 0 0)
(288.033 0 0)
(287.089 0 0)
(286.444 0 0)
(280.169 0 0)
(278.205 0 0)
(279.306 0 0)
(281.497 0 0)
(282.15 0 0)
(278.092 0 0)
(278.726 0 0)
(281.241 0 0)
(283.363 0 0)
(283.774 0 0)
(281.548 0 0)
(279.673 0 0)
(279.522 0 0)
(280.151 0 0)
(282.718 0 0)
(283.651 0 0)
(283.473 0 0)
(281.138 0 0)
(277.315 0 0)
(276.59 0 0)
(276.484 0 0)
(276.779 0 0)
(281.923 0 0)
(296.966 0 0)
(292.025 0 0)
(191.04 0 0)
(14.1358 0 0)
(0.0362076 0 0)
(1.00658e-05 0 0)
)
;

boundaryField
{
    sides
    {
        type            fixedValue;
        value           uniform (0 0 0);
    }
    empty
    {
        type            empty;
    }
}


// ************************************************************************* //
