/*--------------------------------*- C++ -*----------------------------------*\
| =========                 |                                                 |
| \\      /  F ield         | OpenFOAM: The Open Source CFD Toolbox           |
|  \\    /   O peration     | Version:  2412                                  |
|   \\  /    A nd           | Website:  www.openfoam.com                      |
|    \\/     M anipulation  |                                                 |
\*---------------------------------------------------------------------------*/
FoamFile
{
    version     2.0;
    format      ascii;
    arch        "LSB;label=32;scalar=64";
    class       volVectorField;
    location    "0.0222069";
    object      U;
}
// * * * * * * * * * * * * * * * * * * * * * * * * * * * * * * * * * * * * * //

dimensions      [0 1 -1 0 0 0 0];

internalField   nonuniform List<vector> 
100
(
(3.33266 0 0)
(10.0709 0 0)
(16.7572 0 0)
(23.4392 0 0)
(30.1395 0 0)
(36.8277 0 0)
(43.5407 0 0)
(50.2407 0 0)
(56.9241 0 0)
(63.624 0 0)
(70.2266 0 0)
(76.9422 0 0)
(83.4349 0 0)
(90.3233 0 0)
(96.8023 0 0)
(103.832 0 0)
(110.018 0 0)
(116.809 0 0)
(122.952 0 0)
(129.279 0 0)
(135.719 0 0)
(142.199 0 0)
(149.378 0 0)
(156.323 0 0)
(164.442 0 0)
(172.227 0 0)
(181.027 0 0)
(191.02 0 0)
(205.201 0 0)
(217.368 0 0)
(223.135 0 0)
(226.44 0 0)
(229.405 0 0)
(231.313 0 0)
(233.007 0 0)
(235.719 0 0)
(239.019 0 0)
(242.447 0 0)
(246.859 0 0)
(252.213 0 0)
(256.1 0 0)
(259.509 0 0)
(263.097 0 0)
(266.636 0 0)
(270.056 0 0)
(273.495 0 0)
(277.409 0 0)
(280.478 0 0)
(282.348 0 0)
(283.852 0 0)
(284.27 0 0)
(283.691 0 0)
(283.3 0 0)
(283.423 0 0)
(282.854 0 0)
(282.266 0 0)
(283.723 0 0)
(285.059 0 0)
(283.206 0 0)
(280.301 0 0)
(281.306 0 0)
(287.431 0 0)
(288.903 0 0)
(278.83 0 0)
(275.656 0 0)
(282.87 0 0)
(291.355 0 0)
(289.085 0 0)
(272.931 0 0)
(269.928 0 0)
(283.77 0 0)
(293.552 0 0)
(290.858 0 0)
(202.9 0 0)
(46.8502 0 0)
(13.4284 0 0)
(-5.57317 0 0)
(8.16592 0 0)
(22.7063 0 0)
(14.2109 0 0)
(23.7619 0 0)
(16.1966 0 0)
(9.39218 0 0)
(9.13367 0 0)
(-3.13044 0 0)
(-7.31382 0 0)
(-6.04092 0 0)
(-5.79308 0 0)
(-9.3836 0 0)
(-9.60252 0 0)
(-6.95106 0 0)
(0.840033 0 0)
(7.46994 0 0)
(14.4072 0 0)
(16.3827 0 0)
(9.03601 0 0)
(-1.93032 0 0)
(-12.4073 0 0)
(-13.5669 0 0)
(-8.47584 0 0)
)
;

boundaryField
{
    sides
    {
        type            fixedValue;
        value           uniform (0 0 0);
    }
    empty
    {
        type            empty;
    }
}


// ************************************************************************* //
