/*--------------------------------*- C++ -*----------------------------------*\
| =========                 |                                                 |
| \\      /  F ield         | OpenFOAM: The Open Source CFD Toolbox           |
|  \\    /   O peration     | Version:  2412                                  |
|   \\  /    A nd           | Website:  www.openfoam.com                      |
|    \\/     M anipulation  |                                                 |
\*---------------------------------------------------------------------------*/
FoamFile
{
    version     2.0;
    format      ascii;
    arch        "LSB;label=32;scalar=64";
    class       volVectorField;
    location    "0.0279873";
    object      U;
}
// * * * * * * * * * * * * * * * * * * * * * * * * * * * * * * * * * * * * * //

dimensions      [0 1 -1 0 0 0 0];

internalField   nonuniform List<vector> 
100
(
(2.50057 0 0)
(7.54945 0 0)
(12.5449 0 0)
(17.5643 0 0)
(22.5352 0 0)
(27.5589 0 0)
(32.4726 0 0)
(37.5855 0 0)
(42.4348 0 0)
(47.7191 0 0)
(52.4291 0 0)
(57.7795 0 0)
(62.4388 0 0)
(67.733 0 0)
(72.6152 0 0)
(77.6897 0 0)
(82.8168 0 0)
(87.6606 0 0)
(92.9423 0 0)
(97.6967 0 0)
(103.027 0 0)
(107.815 0 0)
(113.1 0 0)
(117.957 0 0)
(123.18 0 0)
(128.119 0 0)
(133.269 0 0)
(138.257 0 0)
(143.365 0 0)
(148.387 0 0)
(153.483 0 0)
(158.536 0 0)
(163.617 0 0)
(168.67 0 0)
(173.712 0 0)
(178.709 0 0)
(183.673 0 0)
(188.641 0 0)
(193.611 0 0)
(198.594 0 0)
(203.705 0 0)
(208.949 0 0)
(213.969 0 0)
(218.829 0 0)
(223.648 0 0)
(228.177 0 0)
(232.1 0 0)
(235.228 0 0)
(237.799 0 0)
(239.303 0 0)
(239.767 0 0)
(242.308 0 0)
(248.77 0 0)
(253.122 0 0)
(253.194 0 0)
(253.234 0 0)
(253.578 0 0)
(254.115 0 0)
(260.903 0 0)
(278.56 0 0)
(292.866 0 0)
(242.799 0 0)
(61.5073 0 0)
(13.9506 0 0)
(0.847171 0 0)
(-3.78468 0 0)
(-7.42921 0 0)
(-9.87109 0 0)
(-1.64814 0 0)
(-6.69072 0 0)
(0.994371 0 0)
(-0.230129 0 0)
(2.38737 0 0)
(8.39952 0 0)
(3.02971 0 0)
(6.05371 0 0)
(-2.86831 0 0)
(-3.88179 0 0)
(-1.52071 0 0)
(2.10729 0 0)
(7.41534 0 0)
(3.58942 0 0)
(-1.34011 0 0)
(-7.50819 0 0)
(-8.957 0 0)
(-3.95935 0 0)
(3.58847 0 0)
(6.82289 0 0)
(7.92258 0 0)
(3.11021 0 0)
(-2.8662 0 0)
(-4.81636 0 0)
(-4.17815 0 0)
(-0.83749 0 0)
(1.33901 0 0)
(0.761996 0 0)
(-1.13543 0 0)
(-3.58359 0 0)
(-3.55287 0 0)
(-1.28677 0 0)
)
;

boundaryField
{
    sides
    {
        type            fixedValue;
        value           uniform (0 0 0);
    }
    empty
    {
        type            empty;
    }
}


// ************************************************************************* //
