/*--------------------------------*- C++ -*----------------------------------*\
| =========                 |                                                 |
| \\      /  F ield         | OpenFOAM: The Open Source CFD Toolbox           |
|  \\    /   O peration     | Version:  2412                                  |
|   \\  /    A nd           | Website:  www.openfoam.com                      |
|    \\/     M anipulation  |                                                 |
\*---------------------------------------------------------------------------*/
FoamFile
{
    version     2.0;
    format      ascii;
    arch        "LSB;label=32;scalar=64";
    class       volVectorField;
    location    "0.017147";
    object      U;
}
// * * * * * * * * * * * * * * * * * * * * * * * * * * * * * * * * * * * * * //

dimensions      [0 1 -1 0 0 0 0];

internalField   nonuniform List<vector> 
100
(
(4.8516 0 0)
(13.6252 0 0)
(24.8086 0 0)
(37.05 0 0)
(50.4922 0 0)
(63.5368 0 0)
(74.104 0 0)
(82.8135 0 0)
(88.8675 0 0)
(93.1382 0 0)
(97.2411 0 0)
(101.787 0 0)
(106.702 0 0)
(111.728 0 0)
(116.718 0 0)
(121.682 0 0)
(126.603 0 0)
(131.589 0 0)
(136.449 0 0)
(141.514 0 0)
(146.202 0 0)
(151.405 0 0)
(155.881 0 0)
(161.201 0 0)
(165.696 0 0)
(170.848 0 0)
(175.69 0 0)
(180.428 0 0)
(185.528 0 0)
(190.074 0 0)
(195.256 0 0)
(199.741 0 0)
(204.955 0 0)
(209.569 0 0)
(214.694 0 0)
(219.396 0 0)
(224.49 0 0)
(229.353 0 0)
(234.352 0 0)
(239.194 0 0)
(244.11 0 0)
(249.07 0 0)
(253.984 0 0)
(258.7 0 0)
(263.279 0 0)
(268.164 0 0)
(272.69 0 0)
(276.382 0 0)
(280.374 0 0)
(283.381 0 0)
(284.627 0 0)
(284.535 0 0)
(282.833 0 0)
(281.491 0 0)
(283.718 0 0)
(285.878 0 0)
(284.581 0 0)
(279.212 0 0)
(277.832 0 0)
(287.275 0 0)
(289.6 0 0)
(283.746 0 0)
(275.442 0 0)
(275.747 0 0)
(290.639 0 0)
(291.461 0 0)
(283.045 0 0)
(273.409 0 0)
(274.106 0 0)
(289.974 0 0)
(290.903 0 0)
(285.504 0 0)
(274.757 0 0)
(274.226 0 0)
(284.108 0 0)
(290.59 0 0)
(288.534 0 0)
(277.185 0 0)
(274.511 0 0)
(275.996 0 0)
(286.854 0 0)
(288.007 0 0)
(287.838 0 0)
(256.518 0 0)
(91.9439 0 0)
(4.40007 0 0)
(17.9999 0 0)
(9.62167 0 0)
(1.80293 0 0)
(13.9141 0 0)
(18.9119 0 0)
(19.2167 0 0)
(19.9398 0 0)
(22.3514 0 0)
(23.8957 0 0)
(24.5769 0 0)
(20.8285 0 0)
(12.4555 0 0)
(7.07267 0 0)
(0.309726 0 0)
)
;

boundaryField
{
    sides
    {
        type            fixedValue;
        value           uniform (0 0 0);
    }
    empty
    {
        type            empty;
    }
}


// ************************************************************************* //
