/*--------------------------------*- C++ -*----------------------------------*\
| =========                 |                                                 |
| \\      /  F ield         | OpenFOAM: The Open Source CFD Toolbox           |
|  \\    /   O peration     | Version:  2412                                  |
|   \\  /    A nd           | Website:  www.openfoam.com                      |
|    \\/     M anipulation  |                                                 |
\*---------------------------------------------------------------------------*/
FoamFile
{
    version     2.0;
    format      ascii;
    arch        "LSB;label=32;scalar=64";
    class       volVectorField;
    location    "0.0183686";
    object      U;
}
// * * * * * * * * * * * * * * * * * * * * * * * * * * * * * * * * * * * * * //

dimensions      [0 1 -1 0 0 0 0];

internalField   nonuniform List<vector> 
100
(
(4.20824 0 0)
(12.7335 0 0)
(20.8181 0 0)
(28.9396 0 0)
(37.2114 0 0)
(45.8552 0 0)
(55.0994 0 0)
(65.4261 0 0)
(77.09 0 0)
(89.5813 0 0)
(101.566 0 0)
(111.829 0 0)
(120.453 0 0)
(126.535 0 0)
(130.287 0 0)
(133.659 0 0)
(137.321 0 0)
(141.832 0 0)
(146.439 0 0)
(151.509 0 0)
(155.785 0 0)
(160.734 0 0)
(164.897 0 0)
(169.742 0 0)
(174.22 0 0)
(178.733 0 0)
(183.47 0 0)
(187.753 0 0)
(192.583 0 0)
(196.787 0 0)
(201.664 0 0)
(205.942 0 0)
(210.749 0 0)
(215.131 0 0)
(219.913 0 0)
(224.415 0 0)
(229.097 0 0)
(233.636 0 0)
(238.297 0 0)
(242.918 0 0)
(247.527 0 0)
(252.049 0 0)
(256.469 0 0)
(261.065 0 0)
(265.587 0 0)
(269.711 0 0)
(273.687 0 0)
(277.994 0 0)
(281.17 0 0)
(283.061 0 0)
(284.354 0 0)
(283.874 0 0)
(283.627 0 0)
(283.957 0 0)
(283.593 0 0)
(281.28 0 0)
(280.563 0 0)
(285.998 0 0)
(287.732 0 0)
(282.21 0 0)
(277.008 0 0)
(279.059 0 0)
(289.926 0 0)
(291.656 0 0)
(278.984 0 0)
(273.468 0 0)
(278.215 0 0)
(291.538 0 0)
(291.986 0 0)
(278.789 0 0)
(273.04 0 0)
(276.492 0 0)
(291.544 0 0)
(290.571 0 0)
(282.905 0 0)
(273.306 0 0)
(273.931 0 0)
(285.81 0 0)
(290.358 0 0)
(287.3 0 0)
(276.759 0 0)
(183.238 0 0)
(27.3738 0 0)
(16.9065 0 0)
(-3.23731 0 0)
(5.92397 0 0)
(22.8363 0 0)
(27.1397 0 0)
(17.6935 0 0)
(15.1551 0 0)
(7.5057 0 0)
(4.34113 0 0)
(5.12418 0 0)
(9.5858 0 0)
(14.4326 0 0)
(15.9761 0 0)
(14.7957 0 0)
(10.5051 0 0)
(5.54071 0 0)
(2.54371 0 0)
)
;

boundaryField
{
    sides
    {
        type            fixedValue;
        value           uniform (0 0 0);
    }
    empty
    {
        type            empty;
    }
}


// ************************************************************************* //
