/*--------------------------------*- C++ -*----------------------------------*\
| =========                 |                                                 |
| \\      /  F ield         | OpenFOAM: The Open Source CFD Toolbox           |
|  \\    /   O peration     | Version:  2412                                  |
|   \\  /    A nd           | Website:  www.openfoam.com                      |
|    \\/     M anipulation  |                                                 |
\*---------------------------------------------------------------------------*/
FoamFile
{
    version     2.0;
    format      ascii;
    arch        "LSB;label=32;scalar=64";
    class       volVectorField;
    location    "0.00404523";
    object      U;
}
// * * * * * * * * * * * * * * * * * * * * * * * * * * * * * * * * * * * * * //

dimensions      [0 1 -1 0 0 0 0];

internalField   nonuniform List<vector> 
100
(
(-6.6779e-15 0 0)
(-8.99247e-14 0 0)
(-1.4817e-13 0 0)
(-7.55764e-14 0 0)
(2.47085e-14 0 0)
(9.75132e-14 0 0)
(6.21432e-14 0 0)
(-6.75646e-14 0 0)
(-1.56018e-13 0 0)
(-1.11058e-13 0 0)
(-9.56374e-14 0 0)
(-3.34787e-14 0 0)
(-6.46083e-14 0 0)
(-6.51461e-14 0 0)
(-5.58737e-14 0 0)
(-6.92937e-14 0 0)
(-2.13631e-15 0 0)
(7.24508e-14 0 0)
(3.94041e-14 0 0)
(1.72758e-15 0 0)
(4.82618e-14 0 0)
(1.27484e-13 0 0)
(1.84258e-13 0 0)
(2.23361e-13 0 0)
(1.08238e-13 0 0)
(1.08996e-13 0 0)
(1.10659e-13 0 0)
(1.18654e-13 0 0)
(1.67376e-13 0 0)
(1.8167e-13 0 0)
(2.44772e-11 0 0)
(1.2479e-08 0 0)
(4.47558e-06 0 0)
(0.000901763 0 0)
(0.0737822 0 0)
(1.7255 0 0)
(11.2911 0 0)
(30.9199 0 0)
(53.5101 0 0)
(75.0377 0 0)
(94.5998 0 0)
(115.025 0 0)
(132.79 0 0)
(154.884 0 0)
(172.086 0 0)
(188.439 0 0)
(211.855 0 0)
(229.479 0 0)
(243.912 0 0)
(262.785 0 0)
(285.603 0 0)
(292.575 0 0)
(280.238 0 0)
(277.402 0 0)
(283.486 0 0)
(287.651 0 0)
(285.615 0 0)
(277.713 0 0)
(276.687 0 0)
(278.252 0 0)
(282.151 0 0)
(286.484 0 0)
(285.279 0 0)
(277.156 0 0)
(274.187 0 0)
(274.483 0 0)
(279.46 0 0)
(296.051 0 0)
(290.219 0 0)
(181.019 0 0)
(11.0839 0 0)
(0.0234052 0 0)
(5.67545e-06 0 0)
(4.45568e-10 0 0)
(-8.97496e-14 0 0)
(5.57292e-14 0 0)
(-1.38715e-14 0 0)
(-3.46783e-14 0 0)
(-7.63567e-14 0 0)
(-1.55756e-13 0 0)
(-1.25362e-13 0 0)
(3.84769e-15 0 0)
(6.13523e-14 0 0)
(-1.54725e-13 0 0)
(-1.91243e-13 0 0)
(-1.96181e-13 0 0)
(-1.91489e-13 0 0)
(-1.13209e-13 0 0)
(-2.30822e-13 0 0)
(-1.92346e-13 0 0)
(-5.74118e-14 0 0)
(-9.08038e-14 0 0)
(-1.9486e-13 0 0)
(-2.30777e-13 0 0)
(-3.52447e-13 0 0)
(-1.81838e-13 0 0)
(-3.39411e-14 0 0)
(-4.8544e-14 0 0)
(-7.05375e-14 0 0)
(-1.34956e-13 0 0)
)
;

boundaryField
{
    sides
    {
        type            fixedValue;
        value           uniform (0 0 0);
    }
    empty
    {
        type            empty;
    }
}


// ************************************************************************* //
