/*--------------------------------*- C++ -*----------------------------------*\
| =========                 |                                                 |
| \\      /  F ield         | OpenFOAM: The Open Source CFD Toolbox           |
|  \\    /   O peration     | Version:  2412                                  |
|   \\  /    A nd           | Website:  www.openfoam.com                      |
|    \\/     M anipulation  |                                                 |
\*---------------------------------------------------------------------------*/
FoamFile
{
    version     2.0;
    format      ascii;
    arch        "LSB;label=32;scalar=64";
    class       volVectorField;
    location    "0.0419421";
    object      U;
}
// * * * * * * * * * * * * * * * * * * * * * * * * * * * * * * * * * * * * * //

dimensions      [0 1 -1 0 0 0 0];

internalField   nonuniform List<vector> 
100
(
(1.67607 0 0)
(5.09534 0 0)
(8.38219 0 0)
(11.5682 0 0)
(14.6485 0 0)
(17.6506 0 0)
(20.6177 0 0)
(23.5869 0 0)
(26.5885 0 0)
(29.615 0 0)
(32.6685 0 0)
(35.7358 0 0)
(38.7913 0 0)
(41.8976 0 0)
(45.4338 0 0)
(48.3423 0 0)
(0.50085 0 0)
(-181.142 0 0)
(-224.743 0 0)
(-215.295 0 0)
(-196.567 0 0)
(-192.119 0 0)
(-190.68 0 0)
(-190.261 0 0)
(-195.984 0 0)
(-203.005 0 0)
(-203.139 0 0)
(-201.488 0 0)
(-199.014 0 0)
(-189.778 0 0)
(-173.786 0 0)
(-166.487 0 0)
(-164.065 0 0)
(-163.532 0 0)
(-167.599 0 0)
(-173.97 0 0)
(-174.835 0 0)
(-173.426 0 0)
(-171.116 0 0)
(-165.797 0 0)
(-159.405 0 0)
(-156.473 0 0)
(-155.902 0 0)
(-157.191 0 0)
(-157.023 0 0)
(-154.69 0 0)
(-148.558 0 0)
(-141.515 0 0)
(-138.482 0 0)
(-138.468 0 0)
(-140.787 0 0)
(-141.232 0 0)
(-139.122 0 0)
(-133.508 0 0)
(-125.66 0 0)
(-121.787 0 0)
(-121.168 0 0)
(-125.684 0 0)
(-130.53 0 0)
(-130.535 0 0)
(-127.248 0 0)
(-119.005 0 0)
(-107.275 0 0)
(-101.319 0 0)
(-99.2973 0 0)
(-99.6763 0 0)
(-102.801 0 0)
(-103.734 0 0)
(-104.134 0 0)
(-101.686 0 0)
(-98.9685 0 0)
(-95.673 0 0)
(-92.5413 0 0)
(-91.8387 0 0)
(-86.5361 0 0)
(-83.8781 0 0)
(-80.1545 0 0)
(-80.159 0 0)
(-79.6519 0 0)
(-78.2038 0 0)
(-76.9165 0 0)
(-71.0897 0 0)
(-67.1574 0 0)
(-65.3225 0 0)
(-69.1365 0 0)
(-76.0751 0 0)
(-79.8452 0 0)
(-82.0435 0 0)
(-75.6488 0 0)
(-60.2542 0 0)
(-44.4034 0 0)
(-31.9088 0 0)
(-24.9672 0 0)
(-21.0479 0 0)
(-17.761 0 0)
(-15.0244 0 0)
(-11.7473 0 0)
(-8.69207 0 0)
(-5.22072 0 0)
(-1.16631 0 0)
)
;

boundaryField
{
    sides
    {
        type            fixedValue;
        value           uniform (0 0 0);
    }
    empty
    {
        type            empty;
    }
}


// ************************************************************************* //
