/*--------------------------------*- C++ -*----------------------------------*\
| =========                 |                                                 |
| \\      /  F ield         | OpenFOAM: The Open Source CFD Toolbox           |
|  \\    /   O peration     | Version:  2412                                  |
|   \\  /    A nd           | Website:  www.openfoam.com                      |
|    \\/     M anipulation  |                                                 |
\*---------------------------------------------------------------------------*/
FoamFile
{
    version     2.0;
    format      ascii;
    arch        "LSB;label=32;scalar=64";
    class       volVectorField;
    location    "0.00398308";
    object      U;
}
// * * * * * * * * * * * * * * * * * * * * * * * * * * * * * * * * * * * * * //

dimensions      [0 1 -1 0 0 0 0];

internalField   nonuniform List<vector> 
100
(
(1.37487e-15 0 0)
(-8.99247e-14 0 0)
(-1.4817e-13 0 0)
(-8.36292e-14 0 0)
(2.47085e-14 0 0)
(1.05566e-13 0 0)
(6.21433e-14 0 0)
(-4.34063e-14 0 0)
(-1.47965e-13 0 0)
(-1.11058e-13 0 0)
(-9.56374e-14 0 0)
(-4.95843e-14 0 0)
(-5.65556e-14 0 0)
(-5.70933e-14 0 0)
(-4.78209e-14 0 0)
(-8.53992e-14 0 0)
(5.91645e-15 0 0)
(7.24508e-14 0 0)
(3.94041e-14 0 0)
(1.72757e-15 0 0)
(4.82618e-14 0 0)
(1.19432e-13 0 0)
(1.76206e-13 0 0)
(2.15309e-13 0 0)
(1.00185e-13 0 0)
(1.17049e-13 0 0)
(7.84478e-14 0 0)
(1.18654e-13 0 0)
(1.83481e-13 0 0)
(1.49423e-13 0 0)
(6.86735e-12 0 0)
(3.69884e-09 0 0)
(1.44811e-06 0 0)
(0.000336177 0 0)
(0.0338969 0 0)
(1.03804 0 0)
(8.53792 0 0)
(26.7885 0 0)
(49.5507 0 0)
(71.6404 0 0)
(91.6993 0 0)
(112.39 0 0)
(130.47 0 0)
(152.898 0 0)
(170.248 0 0)
(187.037 0 0)
(210.971 0 0)
(228.056 0 0)
(243.183 0 0)
(263.455 0 0)
(285.654 0 0)
(291.493 0 0)
(279.669 0 0)
(277.322 0 0)
(284.97 0 0)
(287.511 0 0)
(284.317 0 0)
(277.415 0 0)
(276.603 0 0)
(278.88 0 0)
(283.67 0 0)
(286.909 0 0)
(282.821 0 0)
(275.164 0 0)
(274.242 0 0)
(275.035 0 0)
(284.942 0 0)
(297.629 0 0)
(275.643 0 0)
(114.739 0 0)
(2.28535 0 0)
(0.00214277 0 0)
(3.25861e-07 0 0)
(3.05753e-11 0 0)
(-1.46437e-13 0 0)
(6.27772e-14 0 0)
(-6.82167e-15 0 0)
(-4.17281e-14 0 0)
(-7.63566e-14 0 0)
(-1.55756e-13 0 0)
(-1.25362e-13 0 0)
(3.84777e-15 0 0)
(6.84023e-14 0 0)
(-1.47676e-13 0 0)
(-1.91243e-13 0 0)
(-1.96181e-13 0 0)
(-2.05589e-13 0 0)
(-1.20259e-13 0 0)
(-2.09673e-13 0 0)
(-2.06446e-13 0 0)
(-4.33119e-14 0 0)
(-8.37539e-14 0 0)
(-2.0191e-13 0 0)
(-2.09627e-13 0 0)
(-3.45397e-13 0 0)
(-1.74788e-13 0 0)
(-2.68912e-14 0 0)
(-4.14941e-14 0 0)
(-7.75873e-14 0 0)
(-1.34956e-13 0 0)
)
;

boundaryField
{
    sides
    {
        type            fixedValue;
        value           uniform (0 0 0);
    }
    empty
    {
        type            empty;
    }
}


// ************************************************************************* //
