/*--------------------------------*- C++ -*----------------------------------*\
| =========                 |                                                 |
| \\      /  F ield         | OpenFOAM: The Open Source CFD Toolbox           |
|  \\    /   O peration     | Version:  2412                                  |
|   \\  /    A nd           | Website:  www.openfoam.com                      |
|    \\/     M anipulation  |                                                 |
\*---------------------------------------------------------------------------*/
FoamFile
{
    version     2.0;
    format      ascii;
    arch        "LSB;label=32;scalar=64";
    class       volVectorField;
    location    "0.0076907";
    object      U;
}
// * * * * * * * * * * * * * * * * * * * * * * * * * * * * * * * * * * * * * //

dimensions      [0 1 -1 0 0 0 0];

internalField   nonuniform List<vector> 
100
(
(1.84868e-14 0 0)
(9.6196e-14 0 0)
(5.51029e-15 0 0)
(1.49167e-14 0 0)
(-7.14512e-15 0 0)
(-1.11464e-13 0 0)
(-8.96849e-14 0 0)
(-1.40251e-13 0 0)
(-9.00225e-14 0 0)
(-1.68293e-13 0 0)
(-1.61229e-13 0 0)
(-1.55597e-13 0 0)
(-7.28015e-14 0 0)
(4.94841e-16 0 0)
(8.28609e-14 0 0)
(6.12078e-14 0 0)
(1.12753e-13 0 0)
(1.46737e-13 0 0)
(1.33719e-12 0 0)
(6.67321e-10 0 0)
(2.7316e-07 0 0)
(7.18235e-05 0 0)
(0.00900816 0 0)
(0.37681 0 0)
(4.15576 0 0)
(15.5376 0 0)
(30.8245 0 0)
(45.0134 0 0)
(57.2938 0 0)
(68.4852 0 0)
(79.2321 0 0)
(89.8785 0 0)
(100.44 0 0)
(111.21 0 0)
(121.607 0 0)
(132.827 0 0)
(142.636 0 0)
(154.417 0 0)
(163.922 0 0)
(174.638 0 0)
(185.754 0 0)
(194.716 0 0)
(206.043 0 0)
(215.771 0 0)
(227.323 0 0)
(237.776 0 0)
(246.688 0 0)
(257.076 0 0)
(269.679 0 0)
(279.647 0 0)
(281.4 0 0)
(280.325 0 0)
(281.118 0 0)
(287.751 0 0)
(288.539 0 0)
(279.374 0 0)
(276.68 0 0)
(280.95 0 0)
(288.758 0 0)
(289.162 0 0)
(280.742 0 0)
(278.132 0 0)
(279.707 0 0)
(287.279 0 0)
(286.499 0 0)
(285.375 0 0)
(279.372 0 0)
(277.602 0 0)
(279.268 0 0)
(282.226 0 0)
(284.303 0 0)
(280.666 0 0)
(279.621 0 0)
(281.534 0 0)
(283.566 0 0)
(284.216 0 0)
(282.59 0 0)
(277.893 0 0)
(276.894 0 0)
(276.768 0 0)
(278.185 0 0)
(282.523 0 0)
(283.543 0 0)
(283.786 0 0)
(287.276 0 0)
(291.398 0 0)
(267.238 0 0)
(107.39 0 0)
(2.16007 0 0)
(0.00214816 0 0)
(3.51007e-07 0 0)
(3.4168e-11 0 0)
(-1.50822e-13 0 0)
(-1.44792e-13 0 0)
(-1.17858e-13 0 0)
(-1.87811e-13 0 0)
(-1.37051e-13 0 0)
(4.66903e-15 0 0)
(8.0272e-14 0 0)
(6.5198e-14 0 0)
)
;

boundaryField
{
    sides
    {
        type            fixedValue;
        value           uniform (0 0 0);
    }
    empty
    {
        type            empty;
    }
}


// ************************************************************************* //
