/*--------------------------------*- C++ -*----------------------------------*\
| =========                 |                                                 |
| \\      /  F ield         | OpenFOAM: The Open Source CFD Toolbox           |
|  \\    /   O peration     | Version:  2412                                  |
|   \\  /    A nd           | Website:  www.openfoam.com                      |
|    \\/     M anipulation  |                                                 |
\*---------------------------------------------------------------------------*/
FoamFile
{
    version     2.0;
    format      ascii;
    arch        "LSB;label=32;scalar=64";
    class       volVectorField;
    location    "0.0379391";
    object      U;
}
// * * * * * * * * * * * * * * * * * * * * * * * * * * * * * * * * * * * * * //

dimensions      [0 1 -1 0 0 0 0];

internalField   nonuniform List<vector> 
100
(
(1.71829 0 0)
(5.23887 0 0)
(8.6728 0 0)
(12.118 0 0)
(15.3909 0 0)
(18.9181 0 0)
(22.1719 0 0)
(25.8717 0 0)
(29.3266 0 0)
(33.0703 0 0)
(36.6912 0 0)
(40.2981 0 0)
(44.0212 0 0)
(47.5019 0 0)
(51.228 0 0)
(54.6177 0 0)
(58.2977 0 0)
(61.6289 0 0)
(65.151 0 0)
(68.4702 0 0)
(71.8505 0 0)
(75.2607 0 0)
(78.7283 0 0)
(82.1832 0 0)
(85.6574 0 0)
(89.1238 0 0)
(92.5978 0 0)
(96.0457 0 0)
(99.4742 0 0)
(103.123 0 0)
(106.843 0 0)
(93.6505 0 0)
(-77.0146 0 0)
(-162.284 0 0)
(-163.426 0 0)
(-156.298 0 0)
(-155.94 0 0)
(-158.43 0 0)
(-156.227 0 0)
(-148.121 0 0)
(-140.205 0 0)
(-137.216 0 0)
(-136.515 0 0)
(-137.645 0 0)
(-140.689 0 0)
(-141.677 0 0)
(-140.646 0 0)
(-137.973 0 0)
(-130.63 0 0)
(-118.387 0 0)
(-111.932 0 0)
(-109.815 0 0)
(-110.418 0 0)
(-112.412 0 0)
(-112.882 0 0)
(-112.001 0 0)
(-110.603 0 0)
(-108.016 0 0)
(-103.01 0 0)
(-98.7384 0 0)
(-97.1852 0 0)
(-96.4644 0 0)
(-95.8567 0 0)
(-91.7307 0 0)
(-87.1467 0 0)
(-80.8685 0 0)
(-80.2544 0 0)
(-79.0055 0 0)
(-79.0772 0 0)
(-78.8949 0 0)
(-72.1319 0 0)
(-68.3478 0 0)
(-61.7278 0 0)
(-63.6206 0 0)
(-64.8645 0 0)
(-66.0775 0 0)
(-66.4457 0 0)
(-60.0128 0 0)
(-52.8033 0 0)
(-44.0604 0 0)
(-41.3675 0 0)
(-41.4821 0 0)
(-43.2733 0 0)
(-43.7346 0 0)
(-41.255 0 0)
(-37.958 0 0)
(-34.8906 0 0)
(-33.5982 0 0)
(-32.1842 0 0)
(-31.0786 0 0)
(-29.9485 0 0)
(-26.7497 0 0)
(-20.8392 0 0)
(-11.0952 0 0)
(-1.00169 0 0)
(9.07239 0 0)
(14.8434 0 0)
(15.6494 0 0)
(14.7164 0 0)
(4.36366 0 0)
)
;

boundaryField
{
    sides
    {
        type            fixedValue;
        value           uniform (0 0 0);
    }
    empty
    {
        type            empty;
    }
}


// ************************************************************************* //
