/*--------------------------------*- C++ -*----------------------------------*\
| =========                 |                                                 |
| \\      /  F ield         | OpenFOAM: The Open Source CFD Toolbox           |
|  \\    /   O peration     | Version:  2412                                  |
|   \\  /    A nd           | Website:  www.openfoam.com                      |
|    \\/     M anipulation  |                                                 |
\*---------------------------------------------------------------------------*/
FoamFile
{
    version     2.0;
    format      ascii;
    arch        "LSB;label=32;scalar=64";
    class       volVectorField;
    location    "0.0308255";
    object      U;
}
// * * * * * * * * * * * * * * * * * * * * * * * * * * * * * * * * * * * * * //

dimensions      [0 1 -1 0 0 0 0];

internalField   nonuniform List<vector> 
100
(
(2.20184 0 0)
(6.68171 0 0)
(11.104 0 0)
(15.5953 0 0)
(19.9829 0 0)
(24.5478 0 0)
(28.8356 0 0)
(33.524 0 0)
(37.6897 0 0)
(42.4876 0 0)
(46.5659 0 0)
(51.3192 0 0)
(55.5484 0 0)
(60.1213 0 0)
(64.6407 0 0)
(68.9654 0 0)
(73.667 0 0)
(77.8727 0 0)
(82.6587 0 0)
(86.8769 0 0)
(91.6413 0 0)
(95.9313 0 0)
(100.624 0 0)
(104.999 0 0)
(109.621 0 0)
(114.049 0 0)
(118.616 0 0)
(123.074 0 0)
(127.608 0 0)
(132.094 0 0)
(136.607 0 0)
(141.093 0 0)
(145.577 0 0)
(150.046 0 0)
(154.506 0 0)
(158.958 0 0)
(163.418 0 0)
(167.873 0 0)
(172.301 0 0)
(176.616 0 0)
(180.956 0 0)
(185.28 0 0)
(189.4 0 0)
(193.44 0 0)
(197.389 0 0)
(200.912 0 0)
(203.753 0 0)
(205.796 0 0)
(207.59 0 0)
(209.658 0 0)
(211.257 0 0)
(212.751 0 0)
(214.93 0 0)
(217.968 0 0)
(176.458 0 0)
(-12.8602 0 0)
(-69.7604 0 0)
(-67.0728 0 0)
(-56.074 0 0)
(-50.3811 0 0)
(-49.8235 0 0)
(-45.2184 0 0)
(-42.6938 0 0)
(-31.0181 0 0)
(-27.3758 0 0)
(-28.3085 0 0)
(-32.3508 0 0)
(-34.6475 0 0)
(-20.8706 0 0)
(-12.8525 0 0)
(5.49799 0 0)
(10.5842 0 0)
(10.0242 0 0)
(6.41544 0 0)
(-3.56309 0 0)
(-2.84549 0 0)
(-4.5811 0 0)
(2.33135 0 0)
(4.99178 0 0)
(3.38881 0 0)
(3.04605 0 0)
(-1.39844 0 0)
(-3.04151 0 0)
(-2.54093 0 0)
(-0.516375 0 0)
(1.33181 0 0)
(1.28078 0 0)
(0.564196 0 0)
(-2.35594 0 0)
(-0.849183 0 0)
(0.439123 0 0)
(1.10208 0 0)
(-1.22568 0 0)
(-3.4629 0 0)
(-3.54332 0 0)
(-0.951806 0 0)
(4.01108 0 0)
(5.82213 0 0)
(7.03348 0 0)
(2.26339 0 0)
)
;

boundaryField
{
    sides
    {
        type            fixedValue;
        value           uniform (0 0 0);
    }
    empty
    {
        type            empty;
    }
}


// ************************************************************************* //
