/*--------------------------------*- C++ -*----------------------------------*\
| =========                 |                                                 |
| \\      /  F ield         | OpenFOAM: The Open Source CFD Toolbox           |
|  \\    /   O peration     | Version:  2412                                  |
|   \\  /    A nd           | Website:  www.openfoam.com                      |
|    \\/     M anipulation  |                                                 |
\*---------------------------------------------------------------------------*/
FoamFile
{
    version     2.0;
    format      ascii;
    arch        "LSB;label=32;scalar=64";
    class       volVectorField;
    location    "0.0279225";
    object      U;
}
// * * * * * * * * * * * * * * * * * * * * * * * * * * * * * * * * * * * * * //

dimensions      [0 1 -1 0 0 0 0];

internalField   nonuniform List<vector> 
100
(
(2.50648 0 0)
(7.56797 0 0)
(12.5765 0 0)
(17.6081 0 0)
(22.5949 0 0)
(27.6348 0 0)
(32.5682 0 0)
(37.6949 0 0)
(42.5612 0 0)
(47.8557 0 0)
(52.5824 0 0)
(57.9485 0 0)
(62.6211 0 0)
(67.9316 0 0)
(72.8221 0 0)
(77.9156 0 0)
(83.0527 0 0)
(87.9136 0 0)
(93.2064 0 0)
(97.9741 0 0)
(103.317 0 0)
(108.118 0 0)
(113.418 0 0)
(118.287 0 0)
(123.526 0 0)
(128.478 0 0)
(133.641 0 0)
(138.642 0 0)
(143.767 0 0)
(148.805 0 0)
(153.918 0 0)
(158.986 0 0)
(164.079 0 0)
(169.142 0 0)
(174.191 0 0)
(179.195 0 0)
(184.172 0 0)
(189.163 0 0)
(194.161 0 0)
(199.188 0 0)
(204.35 0 0)
(209.617 0 0)
(214.611 0 0)
(219.445 0 0)
(224.256 0 0)
(228.752 0 0)
(232.644 0 0)
(235.721 0 0)
(238.253 0 0)
(239.661 0 0)
(240.472 0 0)
(244.33 0 0)
(250.737 0 0)
(253.399 0 0)
(253.212 0 0)
(253.228 0 0)
(253.613 0 0)
(255.391 0 0)
(267.543 0 0)
(283.794 0 0)
(293.215 0 0)
(259.896 0 0)
(79.7134 0 0)
(15.8624 0 0)
(-1.16011 0 0)
(-3.23097 0 0)
(-6.3995 0 0)
(-9.2874 0 0)
(-1.65247 0 0)
(-7.35549 0 0)
(-0.0735559 0 0)
(-1.22329 0 0)
(2.14513 0 0)
(8.84457 0 0)
(3.84017 0 0)
(7.18933 0 0)
(-2.67011 0 0)
(-4.1994 0 0)
(-1.88497 0 0)
(1.26284 0 0)
(6.68531 0 0)
(3.48225 0 0)
(-0.358311 0 0)
(-6.48913 0 0)
(-8.36222 0 0)
(-3.82264 0 0)
(2.91243 0 0)
(5.80933 0 0)
(7.30335 0 0)
(3.09157 0 0)
(-2.47994 0 0)
(-4.18495 0 0)
(-3.46945 0 0)
(-0.63908 0 0)
(0.78816 0 0)
(0.0604273 0 0)
(-1.29851 0 0)
(-3.27806 0 0)
(-2.90673 0 0)
(-0.826452 0 0)
)
;

boundaryField
{
    sides
    {
        type            fixedValue;
        value           uniform (0 0 0);
    }
    empty
    {
        type            empty;
    }
}


// ************************************************************************* //
