/*--------------------------------*- C++ -*----------------------------------*\
| =========                 |                                                 |
| \\      /  F ield         | OpenFOAM: The Open Source CFD Toolbox           |
|  \\    /   O peration     | Version:  2412                                  |
|   \\  /    A nd           | Website:  www.openfoam.com                      |
|    \\/     M anipulation  |                                                 |
\*---------------------------------------------------------------------------*/
FoamFile
{
    version     2.0;
    format      ascii;
    arch        "LSB;label=32;scalar=64";
    class       volVectorField;
    location    "0.0113095";
    object      U;
}
// * * * * * * * * * * * * * * * * * * * * * * * * * * * * * * * * * * * * * //

dimensions      [0 1 -1 0 0 0 0];

internalField   nonuniform List<vector> 
100
(
(5.28761e-14 0 0)
(8.76188e-14 0 0)
(5.42636e-14 0 0)
(-3.39805e-14 0 0)
(-2.35922e-14 0 0)
(2.5866e-15 0 0)
(1.62383e-13 0 0)
(2.16788e-11 0 0)
(9.96834e-09 0 0)
(3.37555e-06 0 0)
(0.000651229 0 0)
(0.0513692 0 0)
(1.1592 0 0)
(7.31042 0 0)
(19.127 0 0)
(31.3801 0 0)
(41.5167 0 0)
(49.986 0 0)
(57.6563 0 0)
(65.0397 0 0)
(72.3519 0 0)
(79.6624 0 0)
(86.984 0 0)
(94.3238 0 0)
(101.67 0 0)
(109.059 0 0)
(116.404 0 0)
(123.894 0 0)
(131.108 0 0)
(138.81 0 0)
(145.653 0 0)
(153.662 0 0)
(160.237 0 0)
(168.069 0 0)
(175.217 0 0)
(182.057 0 0)
(189.876 0 0)
(196.509 0 0)
(204.223 0 0)
(210.963 0 0)
(218.834 0 0)
(225.827 0 0)
(233.38 0 0)
(240.593 0 0)
(247.813 0 0)
(254.9 0 0)
(262.478 0 0)
(269.658 0 0)
(274.469 0 0)
(278.695 0 0)
(282.411 0 0)
(287.135 0 0)
(287.817 0 0)
(282.675 0 0)
(277.881 0 0)
(279.149 0 0)
(288.867 0 0)
(289.849 0 0)
(280.906 0 0)
(275.469 0 0)
(278.115 0 0)
(289.005 0 0)
(289.008 0 0)
(282.274 0 0)
(276.584 0 0)
(277.856 0 0)
(287.833 0 0)
(288.425 0 0)
(285.985 0 0)
(278.3 0 0)
(278.118 0 0)
(279.204 0 0)
(287.066 0 0)
(286.737 0 0)
(284.114 0 0)
(281.798 0 0)
(278.023 0 0)
(278.507 0 0)
(281.202 0 0)
(282.156 0 0)
(281.131 0 0)
(282.512 0 0)
(284.347 0 0)
(283.456 0 0)
(279.018 0 0)
(277.729 0 0)
(277.938 0 0)
(278.715 0 0)
(281.672 0 0)
(283.372 0 0)
(283.332 0 0)
(282.25 0 0)
(280.187 0 0)
(279.873 0 0)
(280.032 0 0)
(283.808 0 0)
(277.988 0 0)
(177.385 0 0)
(6.58202 0 0)
(13.297 0 0)
)
;

boundaryField
{
    sides
    {
        type            fixedValue;
        value           uniform (0 0 0);
    }
    empty
    {
        type            empty;
    }
}


// ************************************************************************* //
