/*--------------------------------*- C++ -*----------------------------------*\
| =========                 |                                                 |
| \\      /  F ield         | OpenFOAM: The Open Source CFD Toolbox           |
|  \\    /   O peration     | Version:  2412                                  |
|   \\  /    A nd           | Website:  www.openfoam.com                      |
|    \\/     M anipulation  |                                                 |
\*---------------------------------------------------------------------------*/
FoamFile
{
    version     2.0;
    format      ascii;
    arch        "LSB;label=32;scalar=64";
    class       volVectorField;
    location    "0.00888018";
    object      U;
}
// * * * * * * * * * * * * * * * * * * * * * * * * * * * * * * * * * * * * * //

dimensions      [0 1 -1 0 0 0 0];

internalField   nonuniform List<vector> 
100
(
(3.48556e-14 0 0)
(3.94997e-14 0 0)
(3.86338e-14 0 0)
(-8.14811e-14 0 0)
(-1.53604e-14 0 0)
(9.94623e-14 0 0)
(1.48104e-14 0 0)
(3.79939e-14 0 0)
(-8.65069e-15 0 0)
(2.66274e-14 0 0)
(5.00876e-14 0 0)
(7.99588e-14 0 0)
(-3.2318e-14 0 0)
(-8.91271e-14 0 0)
(2.35037e-13 0 0)
(1.53264e-10 0 0)
(6.69093e-08 0 0)
(1.97886e-05 0 0)
(0.00301734 0 0)
(0.1678 0 0)
(2.50462 0 0)
(11.5441 0 0)
(25.4903 0 0)
(38.9192 0 0)
(50.2944 0 0)
(60.3346 0 0)
(69.8006 0 0)
(79.0839 0 0)
(88.3183 0 0)
(97.5884 0 0)
(106.816 0 0)
(116.232 0 0)
(125.316 0 0)
(135.073 0 0)
(143.657 0 0)
(153.869 0 0)
(162.144 0 0)
(171.744 0 0)
(181.144 0 0)
(189.211 0 0)
(199.192 0 0)
(207.668 0 0)
(217.472 0 0)
(226.035 0 0)
(235.23 0 0)
(244.533 0 0)
(254.672 0 0)
(263.721 0 0)
(268.835 0 0)
(275.185 0 0)
(283.479 0 0)
(289.354 0 0)
(288.399 0 0)
(278.637 0 0)
(277.216 0 0)
(284.178 0 0)
(289.581 0 0)
(287.018 0 0)
(276.929 0 0)
(276.553 0 0)
(283.215 0 0)
(288.225 0 0)
(287.095 0 0)
(278.831 0 0)
(278.592 0 0)
(280.824 0 0)
(288.103 0 0)
(287.727 0 0)
(286.346 0 0)
(279.891 0 0)
(277.526 0 0)
(278.991 0 0)
(280.262 0 0)
(279.767 0 0)
(281.549 0 0)
(284.02 0 0)
(283.502 0 0)
(280.132 0 0)
(279.594 0 0)
(279.857 0 0)
(281.145 0 0)
(283.494 0 0)
(283.676 0 0)
(282.686 0 0)
(278.724 0 0)
(276.742 0 0)
(276.57 0 0)
(277.099 0 0)
(278.886 0 0)
(282.898 0 0)
(293.76 0 0)
(294.899 0 0)
(247.357 0 0)
(56.9854 0 0)
(0.475752 0 0)
(0.000256496 0 0)
(3.02857e-08 0 0)
(3.38434e-12 0 0)
(8.72864e-15 0 0)
(1.21571e-13 0 0)
)
;

boundaryField
{
    sides
    {
        type            fixedValue;
        value           uniform (0 0 0);
    }
    empty
    {
        type            empty;
    }
}


// ************************************************************************* //
