/*--------------------------------*- C++ -*----------------------------------*\
| =========                 |                                                 |
| \\      /  F ield         | OpenFOAM: The Open Source CFD Toolbox           |
|  \\    /   O peration     | Version:  2412                                  |
|   \\  /    A nd           | Website:  www.openfoam.com                      |
|    \\/     M anipulation  |                                                 |
\*---------------------------------------------------------------------------*/
FoamFile
{
    version     2.0;
    format      ascii;
    arch        "LSB;label=32;scalar=64";
    class       volVectorField;
    location    "0.0409279";
    object      U;
}
// * * * * * * * * * * * * * * * * * * * * * * * * * * * * * * * * * * * * * //

dimensions      [0 1 -1 0 0 0 0];

internalField   nonuniform List<vector> 
100
(
(1.54996 0 0)
(4.82356 0 0)
(8.07145 0 0)
(11.3268 0 0)
(14.5839 0 0)
(17.8382 0 0)
(21.0771 0 0)
(24.2855 0 0)
(27.4639 0 0)
(30.6198 0 0)
(33.7592 0 0)
(36.878 0 0)
(39.9899 0 0)
(43.0787 0 0)
(46.1638 0 0)
(49.2804 0 0)
(52.4442 0 0)
(55.6683 0 0)
(59.3444 0 0)
(62.7228 0 0)
(29.8525 0 0)
(-153.732 0 0)
(-212.217 0 0)
(-209.572 0 0)
(-193.172 0 0)
(-184.265 0 0)
(-179.721 0 0)
(-177.517 0 0)
(-176.686 0 0)
(-181.58 0 0)
(-188.286 0 0)
(-188.541 0 0)
(-186.895 0 0)
(-184.267 0 0)
(-175.406 0 0)
(-160.492 0 0)
(-153.471 0 0)
(-151.104 0 0)
(-151.008 0 0)
(-155.149 0 0)
(-159.707 0 0)
(-159.909 0 0)
(-158.533 0 0)
(-156.105 0 0)
(-150.775 0 0)
(-144.868 0 0)
(-142.258 0 0)
(-142.115 0 0)
(-142.906 0 0)
(-142.1 0 0)
(-138.595 0 0)
(-131.709 0 0)
(-126.03 0 0)
(-124.136 0 0)
(-124.947 0 0)
(-126.51 0 0)
(-125.836 0 0)
(-122.18 0 0)
(-115.012 0 0)
(-109.111 0 0)
(-106.793 0 0)
(-108.574 0 0)
(-113.63 0 0)
(-115.289 0 0)
(-114.027 0 0)
(-107.592 0 0)
(-97.2305 0 0)
(-88.8144 0 0)
(-86.1044 0 0)
(-85.176 0 0)
(-87.0293 0 0)
(-89.3992 0 0)
(-87.7528 0 0)
(-88.677 0 0)
(-83.748 0 0)
(-81.1725 0 0)
(-78.279 0 0)
(-76.7176 0 0)
(-74.0756 0 0)
(-68.896 0 0)
(-66.6535 0 0)
(-64.3978 0 0)
(-64.3839 0 0)
(-63.1549 0 0)
(-60.1672 0 0)
(-56.4453 0 0)
(-51.5431 0 0)
(-49.9419 0 0)
(-54.2203 0 0)
(-61.7862 0 0)
(-66.5113 0 0)
(-67.299 0 0)
(-61.6663 0 0)
(-48.432 0 0)
(-32.1603 0 0)
(-18.2777 0 0)
(-8.80908 0 0)
(-4.71535 0 0)
(-0.439105 0 0)
(-0.963479 0 0)
)
;

boundaryField
{
    sides
    {
        type            fixedValue;
        value           uniform (0 0 0);
    }
    empty
    {
        type            empty;
    }
}


// ************************************************************************* //
