/*--------------------------------*- C++ -*----------------------------------*\
| =========                 |                                                 |
| \\      /  F ield         | OpenFOAM: The Open Source CFD Toolbox           |
|  \\    /   O peration     | Version:  2412                                  |
|   \\  /    A nd           | Website:  www.openfoam.com                      |
|    \\/     M anipulation  |                                                 |
\*---------------------------------------------------------------------------*/
FoamFile
{
    version     2.0;
    format      ascii;
    arch        "LSB;label=32;scalar=64";
    class       volVectorField;
    location    "0.0486994";
    object      U;
}
// * * * * * * * * * * * * * * * * * * * * * * * * * * * * * * * * * * * * * //

dimensions      [0 1 -1 0 0 0 0];

internalField   nonuniform List<vector> 
100
(
(5.45376 0 0)
(-19.1475 0 0)
(-16.3133 0 0)
(0.443598 0 0)
(27.335 0 0)
(27.752 0 0)
(-105.695 0 0)
(-234.558 0 0)
(-242.407 0 0)
(-243.318 0 0)
(-242.308 0 0)
(-239.701 0 0)
(-232.305 0 0)
(-223.359 0 0)
(-220.81 0 0)
(-219.945 0 0)
(-224.232 0 0)
(-229.001 0 0)
(-228.434 0 0)
(-226.372 0 0)
(-218.216 0 0)
(-207.891 0 0)
(-204.115 0 0)
(-203.128 0 0)
(-208.677 0 0)
(-221.098 0 0)
(-223.066 0 0)
(-221.501 0 0)
(-216.718 0 0)
(-200.778 0 0)
(-186.042 0 0)
(-181.44 0 0)
(-179.806 0 0)
(-179.34 0 0)
(-184.896 0 0)
(-193.847 0 0)
(-195.198 0 0)
(-193.74 0 0)
(-190.915 0 0)
(-186.483 0 0)
(-182.946 0 0)
(-180.848 0 0)
(-178.233 0 0)
(-173.959 0 0)
(-169.781 0 0)
(-167.837 0 0)
(-167.053 0 0)
(-168.389 0 0)
(-169.632 0 0)
(-168.698 0 0)
(-165.863 0 0)
(-159.6 0 0)
(-154.279 0 0)
(-152.302 0 0)
(-155.184 0 0)
(-170.67 0 0)
(-179.256 0 0)
(-179.01 0 0)
(-176.831 0 0)
(-170.99 0 0)
(-152.503 0 0)
(-131.415 0 0)
(-120.572 0 0)
(-115.812 0 0)
(-112.333 0 0)
(-109.282 0 0)
(-105.928 0 0)
(-102.736 0 0)
(-100.872 0 0)
(-99.9088 0 0)
(-99.4378 0 0)
(-98.4715 0 0)
(-98.2256 0 0)
(-96.2226 0 0)
(-92.4331 0 0)
(-86.2031 0 0)
(-79.6884 0 0)
(-74.5833 0 0)
(-69.1449 0 0)
(-67.2673 0 0)
(-64.5806 0 0)
(-63.8083 0 0)
(-61.8926 0 0)
(-60.0233 0 0)
(-56.8135 0 0)
(-51.9884 0 0)
(-48.5331 0 0)
(-43.567 0 0)
(-39.752 0 0)
(-36.1033 0 0)
(-32.9236 0 0)
(-29.1879 0 0)
(-25.8868 0 0)
(-22.3435 0 0)
(-19.0913 0 0)
(-15.6914 0 0)
(-11.9255 0 0)
(-8.63258 0 0)
(-4.81081 0 0)
(-1.79586 0 0)
)
;

boundaryField
{
    sides
    {
        type            fixedValue;
        value           uniform (0 0 0);
    }
    empty
    {
        type            empty;
    }
}


// ************************************************************************* //
