/*--------------------------------*- C++ -*----------------------------------*\
| =========                 |                                                 |
| \\      /  F ield         | OpenFOAM: The Open Source CFD Toolbox           |
|  \\    /   O peration     | Version:  2412                                  |
|   \\  /    A nd           | Website:  www.openfoam.com                      |
|    \\/     M anipulation  |                                                 |
\*---------------------------------------------------------------------------*/
FoamFile
{
    version     2.0;
    format      ascii;
    arch        "LSB;label=32;scalar=64";
    class       volVectorField;
    location    "0.0117516";
    object      U;
}
// * * * * * * * * * * * * * * * * * * * * * * * * * * * * * * * * * * * * * //

dimensions      [0 1 -1 0 0 0 0];

internalField   nonuniform List<vector> 
100
(
(4.46239e-14 0 0)
(-2.20294e-15 0 0)
(6.23513e-14 0 0)
(7.22999e-14 0 0)
(-2.35277e-14 0 0)
(4.04784e-13 0 0)
(2.40614e-10 0 0)
(1.01831e-07 0 0)
(2.88227e-05 0 0)
(0.00410339 0 0)
(0.20601 0 0)
(2.73195 0 0)
(11.4789 0 0)
(23.8805 0 0)
(35.1045 0 0)
(44.1932 0 0)
(51.986 0 0)
(59.2293 0 0)
(66.2983 0 0)
(73.3361 0 0)
(80.3815 0 0)
(87.4414 0 0)
(94.512 0 0)
(101.605 0 0)
(108.695 0 0)
(115.848 0 0)
(122.905 0 0)
(130.181 0 0)
(137.03 0 0)
(144.55 0 0)
(151.009 0 0)
(158.762 0 0)
(165.178 0 0)
(172.468 0 0)
(179.641 0 0)
(186.047 0 0)
(193.555 0 0)
(200.059 0 0)
(207.55 0 0)
(214.003 0 0)
(221.505 0 0)
(228.398 0 0)
(235.659 0 0)
(242.571 0 0)
(249.892 0 0)
(256.18 0 0)
(263.089 0 0)
(270.22 0 0)
(276.488 0 0)
(280.138 0 0)
(282.086 0 0)
(282.894 0 0)
(286.463 0 0)
(287.293 0 0)
(282.246 0 0)
(277.371 0 0)
(279.04 0 0)
(289.148 0 0)
(290.189 0 0)
(280.892 0 0)
(275.559 0 0)
(278.238 0 0)
(289.253 0 0)
(288.976 0 0)
(282.322 0 0)
(276.33 0 0)
(277.389 0 0)
(287.172 0 0)
(288.265 0 0)
(286.454 0 0)
(278.405 0 0)
(278.355 0 0)
(278.769 0 0)
(287.245 0 0)
(287.157 0 0)
(283.757 0 0)
(282.394 0 0)
(278.129 0 0)
(277.879 0 0)
(280.18 0 0)
(282.563 0 0)
(282.414 0 0)
(279.998 0 0)
(281.633 0 0)
(283.818 0 0)
(284.628 0 0)
(281.831 0 0)
(278.224 0 0)
(277.869 0 0)
(277.952 0 0)
(279.558 0 0)
(282.881 0 0)
(283.344 0 0)
(283.599 0 0)
(280.507 0 0)
(280.848 0 0)
(162.236 0 0)
(3.36078 0 0)
(-43.8944 0 0)
(-44.3429 0 0)
)
;

boundaryField
{
    sides
    {
        type            fixedValue;
        value           uniform (0 0 0);
    }
    empty
    {
        type            empty;
    }
}


// ************************************************************************* //
