/*--------------------------------*- C++ -*----------------------------------*\
| =========                 |                                                 |
| \\      /  F ield         | OpenFOAM: The Open Source CFD Toolbox           |
|  \\    /   O peration     | Version:  2412                                  |
|   \\  /    A nd           | Website:  www.openfoam.com                      |
|    \\/     M anipulation  |                                                 |
\*---------------------------------------------------------------------------*/
FoamFile
{
    version     2.0;
    format      ascii;
    arch        "LSB;label=32;scalar=64";
    class       volVectorField;
    location    "0.0249805";
    object      U;
}
// * * * * * * * * * * * * * * * * * * * * * * * * * * * * * * * * * * * * * //

dimensions      [0 1 -1 0 0 0 0];

internalField   nonuniform List<vector> 
100
(
(2.88829 0 0)
(8.71576 0 0)
(14.4931 0 0)
(20.2746 0 0)
(26.0404 0 0)
(31.7814 0 0)
(37.535 0 0)
(43.3452 0 0)
(49.0688 0 0)
(54.9653 0 0)
(60.5681 0 0)
(66.5863 0 0)
(72.0456 0 0)
(78.1295 0 0)
(83.5173 0 0)
(89.5437 0 0)
(95.1698 0 0)
(101.002 0 0)
(106.865 0 0)
(112.439 0 0)
(118.429 0 0)
(123.871 0 0)
(129.861 0 0)
(135.367 0 0)
(141.379 0 0)
(147.032 0 0)
(153.12 0 0)
(158.903 0 0)
(164.862 0 0)
(170.495 0 0)
(176.085 0 0)
(181.474 0 0)
(186.86 0 0)
(192.204 0 0)
(197.697 0 0)
(203.572 0 0)
(210.137 0 0)
(217.068 0 0)
(223.29 0 0)
(228.191 0 0)
(233.305 0 0)
(241.909 0 0)
(259.46 0 0)
(273.973 0 0)
(279.338 0 0)
(281.74 0 0)
(284.461 0 0)
(287.385 0 0)
(287.789 0 0)
(285.01 0 0)
(282.425 0 0)
(281.878 0 0)
(281.384 0 0)
(281.401 0 0)
(282.636 0 0)
(283.816 0 0)
(282.909 0 0)
(282.619 0 0)
(284.471 0 0)
(284.883 0 0)
(281.434 0 0)
(280.007 0 0)
(285.773 0 0)
(288.2 0 0)
(283.27 0 0)
(277.46 0 0)
(276.485 0 0)
(265.005 0 0)
(85.2677 0 0)
(4.61655 0 0)
(23.2399 0 0)
(18.6592 0 0)
(7.27556 0 0)
(6.57986 0 0)
(-3.94516 0 0)
(3.70965 0 0)
(-4.30923 0 0)
(-5.64799 0 0)
(-4.98899 0 0)
(-9.8816 0 0)
(-3.43123 0 0)
(-0.18452 0 0)
(5.97301 0 0)
(12.2079 0 0)
(8.14473 0 0)
(2.78075 0 0)
(-6.75698 0 0)
(-6.50286 0 0)
(-6.73275 0 0)
(2.6124 0 0)
(7.65872 0 0)
(7.67788 0 0)
(1.39052 0 0)
(-2.85762 0 0)
(-6.78066 0 0)
(-4.43442 0 0)
(-0.929339 0 0)
(1.82739 0 0)
(3.20322 0 0)
(-1.69746 0 0)
)
;

boundaryField
{
    sides
    {
        type            fixedValue;
        value           uniform (0 0 0);
    }
    empty
    {
        type            empty;
    }
}


// ************************************************************************* //
