/*--------------------------------*- C++ -*----------------------------------*\
| =========                 |                                                 |
| \\      /  F ield         | OpenFOAM: The Open Source CFD Toolbox           |
|  \\    /   O peration     | Version:  2412                                  |
|   \\  /    A nd           | Website:  www.openfoam.com                      |
|    \\/     M anipulation  |                                                 |
\*---------------------------------------------------------------------------*/
FoamFile
{
    version     2.0;
    format      ascii;
    arch        "LSB;label=32;scalar=64";
    class       volVectorField;
    location    "0.0272106";
    object      U;
}
// * * * * * * * * * * * * * * * * * * * * * * * * * * * * * * * * * * * * * //

dimensions      [0 1 -1 0 0 0 0];

internalField   nonuniform List<vector> 
100
(
(2.56259 0 0)
(7.76045 0 0)
(12.9219 0 0)
(18.1108 0 0)
(23.2891 0 0)
(28.5182 0 0)
(33.6695 0 0)
(38.9534 0 0)
(44.0025 0 0)
(49.4165 0 0)
(54.3272 0 0)
(59.8604 0 0)
(64.6913 0 0)
(70.1777 0 0)
(75.1653 0 0)
(80.4842 0 0)
(85.7367 0 0)
(90.7922 0 0)
(96.2015 0 0)
(101.121 0 0)
(106.612 0 0)
(111.559 0 0)
(117.03 0 0)
(122.035 0 0)
(127.441 0 0)
(132.541 0 0)
(137.884 0 0)
(143.045 0 0)
(148.354 0 0)
(153.557 0 0)
(158.824 0 0)
(164.008 0 0)
(169.207 0 0)
(174.374 0 0)
(179.572 0 0)
(184.818 0 0)
(190.156 0 0)
(195.538 0 0)
(200.858 0 0)
(206.128 0 0)
(211.286 0 0)
(216.139 0 0)
(220.824 0 0)
(225.568 0 0)
(229.965 0 0)
(233.584 0 0)
(237.546 0 0)
(242.621 0 0)
(249.477 0 0)
(253.775 0 0)
(253.808 0 0)
(253.807 0 0)
(253.691 0 0)
(255.092 0 0)
(267.718 0 0)
(286.751 0 0)
(289.222 0 0)
(288.772 0 0)
(290.065 0 0)
(291.703 0 0)
(288.333 0 0)
(286.658 0 0)
(283.875 0 0)
(154.528 0 0)
(17.2865 0 0)
(5.23292 0 0)
(6.83398 0 0)
(0.17672 0 0)
(-1.97577 0 0)
(-13.0126 0 0)
(-5.54484 0 0)
(-6.29495 0 0)
(-1.66881 0 0)
(4.37804 0 0)
(0.503893 0 0)
(8.84847 0 0)
(5.43145 0 0)
(6.4812 0 0)
(1.2145 0 0)
(-8.12976 0 0)
(-6.34108 0 0)
(-4.09148 0 0)
(2.83308 0 0)
(8.97213 0 0)
(7.63141 0 0)
(1.79797 0 0)
(-4.39597 0 0)
(-7.11487 0 0)
(-7.0235 0 0)
(-0.883302 0 0)
(3.71735 0 0)
(6.8625 0 0)
(4.40124 0 0)
(-1.17071 0 0)
(-4.08684 0 0)
(-4.64683 0 0)
(-1.29885 0 0)
(1.5054 0 0)
(2.88783 0 0)
(0.427893 0 0)
)
;

boundaryField
{
    sides
    {
        type            fixedValue;
        value           uniform (0 0 0);
    }
    empty
    {
        type            empty;
    }
}


// ************************************************************************* //
