/*--------------------------------*- C++ -*----------------------------------*\
| =========                 |                                                 |
| \\      /  F ield         | OpenFOAM: The Open Source CFD Toolbox           |
|  \\    /   O peration     | Version:  2412                                  |
|   \\  /    A nd           | Website:  www.openfoam.com                      |
|    \\/     M anipulation  |                                                 |
\*---------------------------------------------------------------------------*/
FoamFile
{
    version     2.0;
    format      ascii;
    arch        "LSB;label=32;scalar=64";
    class       volVectorField;
    location    "0.0228479";
    object      U;
}
// * * * * * * * * * * * * * * * * * * * * * * * * * * * * * * * * * * * * * //

dimensions      [0 1 -1 0 0 0 0];

internalField   nonuniform List<vector> 
100
(
(3.22303 0 0)
(9.73368 0 0)
(16.1932 0 0)
(22.6631 0 0)
(29.127 0 0)
(35.5808 0 0)
(42.0513 0 0)
(48.519 0 0)
(54.957 0 0)
(61.4296 0 0)
(67.7653 0 0)
(74.2752 0 0)
(80.5126 0 0)
(87.1908 0 0)
(93.3082 0 0)
(100.075 0 0)
(106.227 0 0)
(113.03 0 0)
(119.312 0 0)
(125.686 0 0)
(132.005 0 0)
(137.857 0 0)
(144.083 0 0)
(149.99 0 0)
(156.6 0 0)
(163.015 0 0)
(170.353 0 0)
(177.533 0 0)
(185.247 0 0)
(192.777 0 0)
(202.343 0 0)
(216.742 0 0)
(230.68 0 0)
(236.608 0 0)
(240.082 0 0)
(243.212 0 0)
(245.565 0 0)
(246.677 0 0)
(248.747 0 0)
(251.787 0 0)
(255.127 0 0)
(258.715 0 0)
(263.408 0 0)
(267.849 0 0)
(271.661 0 0)
(274.3 0 0)
(277.106 0 0)
(280.539 0 0)
(282.753 0 0)
(283.795 0 0)
(284.189 0 0)
(283.886 0 0)
(283.11 0 0)
(283.005 0 0)
(283.622 0 0)
(283.293 0 0)
(282.121 0 0)
(282.688 0 0)
(285.072 0 0)
(285.164 0 0)
(280.509 0 0)
(278.954 0 0)
(286.648 0 0)
(289.545 0 0)
(283.519 0 0)
(275.249 0 0)
(275.935 0 0)
(290.16 0 0)
(291.274 0 0)
(277.277 0 0)
(272.132 0 0)
(274.112 0 0)
(144.888 0 0)
(28.9062 0 0)
(-2.31359 0 0)
(27.1618 0 0)
(20.6374 0 0)
(15.7971 0 0)
(12.8128 0 0)
(2.75598 0 0)
(13.6445 0 0)
(8.84612 0 0)
(0.0962234 0 0)
(-3.82557 0 0)
(-13.0411 0 0)
(-10.6758 0 0)
(-4.62579 0 0)
(-0.74688 0 0)
(0.218035 0 0)
(5.04712 0 0)
(7.08993 0 0)
(6.59862 0 0)
(0.925424 0 0)
(-3.53591 0 0)
(-7.82845 0 0)
(-4.73527 0 0)
(1.7817 0 0)
(8.93406 0 0)
(11.5783 0 0)
(2.41472 0 0)
)
;

boundaryField
{
    sides
    {
        type            fixedValue;
        value           uniform (0 0 0);
    }
    empty
    {
        type            empty;
    }
}


// ************************************************************************* //
