/*--------------------------------*- C++ -*----------------------------------*\
| =========                 |                                                 |
| \\      /  F ield         | OpenFOAM: The Open Source CFD Toolbox           |
|  \\    /   O peration     | Version:  2412                                  |
|   \\  /    A nd           | Website:  www.openfoam.com                      |
|    \\/     M anipulation  |                                                 |
\*---------------------------------------------------------------------------*/
FoamFile
{
    version     2.0;
    format      ascii;
    arch        "LSB;label=32;scalar=64";
    class       volVectorField;
    location    "0.0470415";
    object      U;
}
// * * * * * * * * * * * * * * * * * * * * * * * * * * * * * * * * * * * * * //

dimensions      [0 1 -1 0 0 0 0];

internalField   nonuniform List<vector> 
100
(
(-26.0362 0 0)
(-22.5022 0 0)
(-163.353 0 0)
(-234.861 0 0)
(-229.386 0 0)
(-223.96 0 0)
(-223.02 0 0)
(-222.415 0 0)
(-233.149 0 0)
(-242.828 0 0)
(-242.736 0 0)
(-240.73 0 0)
(-237.257 0 0)
(-228.06 0 0)
(-222.019 0 0)
(-219.985 0 0)
(-219.443 0 0)
(-222.706 0 0)
(-224.251 0 0)
(-223.235 0 0)
(-220.092 0 0)
(-211.643 0 0)
(-204.607 0 0)
(-202.374 0 0)
(-202.264 0 0)
(-207.152 0 0)
(-209.178 0 0)
(-207.775 0 0)
(-203.655 0 0)
(-193.777 0 0)
(-186.626 0 0)
(-184.207 0 0)
(-185.018 0 0)
(-194.983 0 0)
(-201.388 0 0)
(-200.786 0 0)
(-197.966 0 0)
(-187.761 0 0)
(-171.825 0 0)
(-164.497 0 0)
(-161.97 0 0)
(-161.242 0 0)
(-164.694 0 0)
(-172.285 0 0)
(-174.456 0 0)
(-173.419 0 0)
(-171.181 0 0)
(-167.182 0 0)
(-163.507 0 0)
(-161.363 0 0)
(-159.088 0 0)
(-154.985 0 0)
(-150.703 0 0)
(-148.543 0 0)
(-147.797 0 0)
(-148.645 0 0)
(-149.245 0 0)
(-148.223 0 0)
(-144.721 0 0)
(-138.514 0 0)
(-134.079 0 0)
(-132.679 0 0)
(-137.651 0 0)
(-151.493 0 0)
(-156.796 0 0)
(-156.147 0 0)
(-153.172 0 0)
(-143.768 0 0)
(-123.894 0 0)
(-107.014 0 0)
(-98.6596 0 0)
(-93.104 0 0)
(-90.4948 0 0)
(-86.779 0 0)
(-83.5381 0 0)
(-81.2673 0 0)
(-79.7315 0 0)
(-79.7151 0 0)
(-77.7153 0 0)
(-77.215 0 0)
(-74.3567 0 0)
(-70.6191 0 0)
(-63.4957 0 0)
(-56.974 0 0)
(-53.0621 0 0)
(-48.8743 0 0)
(-46.7952 0 0)
(-44.5743 0 0)
(-43.2123 0 0)
(-40.7004 0 0)
(-37.4184 0 0)
(-32.9235 0 0)
(-28.5372 0 0)
(-24.2184 0 0)
(-20.2104 0 0)
(-16.584 0 0)
(-12.7919 0 0)
(-9.5181 0 0)
(-5.51881 0 0)
(-2.05795 0 0)
)
;

boundaryField
{
    sides
    {
        type            fixedValue;
        value           uniform (0 0 0);
    }
    empty
    {
        type            empty;
    }
}


// ************************************************************************* //
