/*--------------------------------*- C++ -*----------------------------------*\
| =========                 |                                                 |
| \\      /  F ield         | OpenFOAM: The Open Source CFD Toolbox           |
|  \\    /   O peration     | Version:  2412                                  |
|   \\  /    A nd           | Website:  www.openfoam.com                      |
|    \\/     M anipulation  |                                                 |
\*---------------------------------------------------------------------------*/
FoamFile
{
    version     2.0;
    format      ascii;
    arch        "LSB;label=32;scalar=64";
    class       volVectorField;
    location    "0.00680773";
    object      U;
}
// * * * * * * * * * * * * * * * * * * * * * * * * * * * * * * * * * * * * * //

dimensions      [0 1 -1 0 0 0 0];

internalField   nonuniform List<vector> 
100
(
(-1.20853e-13 0 0)
(-2.06345e-13 0 0)
(-1.74216e-13 0 0)
(-3.38675e-14 0 0)
(-8.01518e-14 0 0)
(-1.11933e-13 0 0)
(-1.79854e-13 0 0)
(-1.40213e-13 0 0)
(-1.22436e-13 0 0)
(-1.76164e-13 0 0)
(-2.34577e-13 0 0)
(-1.87947e-13 0 0)
(-1.05595e-13 0 0)
(2.04112e-16 0 0)
(-7.31269e-15 0 0)
(1.02046e-13 0 0)
(1.4535e-13 0 0)
(1.3039e-13 0 0)
(1.61618e-13 0 0)
(1.14524e-13 0 0)
(1.69917e-13 0 0)
(5.18587e-12 0 0)
(2.50855e-09 0 0)
(9.52746e-07 0 0)
(0.00022073 0 0)
(0.0227516 0 0)
(0.725547 0 0)
(6.18666 0 0)
(19.6494 0 0)
(36.0394 0 0)
(51.001 0 0)
(64.2431 0 0)
(76.5661 0 0)
(88.6038 0 0)
(100.437 0 0)
(112.593 0 0)
(124.122 0 0)
(136.95 0 0)
(147.734 0 0)
(160.908 0 0)
(171.943 0 0)
(182.96 0 0)
(195.929 0 0)
(206.305 0 0)
(218.559 0 0)
(229.102 0 0)
(242.702 0 0)
(255.508 0 0)
(264.382 0 0)
(270.743 0 0)
(279.61 0 0)
(290.073 0 0)
(290.452 0 0)
(280.785 0 0)
(277.147 0 0)
(280.958 0 0)
(288.722 0 0)
(288.525 0 0)
(279.706 0 0)
(277.281 0 0)
(279.83 0 0)
(286.9 0 0)
(286.537 0 0)
(285.464 0 0)
(279.315 0 0)
(278.709 0 0)
(280.96 0 0)
(281.606 0 0)
(281.139 0 0)
(283.544 0 0)
(284.559 0 0)
(281.332 0 0)
(277.447 0 0)
(277.03 0 0)
(277.201 0 0)
(279.094 0 0)
(283.925 0 0)
(284.69 0 0)
(283.191 0 0)
(282.176 0 0)
(286.265 0 0)
(287.249 0 0)
(243.02 0 0)
(57.8849 0 0)
(0.508806 0 0)
(0.000285938 0 0)
(3.34527e-08 0 0)
(3.54939e-12 0 0)
(-2.02476e-13 0 0)
(-1.63018e-13 0 0)
(-1.91221e-13 0 0)
(-2.3888e-13 0 0)
(-3.23947e-13 0 0)
(-4.16617e-13 0 0)
(-3.75214e-13 0 0)
(-2.3758e-13 0 0)
(-1.66065e-13 0 0)
(-9.5849e-14 0 0)
(2.31999e-14 0 0)
(8.36107e-16 0 0)
)
;

boundaryField
{
    sides
    {
        type            fixedValue;
        value           uniform (0 0 0);
    }
    empty
    {
        type            empty;
    }
}


// ************************************************************************* //
