/*--------------------------------*- C++ -*----------------------------------*\
| =========                 |                                                 |
| \\      /  F ield         | OpenFOAM: The Open Source CFD Toolbox           |
|  \\    /   O peration     | Version:  2412                                  |
|   \\  /    A nd           | Website:  www.openfoam.com                      |
|    \\/     M anipulation  |                                                 |
\*---------------------------------------------------------------------------*/
FoamFile
{
    version     2.0;
    format      ascii;
    arch        "LSB;label=32;scalar=64";
    class       volVectorField;
    location    "0.00981258";
    object      U;
}
// * * * * * * * * * * * * * * * * * * * * * * * * * * * * * * * * * * * * * //

dimensions      [0 1 -1 0 0 0 0];

internalField   nonuniform List<vector> 
100
(
(2.73585e-15 0 0)
(-8.65797e-16 0 0)
(3.04495e-14 0 0)
(3.91112e-14 0 0)
(-1.52533e-14 0 0)
(1.89237e-14 0 0)
(6.33819e-14 0 0)
(1.90933e-13 0 0)
(1.20279e-13 0 0)
(8.29395e-14 0 0)
(1.38793e-13 0 0)
(2.73717e-13 0 0)
(1.15385e-10 0 0)
(5.05457e-08 0 0)
(1.51402e-05 0 0)
(0.00237701 0 0)
(0.138751 0 0)
(2.19317 0 0)
(10.5397 0 0)
(23.7591 0 0)
(36.514 0 0)
(47.1705 0 0)
(56.4259 0 0)
(65.0666 0 0)
(73.5035 0 0)
(81.8977 0 0)
(90.2891 0 0)
(98.715 0 0)
(107.121 0 0)
(115.653 0 0)
(123.972 0 0)
(132.743 0 0)
(140.683 0 0)
(149.852 0 0)
(157.371 0 0)
(166.439 0 0)
(174.525 0 0)
(182.321 0 0)
(191.373 0 0)
(198.87 0 0)
(207.7 0 0)
(215.449 0 0)
(224.431 0 0)
(232.506 0 0)
(241.407 0 0)
(249.235 0 0)
(256.551 0 0)
(265.41 0 0)
(274.092 0 0)
(280.995 0 0)
(281.4 0 0)
(281.318 0 0)
(283.088 0 0)
(287.695 0 0)
(287.643 0 0)
(277.824 0 0)
(276.664 0 0)
(283.185 0 0)
(289.873 0 0)
(288.668 0 0)
(277.856 0 0)
(277.577 0 0)
(281.871 0 0)
(288.169 0 0)
(287.775 0 0)
(279.753 0 0)
(277.163 0 0)
(278.398 0 0)
(286.315 0 0)
(287.92 0 0)
(286.038 0 0)
(283.74 0 0)
(278.909 0 0)
(278.417 0 0)
(280.41 0 0)
(282.642 0 0)
(281.675 0 0)
(277.467 0 0)
(278.832 0 0)
(280.942 0 0)
(283.208 0 0)
(283.625 0 0)
(282.027 0 0)
(279.77 0 0)
(279.552 0 0)
(279.99 0 0)
(282.366 0 0)
(283.724 0 0)
(283.613 0 0)
(281.606 0 0)
(277.731 0 0)
(276.616 0 0)
(276.328 0 0)
(276.661 0 0)
(282.293 0 0)
(297.176 0 0)
(289.249 0 0)
(173.519 0 0)
(9.43422 0 0)
(0.0184933 0 0)
)
;

boundaryField
{
    sides
    {
        type            fixedValue;
        value           uniform (0 0 0);
    }
    empty
    {
        type            empty;
    }
}


// ************************************************************************* //
