/*--------------------------------*- C++ -*----------------------------------*\
| =========                 |                                                 |
| \\      /  F ield         | OpenFOAM: The Open Source CFD Toolbox           |
|  \\    /   O peration     | Version:  2412                                  |
|   \\  /    A nd           | Website:  www.openfoam.com                      |
|    \\/     M anipulation  |                                                 |
\*---------------------------------------------------------------------------*/
FoamFile
{
    version     2.0;
    format      ascii;
    arch        "LSB;label=32;scalar=64";
    class       volVectorField;
    location    "0.0319704";
    object      U;
}
// * * * * * * * * * * * * * * * * * * * * * * * * * * * * * * * * * * * * * //

dimensions      [0 1 -1 0 0 0 0];

internalField   nonuniform List<vector> 
100
(
(2.11623 0 0)
(6.41495 0 0)
(10.6346 0 0)
(14.9569 0 0)
(19.1158 0 0)
(23.4998 0 0)
(27.5456 0 0)
(32.0792 0 0)
(36.0067 0 0)
(40.6303 0 0)
(44.5477 0 0)
(49.1169 0 0)
(53.2667 0 0)
(57.5953 0 0)
(62.0017 0 0)
(66.1075 0 0)
(70.6482 0 0)
(74.6205 0 0)
(79.1785 0 0)
(83.1847 0 0)
(87.709 0 0)
(91.8204 0 0)
(96.3041 0 0)
(100.501 0 0)
(104.914 0 0)
(109.159 0 0)
(113.519 0 0)
(117.793 0 0)
(122.124 0 0)
(126.414 0 0)
(130.718 0 0)
(134.998 0 0)
(139.274 0 0)
(143.543 0 0)
(147.822 0 0)
(152.091 0 0)
(156.361 0 0)
(160.565 0 0)
(164.766 0 0)
(168.856 0 0)
(172.901 0 0)
(176.953 0 0)
(180.886 0 0)
(184.578 0 0)
(187.846 0 0)
(190.448 0 0)
(192.646 0 0)
(194.558 0 0)
(196.001 0 0)
(197.785 0 0)
(200.147 0 0)
(111.321 0 0)
(-61.8133 0 0)
(-91.1494 0 0)
(-81.2507 0 0)
(-72.515 0 0)
(-68.2256 0 0)
(-63.9777 0 0)
(-57.7642 0 0)
(-53.6773 0 0)
(-52.132 0 0)
(-49.71 0 0)
(-51.9666 0 0)
(-48.686 0 0)
(-47.6727 0 0)
(-42.8407 0 0)
(-38.4716 0 0)
(-35.7762 0 0)
(-29.7892 0 0)
(-35.3087 0 0)
(-32.9325 0 0)
(-33.3886 0 0)
(-23.8256 0 0)
(-6.42378 0 0)
(6.4227 0 0)
(15.9024 0 0)
(11.9405 0 0)
(7.47121 0 0)
(0.752758 0 0)
(-2.53464 0 0)
(-1.64746 0 0)
(-0.803934 0 0)
(-0.213806 0 0)
(-1.53365 0 0)
(-2.87972 0 0)
(-2.07099 0 0)
(0.103927 0 0)
(1.83711 0 0)
(2.13581 0 0)
(0.600001 0 0)
(-1.29612 0 0)
(-0.532168 0 0)
(1.08294 0 0)
(3.81212 0 0)
(3.74905 0 0)
(0.901065 0 0)
(-4.26329 0 0)
(-8.41621 0 0)
(-8.05866 0 0)
(-3.74471 0 0)
)
;

boundaryField
{
    sides
    {
        type            fixedValue;
        value           uniform (0 0 0);
    }
    empty
    {
        type            empty;
    }
}


// ************************************************************************* //
