/*--------------------------------*- C++ -*----------------------------------*\
| =========                 |                                                 |
| \\      /  F ield         | OpenFOAM: The Open Source CFD Toolbox           |
|  \\    /   O peration     | Version:  2412                                  |
|   \\  /    A nd           | Website:  www.openfoam.com                      |
|    \\/     M anipulation  |                                                 |
\*---------------------------------------------------------------------------*/
FoamFile
{
    version     2.0;
    format      ascii;
    arch        "LSB;label=32;scalar=64";
    class       volVectorField;
    location    "0.0497408";
    object      U;
}
// * * * * * * * * * * * * * * * * * * * * * * * * * * * * * * * * * * * * * //

dimensions      [0 1 -1 0 0 0 0];

internalField   nonuniform List<vector> 
100
(
(0.539141 0 0)
(-2.31239 0 0)
(-5.68963 0 0)
(-14.5527 0 0)
(-25.0321 0 0)
(-24.8074 0 0)
(-0.0910945 0 0)
(23.8727 0 0)
(-1.04249 0 0)
(-156.249 0 0)
(-233.878 0 0)
(-240.109 0 0)
(-240.577 0 0)
(-238.865 0 0)
(-235.054 0 0)
(-223.036 0 0)
(-216.286 0 0)
(-214.218 0 0)
(-215.007 0 0)
(-227.365 0 0)
(-235.729 0 0)
(-235.195 0 0)
(-232.869 0 0)
(-224.512 0 0)
(-204.579 0 0)
(-194.828 0 0)
(-192.03 0 0)
(-191.101 0 0)
(-191.282 0 0)
(-200.37 0 0)
(-207.958 0 0)
(-207.815 0 0)
(-205.841 0 0)
(-202.213 0 0)
(-197.328 0 0)
(-194.212 0 0)
(-192.185 0 0)
(-189.278 0 0)
(-184.574 0 0)
(-180.991 0 0)
(-179.431 0 0)
(-178.905 0 0)
(-180.824 0 0)
(-181.978 0 0)
(-180.899 0 0)
(-177.853 0 0)
(-171.083 0 0)
(-165.846 0 0)
(-163.923 0 0)
(-167.364 0 0)
(-184.534 0 0)
(-193.012 0 0)
(-192.579 0 0)
(-190.57 0 0)
(-185.077 0 0)
(-165.981 0 0)
(-143.536 0 0)
(-132.584 0 0)
(-128.015 0 0)
(-125.129 0 0)
(-122.412 0 0)
(-119.131 0 0)
(-115.542 0 0)
(-113.193 0 0)
(-112.183 0 0)
(-111.477 0 0)
(-111.008 0 0)
(-110.661 0 0)
(-110.055 0 0)
(-107.867 0 0)
(-103.668 0 0)
(-96.2773 0 0)
(-89.9361 0 0)
(-84.3236 0 0)
(-80.6541 0 0)
(-77.7845 0 0)
(-76.241 0 0)
(-75.5314 0 0)
(-73.647 0 0)
(-72.8057 0 0)
(-68.6509 0 0)
(-64.1902 0 0)
(-58.8746 0 0)
(-55.5352 0 0)
(-52.3085 0 0)
(-48.5884 0 0)
(-46.0106 0 0)
(-42.1494 0 0)
(-39.1533 0 0)
(-35.29 0 0)
(-31.587 0 0)
(-27.7372 0 0)
(-24.5325 0 0)
(-21.2333 0 0)
(-18.1373 0 0)
(-15.0659 0 0)
(-11.7504 0 0)
(-8.92536 0 0)
(-5.31707 0 0)
(-2.10913 0 0)
)
;

boundaryField
{
    sides
    {
        type            fixedValue;
        value           uniform (0 0 0);
    }
    empty
    {
        type            empty;
    }
}


// ************************************************************************* //
