/*--------------------------------*- C++ -*----------------------------------*\
| =========                 |                                                 |
| \\      /  F ield         | OpenFOAM: The Open Source CFD Toolbox           |
|  \\    /   O peration     | Version:  2412                                  |
|   \\  /    A nd           | Website:  www.openfoam.com                      |
|    \\/     M anipulation  |                                                 |
\*---------------------------------------------------------------------------*/
FoamFile
{
    version     2.0;
    format      ascii;
    arch        "LSB;label=32;scalar=64";
    class       volVectorField;
    location    "0.0318152";
    object      U;
}
// * * * * * * * * * * * * * * * * * * * * * * * * * * * * * * * * * * * * * //

dimensions      [0 1 -1 0 0 0 0];

internalField   nonuniform List<vector> 
100
(
(2.13003 0 0)
(6.45494 0 0)
(10.6985 0 0)
(15.0403 0 0)
(19.2264 0 0)
(23.6308 0 0)
(27.7096 0 0)
(32.2669 0 0)
(36.2264 0 0)
(40.8716 0 0)
(44.8063 0 0)
(49.4035 0 0)
(53.5686 0 0)
(57.9321 0 0)
(62.353 0 0)
(66.4857 0 0)
(71.0422 0 0)
(75.0381 0 0)
(79.6185 0 0)
(83.6542 0 0)
(88.2167 0 0)
(92.3564 0 0)
(96.8712 0 0)
(101.091 0 0)
(105.529 0 0)
(109.797 0 0)
(114.184 0 0)
(118.484 0 0)
(122.843 0 0)
(127.158 0 0)
(131.489 0 0)
(135.794 0 0)
(140.097 0 0)
(144.395 0 0)
(148.7 0 0)
(152.994 0 0)
(157.285 0 0)
(161.521 0 0)
(165.767 0 0)
(169.867 0 0)
(173.955 0 0)
(178.066 0 0)
(182.019 0 0)
(185.764 0 0)
(189.113 0 0)
(191.836 0 0)
(194.163 0 0)
(196.086 0 0)
(197.454 0 0)
(199.174 0 0)
(202.271 0 0)
(183.982 0 0)
(0.913784 0 0)
(-85.6143 0 0)
(-84.9696 0 0)
(-73.7853 0 0)
(-67.8314 0 0)
(-64.0444 0 0)
(-57.5198 0 0)
(-52.6994 0 0)
(-49.9151 0 0)
(-46.3857 0 0)
(-49.5271 0 0)
(-48.3818 0 0)
(-48.1573 0 0)
(-41.9848 0 0)
(-35.2092 0 0)
(-33.6763 0 0)
(-29.0754 0 0)
(-33.8144 0 0)
(-29.906 0 0)
(-31.5624 0 0)
(-20.3473 0 0)
(-0.107711 0 0)
(8.19834 0 0)
(16.4034 0 0)
(11.9582 0 0)
(6.85534 0 0)
(0.0817448 0 0)
(-3.25836 0 0)
(-1.9731 0 0)
(-0.982273 0 0)
(-0.512133 0 0)
(-1.19377 0 0)
(-2.61868 0 0)
(-2.53609 0 0)
(-0.57064 0 0)
(1.5637 0 0)
(2.8533 0 0)
(1.74748 0 0)
(-0.85696 0 0)
(-1.19242 0 0)
(0.373377 0 0)
(2.89264 0 0)
(2.93246 0 0)
(0.409213 0 0)
(-3.05204 0 0)
(-6.75806 0 0)
(-6.82656 0 0)
(-2.52572 0 0)
)
;

boundaryField
{
    sides
    {
        type            fixedValue;
        value           uniform (0 0 0);
    }
    empty
    {
        type            empty;
    }
}


// ************************************************************************* //
