/*--------------------------------*- C++ -*----------------------------------*\
| =========                 |                                                 |
| \\      /  F ield         | OpenFOAM: The Open Source CFD Toolbox           |
|  \\    /   O peration     | Version:  2412                                  |
|   \\  /    A nd           | Website:  www.openfoam.com                      |
|    \\/     M anipulation  |                                                 |
\*---------------------------------------------------------------------------*/
FoamFile
{
    version     2.0;
    format      ascii;
    arch        "LSB;label=32;scalar=64";
    class       volVectorField;
    location    "0.0332412";
    object      U;
}
// * * * * * * * * * * * * * * * * * * * * * * * * * * * * * * * * * * * * * //

dimensions      [0 1 -1 0 0 0 0];

internalField   nonuniform List<vector> 
100
(
(2.00552 0 0)
(6.12004 0 0)
(10.1326 0 0)
(14.2812 0 0)
(18.226 0 0)
(22.4699 0 0)
(26.2889 0 0)
(30.6738 0 0)
(34.3984 0 0)
(38.8221 0 0)
(42.5745 0 0)
(46.883 0 0)
(50.898 0 0)
(54.9713 0 0)
(59.2502 0 0)
(63.1171 0 0)
(67.501 0 0)
(71.3006 0 0)
(75.6925 0 0)
(79.5377 0 0)
(83.8712 0 0)
(87.7844 0 0)
(92.0103 0 0)
(95.976 0 0)
(100.131 0 0)
(104.166 0 0)
(108.31 0 0)
(112.394 0 0)
(116.517 0 0)
(120.599 0 0)
(124.689 0 0)
(128.764 0 0)
(132.848 0 0)
(136.922 0 0)
(141.009 0 0)
(145.045 0 0)
(149.075 0 0)
(152.993 0 0)
(156.886 0 0)
(160.848 0 0)
(164.605 0 0)
(168.281 0 0)
(171.776 0 0)
(174.746 0 0)
(177.176 0 0)
(179.551 0 0)
(181.394 0 0)
(127.345 0 0)
(-64.1594 0 0)
(-109.805 0 0)
(-102.696 0 0)
(-89.7961 0 0)
(-84.1036 0 0)
(-80.9367 0 0)
(-77.2628 0 0)
(-76.307 0 0)
(-75.9962 0 0)
(-75.9426 0 0)
(-74.5339 0 0)
(-70.5407 0 0)
(-65.8948 0 0)
(-61.3742 0 0)
(-60.7024 0 0)
(-56.4629 0 0)
(-56.5944 0 0)
(-55.2303 0 0)
(-53.9728 0 0)
(-53.0007 0 0)
(-44.6351 0 0)
(-40.666 0 0)
(-30.2591 0 0)
(-31.2697 0 0)
(-31.9423 0 0)
(-32.0285 0 0)
(-33.5233 0 0)
(-27.4251 0 0)
(-25.8646 0 0)
(-12.7626 0 0)
(1.46159 0 0)
(7.16047 0 0)
(8.07234 0 0)
(8.00945 0 0)
(5.71778 0 0)
(2.20647 0 0)
(1.73193 0 0)
(-0.285808 0 0)
(-1.07742 0 0)
(-1.21642 0 0)
(0.559125 0 0)
(1.13461 0 0)
(-1.03357 0 0)
(-3.11357 0 0)
(-4.15201 0 0)
(-3.69887 0 0)
(-2.64004 0 0)
(0.174957 0 0)
(3.88126 0 0)
(5.42546 0 0)
(6.02485 0 0)
(2.76236 0 0)
)
;

boundaryField
{
    sides
    {
        type            fixedValue;
        value           uniform (0 0 0);
    }
    empty
    {
        type            empty;
    }
}


// ************************************************************************* //
