/*--------------------------------*- C++ -*----------------------------------*\
| =========                 |                                                 |
| \\      /  F ield         | OpenFOAM: The Open Source CFD Toolbox           |
|  \\    /   O peration     | Version:  2412                                  |
|   \\  /    A nd           | Website:  www.openfoam.com                      |
|    \\/     M anipulation  |                                                 |
\*---------------------------------------------------------------------------*/
FoamFile
{
    version     2.0;
    format      ascii;
    arch        "LSB;label=32;scalar=64";
    class       volVectorField;
    location    "0.00762769";
    object      U;
}
// * * * * * * * * * * * * * * * * * * * * * * * * * * * * * * * * * * * * * //

dimensions      [0 1 -1 0 0 0 0];

internalField   nonuniform List<vector> 
100
(
(1.03224e-14 0 0)
(7.98673e-14 0 0)
(-2.65405e-15 0 0)
(-1.41193e-15 0 0)
(-3.16381e-14 0 0)
(-1.033e-13 0 0)
(-8.15205e-14 0 0)
(-1.32087e-13 0 0)
(-9.81869e-14 0 0)
(-1.84621e-13 0 0)
(-1.93886e-13 0 0)
(-1.71926e-13 0 0)
(-8.91301e-14 0 0)
(4.13165e-14 0 0)
(9.10253e-14 0 0)
(6.93721e-14 0 0)
(1.12753e-13 0 0)
(1.46735e-13 0 0)
(4.5458e-13 0 0)
(1.94958e-10 0 0)
(8.4994e-08 0 0)
(2.49089e-05 0 0)
(0.00371932 0 0)
(0.199602 0 0)
(2.85647 0 0)
(12.7823 0 0)
(27.8782 0 0)
(42.5358 0 0)
(55.2216 0 0)
(66.6466 0 0)
(77.5299 0 0)
(88.27 0 0)
(98.9179 0 0)
(109.756 0 0)
(120.251 0 0)
(131.528 0 0)
(141.451 0 0)
(153.318 0 0)
(162.875 0 0)
(173.77 0 0)
(184.893 0 0)
(193.924 0 0)
(205.385 0 0)
(215.181 0 0)
(226.828 0 0)
(237.152 0 0)
(246.294 0 0)
(257.136 0 0)
(269.667 0 0)
(279.419 0 0)
(280.236 0 0)
(280.376 0 0)
(282.375 0 0)
(288.021 0 0)
(288.144 0 0)
(278.007 0 0)
(276.996 0 0)
(282.489 0 0)
(289.012 0 0)
(288.713 0 0)
(279.421 0 0)
(278.421 0 0)
(280.577 0 0)
(287.212 0 0)
(286.351 0 0)
(284.866 0 0)
(278.662 0 0)
(277.885 0 0)
(279.703 0 0)
(282.958 0 0)
(283.815 0 0)
(279.631 0 0)
(280.313 0 0)
(282.274 0 0)
(284.01 0 0)
(284.144 0 0)
(280.748 0 0)
(277.097 0 0)
(276.858 0 0)
(276.961 0 0)
(279.804 0 0)
(283.364 0 0)
(283.632 0 0)
(284.039 0 0)
(289.392 0 0)
(289.42 0 0)
(237.107 0 0)
(48.6559 0 0)
(0.35533 0 0)
(0.000177049 0 0)
(1.983e-08 0 0)
(2.13854e-12 0 0)
(-1.8074e-13 0 0)
(-1.8053e-13 0 0)
(-1.32153e-13 0 0)
(-2.09254e-13 0 0)
(-1.44198e-13 0 0)
(1.18166e-14 0 0)
(1.08862e-13 0 0)
(7.23456e-14 0 0)
)
;

boundaryField
{
    sides
    {
        type            fixedValue;
        value           uniform (0 0 0);
    }
    empty
    {
        type            empty;
    }
}


// ************************************************************************* //
