/*--------------------------------*- C++ -*----------------------------------*\
| =========                 |                                                 |
| \\      /  F ield         | OpenFOAM: The Open Source CFD Toolbox           |
|  \\    /   O peration     | Version:  2412                                  |
|   \\  /    A nd           | Website:  www.openfoam.com                      |
|    \\/     M anipulation  |                                                 |
\*---------------------------------------------------------------------------*/
FoamFile
{
    version     2.0;
    format      ascii;
    arch        "LSB;label=32;scalar=64";
    class       volVectorField;
    location    "0.00573444";
    object      U;
}
// * * * * * * * * * * * * * * * * * * * * * * * * * * * * * * * * * * * * * //

dimensions      [0 1 -1 0 0 0 0];

internalField   nonuniform List<vector> 
100
(
(5.07799e-14 0 0)
(4.76661e-14 0 0)
(-5.13567e-14 0 0)
(-2.30442e-13 0 0)
(-1.94654e-13 0 0)
(-1.44728e-13 0 0)
(-1.47045e-13 0 0)
(-1.80996e-13 0 0)
(-2.37263e-13 0 0)
(-1.6787e-13 0 0)
(-1.03529e-13 0 0)
(-8.18001e-14 0 0)
(-7.28918e-14 0 0)
(-5.68387e-14 0 0)
(-4.00287e-14 0 0)
(-6.17733e-14 0 0)
(-1.82572e-14 0 0)
(8.1348e-14 0 0)
(1.78161e-13 0 0)
(1.55479e-13 0 0)
(1.04348e-13 0 0)
(1.51274e-13 0 0)
(2.32361e-13 0 0)
(2.55979e-13 0 0)
(6.93629e-13 0 0)
(2.39413e-10 0 0)
(1.03477e-07 0 0)
(3.00136e-05 0 0)
(0.00442186 0 0)
(0.233463 0 0)
(3.29396 0 0)
(14.6796 0 0)
(32.2335 0 0)
(49.8336 0 0)
(65.6262 0 0)
(80.2995 0 0)
(94.3248 0 0)
(108.638 0 0)
(122.083 0 0)
(137.341 0 0)
(149.911 0 0)
(165.124 0 0)
(178.661 0 0)
(190.651 0 0)
(205.621 0 0)
(218.833 0 0)
(233.376 0 0)
(243.882 0 0)
(260.041 0 0)
(275.983 0 0)
(285.468 0 0)
(281.185 0 0)
(278.414 0 0)
(284.017 0 0)
(287.807 0 0)
(284.982 0 0)
(277.833 0 0)
(277.961 0 0)
(285.922 0 0)
(288.71 0 0)
(287.171 0 0)
(280.02 0 0)
(277.912 0 0)
(279.254 0 0)
(282.183 0 0)
(283.524 0 0)
(278.43 0 0)
(276.975 0 0)
(278.455 0 0)
(280.615 0 0)
(284.921 0 0)
(286.027 0 0)
(284.141 0 0)
(277.56 0 0)
(277.079 0 0)
(286.757 0 0)
(287.223 0 0)
(220.369 0 0)
(31.8285 0 0)
(0.153707 0 0)
(5.67238e-05 0 0)
(5.16337e-09 0 0)
(4.06901e-13 0 0)
(-1.6108e-13 0 0)
(-1.33548e-13 0 0)
(-1.32305e-13 0 0)
(-4.95076e-14 0 0)
(-7.03257e-14 0 0)
(-2.2377e-13 0 0)
(-3.27664e-13 0 0)
(-3.06127e-13 0 0)
(-3.31901e-13 0 0)
(-2.16406e-13 0 0)
(-1.22986e-13 0 0)
(-2.53871e-13 0 0)
(-4.09215e-13 0 0)
(-4.66615e-13 0 0)
(-3.39399e-13 0 0)
(-1.20435e-13 0 0)
(-3.51604e-14 0 0)
)
;

boundaryField
{
    sides
    {
        type            fixedValue;
        value           uniform (0 0 0);
    }
    empty
    {
        type            empty;
    }
}


// ************************************************************************* //
