/*--------------------------------*- C++ -*----------------------------------*\
| =========                 |                                                 |
| \\      /  F ield         | OpenFOAM: The Open Source CFD Toolbox           |
|  \\    /   O peration     | Version:  2412                                  |
|   \\  /    A nd           | Website:  www.openfoam.com                      |
|    \\/     M anipulation  |                                                 |
\*---------------------------------------------------------------------------*/
FoamFile
{
    version     2.0;
    format      ascii;
    arch        "LSB;label=32;scalar=64";
    class       volVectorField;
    location    "0.0516824";
    object      U;
}
// * * * * * * * * * * * * * * * * * * * * * * * * * * * * * * * * * * * * * //

dimensions      [0 1 -1 0 0 0 0];

internalField   nonuniform List<vector> 
100
(
(2.41865 0 0)
(7.63653 0 0)
(4.01839 0 0)
(0.856591 0 0)
(-6.70986 0 0)
(-3.15894 0 0)
(3.47078 0 0)
(15.7011 0 0)
(7.80088 0 0)
(-13.8645 0 0)
(-30.5518 0 0)
(-30.1156 0 0)
(-23.043 0 0)
(-53.7603 0 0)
(-181.786 0 0)
(-214.999 0 0)
(-211.573 0 0)
(-209.497 0 0)
(-211.271 0 0)
(-223.471 0 0)
(-231.163 0 0)
(-230.576 0 0)
(-228.634 0 0)
(-224.129 0 0)
(-218.699 0 0)
(-216.018 0 0)
(-214.179 0 0)
(-211.466 0 0)
(-206.254 0 0)
(-202.742 0 0)
(-200.946 0 0)
(-200.168 0 0)
(-202.104 0 0)
(-204.525 0 0)
(-203.552 0 0)
(-201.458 0 0)
(-195.266 0 0)
(-188.225 0 0)
(-185.545 0 0)
(-186.155 0 0)
(-202.104 0 0)
(-216.857 0 0)
(-217.517 0 0)
(-215.781 0 0)
(-212.753 0 0)
(-200.639 0 0)
(-173.506 0 0)
(-156.28 0 0)
(-150.414 0 0)
(-147.941 0 0)
(-146.413 0 0)
(-144.105 0 0)
(-140.522 0 0)
(-136.518 0 0)
(-134.163 0 0)
(-133.184 0 0)
(-132.396 0 0)
(-132.143 0 0)
(-132.395 0 0)
(-132.297 0 0)
(-131.551 0 0)
(-129.606 0 0)
(-124.749 0 0)
(-116.03 0 0)
(-108.559 0 0)
(-103.721 0 0)
(-100.248 0 0)
(-98.2011 0 0)
(-97.3887 0 0)
(-96.7168 0 0)
(-96.1592 0 0)
(-94.9266 0 0)
(-92.004 0 0)
(-87.1046 0 0)
(-82.2315 0 0)
(-77.5932 0 0)
(-74.5647 0 0)
(-71.8046 0 0)
(-68.7826 0 0)
(-65.6497 0 0)
(-61.6424 0 0)
(-59.1397 0 0)
(-55.2171 0 0)
(-52.2632 0 0)
(-49.079 0 0)
(-46.1873 0 0)
(-43.5993 0 0)
(-39.535 0 0)
(-36.9674 0 0)
(-33.311 0 0)
(-30.0341 0 0)
(-26.4912 0 0)
(-23.5562 0 0)
(-20.342 0 0)
(-17.4055 0 0)
(-14.3062 0 0)
(-10.8574 0 0)
(-7.82102 0 0)
(-4.32852 0 0)
(-1.65577 0 0)
)
;

boundaryField
{
    sides
    {
        type            fixedValue;
        value           uniform (0 0 0);
    }
    empty
    {
        type            empty;
    }
}


// ************************************************************************* //
