/*--------------------------------*- C++ -*----------------------------------*\
| =========                 |                                                 |
| \\      /  F ield         | OpenFOAM: The Open Source CFD Toolbox           |
|  \\    /   O peration     | Version:  2412                                  |
|   \\  /    A nd           | Website:  www.openfoam.com                      |
|    \\/     M anipulation  |                                                 |
\*---------------------------------------------------------------------------*/
FoamFile
{
    version     2.0;
    format      ascii;
    arch        "LSB;label=32;scalar=64";
    class       volVectorField;
    location    "0.0208042";
    object      U;
}
// * * * * * * * * * * * * * * * * * * * * * * * * * * * * * * * * * * * * * //

dimensions      [0 1 -1 0 0 0 0];

internalField   nonuniform List<vector> 
100
(
(3.59831 0 0)
(10.8969 0 0)
(18.1496 0 0)
(25.3455 0 0)
(32.608 0 0)
(39.8271 0 0)
(47.09 0 0)
(54.3693 0 0)
(61.678 0 0)
(68.9739 0 0)
(76.1585 0 0)
(83.2387 0 0)
(90.1018 0 0)
(97.1083 0 0)
(103.961 0 0)
(111.489 0 0)
(118.803 0 0)
(127.443 0 0)
(136.15 0 0)
(146.373 0 0)
(156.767 0 0)
(168.186 0 0)
(180.253 0 0)
(188.518 0 0)
(192.811 0 0)
(195.42 0 0)
(197.938 0 0)
(200.088 0 0)
(203.365 0 0)
(206.553 0 0)
(211.116 0 0)
(216.135 0 0)
(220.787 0 0)
(224.663 0 0)
(228.612 0 0)
(232.548 0 0)
(236.647 0 0)
(240.752 0 0)
(244.88 0 0)
(248.954 0 0)
(253.005 0 0)
(257.049 0 0)
(260.892 0 0)
(264.815 0 0)
(268.938 0 0)
(272.581 0 0)
(275.773 0 0)
(279.49 0 0)
(282.272 0 0)
(283.67 0 0)
(284.313 0 0)
(284.018 0 0)
(283.075 0 0)
(283.153 0 0)
(283.908 0 0)
(283.101 0 0)
(281.476 0 0)
(282.177 0 0)
(285.861 0 0)
(286.778 0 0)
(279.751 0 0)
(277.639 0 0)
(284.513 0 0)
(290.439 0 0)
(287.457 0 0)
(275.126 0 0)
(272.522 0 0)
(287.039 0 0)
(291.986 0 0)
(286.119 0 0)
(272.361 0 0)
(270.813 0 0)
(287.162 0 0)
(293.484 0 0)
(287.838 0 0)
(270.592 0 0)
(182.916 0 0)
(27.22 0 0)
(11.5676 0 0)
(1.51001 0 0)
(20.9995 0 0)
(17.0275 0 0)
(14.8134 0 0)
(20.0114 0 0)
(7.80902 0 0)
(9.56035 0 0)
(15.7833 0 0)
(13.0462 0 0)
(6.45663 0 0)
(-1.19377 0 0)
(-6.29285 0 0)
(-8.54559 0 0)
(-14.0753 0 0)
(-15.0148 0 0)
(-9.67746 0 0)
(-1.45556 0 0)
(9.19581 0 0)
(14.8116 0 0)
(14.6164 0 0)
(2.94771 0 0)
)
;

boundaryField
{
    sides
    {
        type            fixedValue;
        value           uniform (0 0 0);
    }
    empty
    {
        type            empty;
    }
}


// ************************************************************************* //
