/*--------------------------------*- C++ -*----------------------------------*\
| =========                 |                                                 |
| \\      /  F ield         | OpenFOAM: The Open Source CFD Toolbox           |
|  \\    /   O peration     | Version:  2412                                  |
|   \\  /    A nd           | Website:  www.openfoam.com                      |
|    \\/     M anipulation  |                                                 |
\*---------------------------------------------------------------------------*/
FoamFile
{
    version     2.0;
    format      ascii;
    arch        "LSB;label=32;scalar=64";
    class       volVectorField;
    location    "0.0423731";
    object      U;
}
// * * * * * * * * * * * * * * * * * * * * * * * * * * * * * * * * * * * * * //

dimensions      [0 1 -1 0 0 0 0];

internalField   nonuniform List<vector> 
100
(
(1.69234 0 0)
(5.06736 0 0)
(8.33952 0 0)
(11.5096 0 0)
(14.5664 0 0)
(17.5347 0 0)
(20.4523 0 0)
(23.3543 0 0)
(26.2758 0 0)
(29.2383 0 0)
(32.2297 0 0)
(35.2473 0 0)
(38.6913 0 0)
(41.883 0 0)
(21.9889 0 0)
(-155.316 0 0)
(-225.568 0 0)
(-222.203 0 0)
(-202.346 0 0)
(-197.263 0 0)
(-195.737 0 0)
(-196.613 0 0)
(-204.359 0 0)
(-209.842 0 0)
(-209.16 0 0)
(-207.328 0 0)
(-204.242 0 0)
(-192.958 0 0)
(-177.235 0 0)
(-171.242 0 0)
(-169.327 0 0)
(-169.147 0 0)
(-174.25 0 0)
(-180.526 0 0)
(-180.855 0 0)
(-179.286 0 0)
(-176.632 0 0)
(-170.771 0 0)
(-164.659 0 0)
(-162.056 0 0)
(-161.765 0 0)
(-163.254 0 0)
(-162.959 0 0)
(-160.571 0 0)
(-154.264 0 0)
(-147.178 0 0)
(-144.199 0 0)
(-144.215 0 0)
(-146.846 0 0)
(-147.463 0 0)
(-145.459 0 0)
(-139.801 0 0)
(-131.772 0 0)
(-127.711 0 0)
(-126.911 0 0)
(-131.32 0 0)
(-136.855 0 0)
(-137.129 0 0)
(-134.204 0 0)
(-126.305 0 0)
(-114.035 0 0)
(-107.575 0 0)
(-105.063 0 0)
(-105.488 0 0)
(-108.346 0 0)
(-110.253 0 0)
(-110.391 0 0)
(-107.913 0 0)
(-106.309 0 0)
(-102.217 0 0)
(-99.834 0 0)
(-97.5503 0 0)
(-93.8912 0 0)
(-90.8872 0 0)
(-86.288 0 0)
(-86.7196 0 0)
(-85.302 0 0)
(-85.4586 0 0)
(-83.7323 0 0)
(-78.2723 0 0)
(-74.015 0 0)
(-71.102 0 0)
(-74.5011 0 0)
(-81.3688 0 0)
(-86.329 0 0)
(-87.0295 0 0)
(-86.2344 0 0)
(-72.2949 0 0)
(-54.3306 0 0)
(-42.0162 0 0)
(-33.5325 0 0)
(-26.8513 0 0)
(-21.8386 0 0)
(-18.9371 0 0)
(-17.3381 0 0)
(-17.153 0 0)
(-15.8968 0 0)
(-13.6026 0 0)
(-9.01988 0 0)
(-2.8238 0 0)
)
;

boundaryField
{
    sides
    {
        type            fixedValue;
        value           uniform (0 0 0);
    }
    empty
    {
        type            empty;
    }
}


// ************************************************************************* //
