/*--------------------------------*- C++ -*----------------------------------*\
| =========                 |                                                 |
| \\      /  F ield         | OpenFOAM: The Open Source CFD Toolbox           |
|  \\    /   O peration     | Version:  2412                                  |
|   \\  /    A nd           | Website:  www.openfoam.com                      |
|    \\/     M anipulation  |                                                 |
\*---------------------------------------------------------------------------*/
FoamFile
{
    version     2.0;
    format      ascii;
    arch        "LSB;label=32;scalar=64";
    class       volVectorField;
    location    "0.0259626";
    object      U;
}
// * * * * * * * * * * * * * * * * * * * * * * * * * * * * * * * * * * * * * //

dimensions      [0 1 -1 0 0 0 0];

internalField   nonuniform List<vector> 
100
(
(2.74114 0 0)
(8.24623 0 0)
(13.7174 0 0)
(19.2157 0 0)
(24.7212 0 0)
(30.2365 0 0)
(35.7399 0 0)
(41.3135 0 0)
(46.7351 0 0)
(52.4106 0 0)
(57.6942 0 0)
(63.4862 0 0)
(68.6192 0 0)
(74.4392 0 0)
(79.6327 0 0)
(85.3519 0 0)
(90.8071 0 0)
(96.2605 0 0)
(101.913 0 0)
(107.165 0 0)
(112.915 0 0)
(118.128 0 0)
(123.928 0 0)
(129.22 0 0)
(134.957 0 0)
(140.303 0 0)
(145.936 0 0)
(151.338 0 0)
(156.93 0 0)
(162.447 0 0)
(168.132 0 0)
(173.788 0 0)
(179.493 0 0)
(185.052 0 0)
(190.483 0 0)
(195.732 0 0)
(200.844 0 0)
(205.863 0 0)
(210.846 0 0)
(215.837 0 0)
(221.264 0 0)
(227.83 0 0)
(235.184 0 0)
(240.746 0 0)
(244.434 0 0)
(248.27 0 0)
(253.471 0 0)
(268.079 0 0)
(285.111 0 0)
(289.787 0 0)
(290.456 0 0)
(289.59 0 0)
(289.361 0 0)
(289.083 0 0)
(286.92 0 0)
(282.314 0 0)
(282.064 0 0)
(281.798 0 0)
(280.439 0 0)
(280.985 0 0)
(284.606 0 0)
(286.379 0 0)
(281.006 0 0)
(280.463 0 0)
(284.294 0 0)
(263.17 0 0)
(81.6607 0 0)
(7.38967 0 0)
(18.6815 0 0)
(9.24327 0 0)
(10.1895 0 0)
(-4.75536 0 0)
(-6.85982 0 0)
(1.07222 0 0)
(-8.81079 0 0)
(-5.55524 0 0)
(-11.7337 0 0)
(-4.58826 0 0)
(4.879 0 0)
(8.46176 0 0)
(14.452 0 0)
(8.83514 0 0)
(0.246073 0 0)
(-6.68368 0 0)
(-9.00339 0 0)
(-2.42494 0 0)
(5.6451 0 0)
(7.37723 0 0)
(4.82557 0 0)
(-4.38736 0 0)
(-10.1613 0 0)
(-8.22518 0 0)
(-3.76669 0 0)
(1.71729 0 0)
(5.20464 0 0)
(5.12658 0 0)
(5.32428 0 0)
(2.49098 0 0)
(0.541872 0 0)
(0.768559 0 0)
)
;

boundaryField
{
    sides
    {
        type            fixedValue;
        value           uniform (0 0 0);
    }
    empty
    {
        type            empty;
    }
}


// ************************************************************************* //
