/*--------------------------------*- C++ -*----------------------------------*\
| =========                 |                                                 |
| \\      /  F ield         | OpenFOAM: The Open Source CFD Toolbox           |
|  \\    /   O peration     | Version:  2412                                  |
|   \\  /    A nd           | Website:  www.openfoam.com                      |
|    \\/     M anipulation  |                                                 |
\*---------------------------------------------------------------------------*/
FoamFile
{
    version     2.0;
    format      ascii;
    arch        "LSB;label=32;scalar=64";
    class       volVectorField;
    location    "0.0203532";
    object      U;
}
// * * * * * * * * * * * * * * * * * * * * * * * * * * * * * * * * * * * * * //

dimensions      [0 1 -1 0 0 0 0];

internalField   nonuniform List<vector> 
100
(
(3.69971 0 0)
(11.2168 0 0)
(18.6338 0 0)
(26.0049 0 0)
(33.4637 0 0)
(40.9098 0 0)
(48.4192 0 0)
(55.9029 0 0)
(63.3294 0 0)
(70.6279 0 0)
(77.7712 0 0)
(84.9039 0 0)
(92.1038 0 0)
(99.743 0 0)
(107.584 0 0)
(116.199 0 0)
(125.349 0 0)
(136.157 0 0)
(146.73 0 0)
(158.236 0 0)
(169.179 0 0)
(177.705 0 0)
(181.828 0 0)
(184.533 0 0)
(187.125 0 0)
(189.578 0 0)
(192.96 0 0)
(196.512 0 0)
(201.652 0 0)
(206.299 0 0)
(210.797 0 0)
(214.62 0 0)
(218.772 0 0)
(222.813 0 0)
(227.082 0 0)
(231.224 0 0)
(235.434 0 0)
(239.6 0 0)
(243.79 0 0)
(247.934 0 0)
(252.075 0 0)
(256.138 0 0)
(260.17 0 0)
(264.361 0 0)
(268.402 0 0)
(271.721 0 0)
(275.683 0 0)
(279.403 0 0)
(281.909 0 0)
(283.563 0 0)
(284.355 0 0)
(283.918 0 0)
(283.367 0 0)
(283.516 0 0)
(283.079 0 0)
(281.905 0 0)
(282.403 0 0)
(285.464 0 0)
(286.275 0 0)
(280.145 0 0)
(278.105 0 0)
(284.272 0 0)
(289.829 0 0)
(287.223 0 0)
(275.835 0 0)
(273.463 0 0)
(287.494 0 0)
(291.987 0 0)
(286.032 0 0)
(272.758 0 0)
(270.936 0 0)
(287.692 0 0)
(293.265 0 0)
(287.317 0 0)
(272.669 0 0)
(273.101 0 0)
(281.306 0 0)
(169.947 0 0)
(38.3313 0 0)
(2.13802 0 0)
(28.5118 0 0)
(20.6235 0 0)
(8.64435 0 0)
(13.488 0 0)
(4.72381 0 0)
(10.7553 0 0)
(21.3872 0 0)
(22.4901 0 0)
(13.5628 0 0)
(9.9046 0 0)
(-1.175 0 0)
(-14.2996 0 0)
(-16.3642 0 0)
(-12.6911 0 0)
(-2.79308 0 0)
(2.84962 0 0)
(2.16283 0 0)
(-2.88039 0 0)
(-4.66127 0 0)
(-5.63062 0 0)
)
;

boundaryField
{
    sides
    {
        type            fixedValue;
        value           uniform (0 0 0);
    }
    empty
    {
        type            empty;
    }
}


// ************************************************************************* //
