/*--------------------------------*- C++ -*----------------------------------*\
| =========                 |                                                 |
| \\      /  F ield         | OpenFOAM: The Open Source CFD Toolbox           |
|  \\    /   O peration     | Version:  2412                                  |
|   \\  /    A nd           | Website:  www.openfoam.com                      |
|    \\/     M anipulation  |                                                 |
\*---------------------------------------------------------------------------*/
FoamFile
{
    version     2.0;
    format      ascii;
    arch        "LSB;label=32;scalar=64";
    class       volVectorField;
    location    "0.0226527";
    object      U;
}
// * * * * * * * * * * * * * * * * * * * * * * * * * * * * * * * * * * * * * //

dimensions      [0 1 -1 0 0 0 0];

internalField   nonuniform List<vector> 
100
(
(3.25566 0 0)
(9.83412 0 0)
(16.3609 0 0)
(22.8955 0 0)
(29.4314 0 0)
(35.9525 0 0)
(42.492 0 0)
(49.0302 0 0)
(55.5503 0 0)
(62.098 0 0)
(68.5102 0 0)
(75.0635 0 0)
(81.3611 0 0)
(88.1026 0 0)
(94.3363 0 0)
(101.201 0 0)
(107.397 0 0)
(114.272 0 0)
(120.514 0 0)
(126.817 0 0)
(133.073 0 0)
(139.019 0 0)
(145.391 0 0)
(151.534 0 0)
(158.583 0 0)
(165.367 0 0)
(173.133 0 0)
(180.548 0 0)
(188.656 0 0)
(198.022 0 0)
(212.094 0 0)
(225.87 0 0)
(232.277 0 0)
(235.727 0 0)
(238.867 0 0)
(241.15 0 0)
(242.402 0 0)
(244.585 0 0)
(247.74 0 0)
(251.009 0 0)
(254.813 0 0)
(259.866 0 0)
(263.939 0 0)
(267.72 0 0)
(271.049 0 0)
(273.76 0 0)
(277.059 0 0)
(280.561 0 0)
(282.777 0 0)
(283.783 0 0)
(284.266 0 0)
(283.815 0 0)
(283.052 0 0)
(283.231 0 0)
(283.651 0 0)
(282.701 0 0)
(281.973 0 0)
(283.997 0 0)
(285.463 0 0)
(283.036 0 0)
(279.847 0 0)
(281.311 0 0)
(288.108 0 0)
(289.415 0 0)
(278.064 0 0)
(274.824 0 0)
(282.661 0 0)
(291.248 0 0)
(288.615 0 0)
(271.542 0 0)
(271.502 0 0)
(283.916 0 0)
(237.217 0 0)
(60.1016 0 0)
(0.332734 0 0)
(26.2356 0 0)
(19.0812 0 0)
(10.2351 0 0)
(11.3699 0 0)
(6.8214 0 0)
(19.0586 0 0)
(14.3589 0 0)
(5.14697 0 0)
(-2.77765 0 0)
(-12.323 0 0)
(-11.4588 0 0)
(-6.20429 0 0)
(-1.80561 0 0)
(-2.08605 0 0)
(0.694223 0 0)
(2.87587 0 0)
(4.96174 0 0)
(3.57602 0 0)
(4.85786 0 0)
(-0.477308 0 0)
(-3.04797 0 0)
(-0.102906 0 0)
(3.29714 0 0)
(4.79822 0 0)
(-2.79608 0 0)
)
;

boundaryField
{
    sides
    {
        type            fixedValue;
        value           uniform (0 0 0);
    }
    empty
    {
        type            empty;
    }
}


// ************************************************************************* //
