/*--------------------------------*- C++ -*----------------------------------*\
| =========                 |                                                 |
| \\      /  F ield         | OpenFOAM: The Open Source CFD Toolbox           |
|  \\    /   O peration     | Version:  2412                                  |
|   \\  /    A nd           | Website:  www.openfoam.com                      |
|    \\/     M anipulation  |                                                 |
\*---------------------------------------------------------------------------*/
FoamFile
{
    version     2.0;
    format      ascii;
    arch        "LSB;label=32;scalar=64";
    class       volVectorField;
    location    "0.0552253";
    object      U;
}
// * * * * * * * * * * * * * * * * * * * * * * * * * * * * * * * * * * * * * //

dimensions      [0 1 -1 0 0 0 0];

internalField   nonuniform List<vector> 
100
(
(-2.47034 0 0)
(11.51 0 0)
(14.8008 0 0)
(12.7515 0 0)
(14.496 0 0)
(9.78987 0 0)
(-2.06981 0 0)
(-9.07639 0 0)
(-12.9141 0 0)
(-12.005 0 0)
(-4.35959 0 0)
(2.07435 0 0)
(5.67402 0 0)
(2.82328 0 0)
(-0.290115 0 0)
(-0.114976 0 0)
(-3.72546 0 0)
(-4.36447 0 0)
(-4.04648 0 0)
(6.81971 0 0)
(17.5787 0 0)
(-49.9442 0 0)
(-207.825 0 0)
(-261.374 0 0)
(-260.031 0 0)
(-256.648 0 0)
(-252.256 0 0)
(-229.353 0 0)
(-198.47 0 0)
(-187.161 0 0)
(-184.697 0 0)
(-184.14 0 0)
(-184.027 0 0)
(-183.484 0 0)
(-181.922 0 0)
(-178.395 0 0)
(-172.716 0 0)
(-169.68 0 0)
(-168.286 0 0)
(-167.44 0 0)
(-166.891 0 0)
(-167.919 0 0)
(-169.212 0 0)
(-169.263 0 0)
(-168.384 0 0)
(-167.293 0 0)
(-164.351 0 0)
(-154.937 0 0)
(-142.588 0 0)
(-136.571 0 0)
(-134.22 0 0)
(-133.441 0 0)
(-132.672 0 0)
(-132.207 0 0)
(-132.28 0 0)
(-132.299 0 0)
(-131.648 0 0)
(-129.81 0 0)
(-125.305 0 0)
(-118.281 0 0)
(-113.368 0 0)
(-110.303 0 0)
(-108.018 0 0)
(-105.95 0 0)
(-103.471 0 0)
(-100.546 0 0)
(-97.3627 0 0)
(-94.1999 0 0)
(-91.174 0 0)
(-88.2176 0 0)
(-85.2491 0 0)
(-82.2705 0 0)
(-79.6015 0 0)
(-76.8412 0 0)
(-74.4574 0 0)
(-71.8024 0 0)
(-69.0125 0 0)
(-65.6699 0 0)
(-62.3038 0 0)
(-58.9666 0 0)
(-55.9063 0 0)
(-53.5564 0 0)
(-50.4278 0 0)
(-48.4573 0 0)
(-45.4187 0 0)
(-42.5387 0 0)
(-39.8521 0 0)
(-36.8175 0 0)
(-34.219 0 0)
(-30.6388 0 0)
(-27.8004 0 0)
(-24.1748 0 0)
(-21.2454 0 0)
(-18.085 0 0)
(-15.4801 0 0)
(-13.0764 0 0)
(-10.5015 0 0)
(-8.1085 0 0)
(-4.91315 0 0)
(-1.97313 0 0)
)
;

boundaryField
{
    sides
    {
        type            fixedValue;
        value           uniform (0 0 0);
    }
    empty
    {
        type            empty;
    }
}


// ************************************************************************* //
