/*--------------------------------*- C++ -*----------------------------------*\
| =========                 |                                                 |
| \\      /  F ield         | OpenFOAM: The Open Source CFD Toolbox           |
|  \\    /   O peration     | Version:  2412                                  |
|   \\  /    A nd           | Website:  www.openfoam.com                      |
|    \\/     M anipulation  |                                                 |
\*---------------------------------------------------------------------------*/
FoamFile
{
    version     2.0;
    format      ascii;
    arch        "LSB;label=32;scalar=64";
    class       volVectorField;
    location    "0.0268824";
    object      U;
}
// * * * * * * * * * * * * * * * * * * * * * * * * * * * * * * * * * * * * * //

dimensions      [0 1 -1 0 0 0 0];

internalField   nonuniform List<vector> 
100
(
(2.59328 0 0)
(7.85404 0 0)
(13.094 0 0)
(18.3739 0 0)
(23.6463 0 0)
(28.9527 0 0)
(34.1946 0 0)
(39.5518 0 0)
(44.6979 0 0)
(50.1785 0 0)
(55.1782 0 0)
(60.7753 0 0)
(65.6793 0 0)
(71.2578 0 0)
(76.2984 0 0)
(81.7198 0 0)
(87.0231 0 0)
(92.1764 0 0)
(97.6456 0 0)
(102.643 0 0)
(108.201 0 0)
(113.215 0 0)
(118.765 0 0)
(123.84 0 0)
(129.332 0 0)
(134.507 0 0)
(139.944 0 0)
(145.178 0 0)
(150.556 0 0)
(155.81 0 0)
(161.124 0 0)
(166.36 0 0)
(171.647 0 0)
(176.947 0 0)
(182.332 0 0)
(187.783 0 0)
(193.272 0 0)
(198.664 0 0)
(203.885 0 0)
(208.995 0 0)
(213.944 0 0)
(218.65 0 0)
(223.288 0 0)
(227.801 0 0)
(232.011 0 0)
(236.918 0 0)
(243.907 0 0)
(251.248 0 0)
(254.198 0 0)
(254.075 0 0)
(254.26 0 0)
(255.52 0 0)
(265.392 0 0)
(283.738 0 0)
(289.794 0 0)
(289.58 0 0)
(288.942 0 0)
(289.559 0 0)
(290.77 0 0)
(288.628 0 0)
(282.717 0 0)
(280.568 0 0)
(283.85 0 0)
(267.898 0 0)
(96.3852 0 0)
(12.0453 0 0)
(6.29263 0 0)
(3.19821 0 0)
(3.22715 0 0)
(-9.05104 0 0)
(-2.72116 0 0)
(-5.75185 0 0)
(-5.85698 0 0)
(-2.11071 0 0)
(-5.45452 0 0)
(7.63978 0 0)
(6.95444 0 0)
(8.52148 0 0)
(5.2207 0 0)
(-5.35103 0 0)
(-6.55385 0 0)
(-4.94013 0 0)
(0.538942 0 0)
(7.61059 0 0)
(8.14655 0 0)
(5.99634 0 0)
(-2.26838 0 0)
(-7.40168 0 0)
(-8.88417 0 0)
(-3.83039 0 0)
(1.48165 0 0)
(4.54811 0 0)
(2.89987 0 0)
(0.992664 0 0)
(0.261629 0 0)
(-0.845087 0 0)
(0.595163 0 0)
(0.262165 0 0)
(0.637758 0 0)
(-1.84036 0 0)
)
;

boundaryField
{
    sides
    {
        type            fixedValue;
        value           uniform (0 0 0);
    }
    empty
    {
        type            empty;
    }
}


// ************************************************************************* //
