/*--------------------------------*- C++ -*----------------------------------*\
| =========                 |                                                 |
| \\      /  F ield         | OpenFOAM: The Open Source CFD Toolbox           |
|  \\    /   O peration     | Version:  2412                                  |
|   \\  /    A nd           | Website:  www.openfoam.com                      |
|    \\/     M anipulation  |                                                 |
\*---------------------------------------------------------------------------*/
FoamFile
{
    version     2.0;
    format      ascii;
    arch        "LSB;label=32;scalar=64";
    class       volVectorField;
    location    "0.0533001";
    object      U;
}
// * * * * * * * * * * * * * * * * * * * * * * * * * * * * * * * * * * * * * //

dimensions      [0 1 -1 0 0 0 0];

internalField   nonuniform List<vector> 
100
(
(-2.69309 0 0)
(2.56458 0 0)
(2.20643 0 0)
(3.61101 0 0)
(-5.31977 0 0)
(-13.4887 0 0)
(-16.4315 0 0)
(-12.4382 0 0)
(-0.337119 0 0)
(14.0261 0 0)
(23.7675 0 0)
(23.6526 0 0)
(13.0127 0 0)
(-8.43475 0 0)
(-28.1928 0 0)
(-23.4564 0 0)
(-15.2261 0 0)
(-79.6646 0 0)
(-207.671 0 0)
(-225.542 0 0)
(-220.985 0 0)
(-218.056 0 0)
(-217.035 0 0)
(-217.108 0 0)
(-221.385 0 0)
(-222.556 0 0)
(-221.177 0 0)
(-218.156 0 0)
(-210.109 0 0)
(-204.589 0 0)
(-202.595 0 0)
(-207.66 0 0)
(-229.888 0 0)
(-238.096 0 0)
(-236.903 0 0)
(-235.11 0 0)
(-231.061 0 0)
(-213.275 0 0)
(-183.229 0 0)
(-169.378 0 0)
(-165.652 0 0)
(-164.604 0 0)
(-163.841 0 0)
(-162.635 0 0)
(-159.443 0 0)
(-154.518 0 0)
(-151.292 0 0)
(-150.026 0 0)
(-149.152 0 0)
(-148.481 0 0)
(-148.784 0 0)
(-149.584 0 0)
(-149.416 0 0)
(-148.517 0 0)
(-146.816 0 0)
(-142.221 0 0)
(-131.961 0 0)
(-123.247 0 0)
(-118.511 0 0)
(-115.71 0 0)
(-114.577 0 0)
(-113.823 0 0)
(-113.418 0 0)
(-113.247 0 0)
(-112.651 0 0)
(-110.775 0 0)
(-106.592 0 0)
(-100.564 0 0)
(-95.85 0 0)
(-92.2717 0 0)
(-89.5424 0 0)
(-87.0206 0 0)
(-84.3234 0 0)
(-80.9339 0 0)
(-77.9483 0 0)
(-74.4424 0 0)
(-71.6876 0 0)
(-68.3585 0 0)
(-65.3053 0 0)
(-62.3957 0 0)
(-58.953 0 0)
(-56.9918 0 0)
(-53.5232 0 0)
(-51.0085 0 0)
(-47.7173 0 0)
(-44.3759 0 0)
(-41.0958 0 0)
(-37.2031 0 0)
(-34.6567 0 0)
(-31.3794 0 0)
(-28.9857 0 0)
(-25.9314 0 0)
(-23.2845 0 0)
(-20.0761 0 0)
(-16.9328 0 0)
(-13.748 0 0)
(-10.3682 0 0)
(-7.55037 0 0)
(-4.23713 0 0)
(-1.88896 0 0)
)
;

boundaryField
{
    sides
    {
        type            fixedValue;
        value           uniform (0 0 0);
    }
    empty
    {
        type            empty;
    }
}


// ************************************************************************* //
