/*--------------------------------*- C++ -*----------------------------------*\
| =========                 |                                                 |
| \\      /  F ield         | OpenFOAM: The Open Source CFD Toolbox           |
|  \\    /   O peration     | Version:  2412                                  |
|   \\  /    A nd           | Website:  www.openfoam.com                      |
|    \\/     M anipulation  |                                                 |
\*---------------------------------------------------------------------------*/
FoamFile
{
    version     2.0;
    format      ascii;
    arch        "LSB;label=32;scalar=64";
    class       volVectorField;
    location    "0.018884";
    object      U;
}
// * * * * * * * * * * * * * * * * * * * * * * * * * * * * * * * * * * * * * //

dimensions      [0 1 -1 0 0 0 0];

internalField   nonuniform List<vector> 
100
(
(4.07963 0 0)
(12.3052 0 0)
(20.4333 0 0)
(28.467 0 0)
(36.4076 0 0)
(44.2293 0 0)
(52.2012 0 0)
(60.581 0 0)
(69.4223 0 0)
(79.2368 0 0)
(90.3468 0 0)
(102.402 0 0)
(114.227 0 0)
(124.925 0 0)
(133.895 0 0)
(140.675 0 0)
(144.341 0 0)
(147.538 0 0)
(150.519 0 0)
(154.701 0 0)
(158.918 0 0)
(164.103 0 0)
(168.461 0 0)
(173.102 0 0)
(177.519 0 0)
(181.777 0 0)
(186.415 0 0)
(190.561 0 0)
(195.294 0 0)
(199.388 0 0)
(204.115 0 0)
(208.327 0 0)
(213.002 0 0)
(217.285 0 0)
(221.9 0 0)
(226.32 0 0)
(230.888 0 0)
(235.318 0 0)
(239.81 0 0)
(244.284 0 0)
(248.789 0 0)
(253.258 0 0)
(257.617 0 0)
(261.792 0 0)
(266.273 0 0)
(270.58 0 0)
(274.228 0 0)
(278 0 0)
(281.571 0 0)
(283.504 0 0)
(284.314 0 0)
(284.047 0 0)
(282.931 0 0)
(283.031 0 0)
(284.288 0 0)
(284.295 0 0)
(280.997 0 0)
(279.6 0 0)
(285.705 0 0)
(288.127 0 0)
(283.793 0 0)
(276.872 0 0)
(277.041 0 0)
(290.146 0 0)
(291.7 0 0)
(281.543 0 0)
(272.885 0 0)
(275.105 0 0)
(291.512 0 0)
(291.474 0 0)
(282.285 0 0)
(272.796 0 0)
(273.784 0 0)
(290.409 0 0)
(291.023 0 0)
(285.634 0 0)
(273.927 0 0)
(273.324 0 0)
(282.414 0 0)
(292.906 0 0)
(174.054 0 0)
(40.0329 0 0)
(4.12649 0 0)
(27.6461 0 0)
(12.0513 0 0)
(7.93341 0 0)
(16.0473 0 0)
(14.5395 0 0)
(9.42334 0 0)
(19.9123 0 0)
(22.4587 0 0)
(18.3487 0 0)
(6.7891 0 0)
(3.1944 0 0)
(1.2974 0 0)
(-0.0478825 0 0)
(-2.42774 0 0)
(-5.40787 0 0)
(-5.01984 0 0)
(-4.12576 0 0)
)
;

boundaryField
{
    sides
    {
        type            fixedValue;
        value           uniform (0 0 0);
    }
    empty
    {
        type            empty;
    }
}


// ************************************************************************* //
