/*--------------------------------*- C++ -*----------------------------------*\
| =========                 |                                                 |
| \\      /  F ield         | OpenFOAM: The Open Source CFD Toolbox           |
|  \\    /   O peration     | Version:  2412                                  |
|   \\  /    A nd           | Website:  www.openfoam.com                      |
|    \\/     M anipulation  |                                                 |
\*---------------------------------------------------------------------------*/
FoamFile
{
    version     2.0;
    format      ascii;
    arch        "LSB;label=32;scalar=64";
    class       volVectorField;
    location    "0.0179809";
    object      U;
}
// * * * * * * * * * * * * * * * * * * * * * * * * * * * * * * * * * * * * * //

dimensions      [0 1 -1 0 0 0 0];

internalField   nonuniform List<vector> 
100
(
(4.06212 0 0)
(12.713 0 0)
(21.0701 0 0)
(29.533 0 0)
(38.7901 0 0)
(48.8235 0 0)
(60.1924 0 0)
(72.7781 0 0)
(85.411 0 0)
(96.5393 0 0)
(105.758 0 0)
(112.931 0 0)
(117.45 0 0)
(121.022 0 0)
(124.804 0 0)
(129.233 0 0)
(134.015 0 0)
(139 0 0)
(143.624 0 0)
(148.534 0 0)
(152.853 0 0)
(157.889 0 0)
(162.136 0 0)
(167.164 0 0)
(171.638 0 0)
(176.338 0 0)
(181.128 0 0)
(185.53 0 0)
(190.441 0 0)
(194.748 0 0)
(199.73 0 0)
(204.055 0 0)
(208.978 0 0)
(213.445 0 0)
(218.343 0 0)
(222.895 0 0)
(227.682 0 0)
(232.33 0 0)
(237.119 0 0)
(241.816 0 0)
(246.488 0 0)
(251.071 0 0)
(255.723 0 0)
(260.455 0 0)
(264.946 0 0)
(268.996 0 0)
(273.531 0 0)
(277.717 0 0)
(280.581 0 0)
(283.02 0 0)
(284.374 0 0)
(284.337 0 0)
(284.035 0 0)
(283.662 0 0)
(281.771 0 0)
(280.737 0 0)
(285.086 0 0)
(287.058 0 0)
(283.549 0 0)
(277.781 0 0)
(277.902 0 0)
(289.11 0 0)
(290.896 0 0)
(281.556 0 0)
(274.004 0 0)
(276.654 0 0)
(291.396 0 0)
(291.932 0 0)
(281.059 0 0)
(272.868 0 0)
(275.121 0 0)
(290.916 0 0)
(290.566 0 0)
(284.529 0 0)
(274.067 0 0)
(273.854 0 0)
(284.21 0 0)
(290.418 0 0)
(288.366 0 0)
(276.474 0 0)
(276.467 0 0)
(274.433 0 0)
(138.838 0 0)
(27.8658 0 0)
(-5.72364 0 0)
(16.7892 0 0)
(35.1523 0 0)
(22.45 0 0)
(11.1973 0 0)
(6.60594 0 0)
(2.10193 0 0)
(5.12205 0 0)
(13.3165 0 0)
(18.011 0 0)
(18.5449 0 0)
(19.027 0 0)
(20.1869 0 0)
(20.1628 0 0)
(18.1088 0 0)
(7.13843 0 0)
)
;

boundaryField
{
    sides
    {
        type            fixedValue;
        value           uniform (0 0 0);
    }
    empty
    {
        type            empty;
    }
}


// ************************************************************************* //
