/*--------------------------------*- C++ -*----------------------------------*\
| =========                 |                                                 |
| \\      /  F ield         | OpenFOAM: The Open Source CFD Toolbox           |
|  \\    /   O peration     | Version:  2412                                  |
|   \\  /    A nd           | Website:  www.openfoam.com                      |
|    \\/     M anipulation  |                                                 |
\*---------------------------------------------------------------------------*/
FoamFile
{
    version     2.0;
    format      ascii;
    arch        "LSB;label=32;scalar=64";
    class       volVectorField;
    location    "0.0238194";
    object      U;
}
// * * * * * * * * * * * * * * * * * * * * * * * * * * * * * * * * * * * * * //

dimensions      [0 1 -1 0 0 0 0];

internalField   nonuniform List<vector> 
100
(
(3.06736 0 0)
(9.25508 0 0)
(15.392 0 0)
(21.5464 0 0)
(27.6824 0 0)
(33.8199 0 0)
(39.943 0 0)
(46.0592 0 0)
(52.1128 0 0)
(58.2713 0 0)
(64.2761 0 0)
(70.5799 0 0)
(76.4599 0 0)
(82.8773 0 0)
(88.6364 0 0)
(95.0641 0 0)
(100.869 0 0)
(107.105 0 0)
(113.214 0 0)
(119.255 0 0)
(125.589 0 0)
(131.522 0 0)
(137.992 0 0)
(143.758 0 0)
(149.956 0 0)
(155.524 0 0)
(161.419 0 0)
(167.034 0 0)
(173.006 0 0)
(179.064 0 0)
(185.741 0 0)
(192.669 0 0)
(199.622 0 0)
(205.989 0 0)
(212.623 0 0)
(222.1 0 0)
(238.805 0 0)
(252.377 0 0)
(257.096 0 0)
(260.545 0 0)
(263.754 0 0)
(266.454 0 0)
(267.476 0 0)
(268.144 0 0)
(270.178 0 0)
(273.816 0 0)
(276.691 0 0)
(279.713 0 0)
(282.677 0 0)
(284.473 0 0)
(284.369 0 0)
(283.62 0 0)
(283.295 0 0)
(282.975 0 0)
(282.596 0 0)
(283.195 0 0)
(284.188 0 0)
(283.41 0 0)
(281.58 0 0)
(282.237 0 0)
(285.962 0 0)
(286.609 0 0)
(279.826 0 0)
(277.524 0 0)
(285.981 0 0)
(290.137 0 0)
(285.199 0 0)
(273.056 0 0)
(271.241 0 0)
(289.317 0 0)
(150.426 0 0)
(30.1933 0 0)
(11.1479 0 0)
(20.6956 0 0)
(9.73223 0 0)
(18.8857 0 0)
(7.18126 0 0)
(8.39316 0 0)
(7.16067 0 0)
(-3.68984 0 0)
(-5.48794 0 0)
(-12.7206 0 0)
(-13.2985 0 0)
(-5.13142 0 0)
(-3.14115 0 0)
(4.45542 0 0)
(10.5698 0 0)
(10.1229 0 0)
(7.80489 0 0)
(0.366028 0 0)
(-6.68717 0 0)
(-6.18599 0 0)
(-3.74083 0 0)
(1.02695 0 0)
(3.98047 0 0)
(2.64805 0 0)
(0.626166 0 0)
(-3.94581 0 0)
(-5.55822 0 0)
(-1.37099 0 0)
)
;

boundaryField
{
    sides
    {
        type            fixedValue;
        value           uniform (0 0 0);
    }
    empty
    {
        type            empty;
    }
}


// ************************************************************************* //
