/*--------------------------------*- C++ -*----------------------------------*\
| =========                 |                                                 |
| \\      /  F ield         | OpenFOAM: The Open Source CFD Toolbox           |
|  \\    /   O peration     | Version:  2412                                  |
|   \\  /    A nd           | Website:  www.openfoam.com                      |
|    \\/     M anipulation  |                                                 |
\*---------------------------------------------------------------------------*/
FoamFile
{
    version     2.0;
    format      ascii;
    arch        "LSB;label=32;scalar=64";
    class       volVectorField;
    location    "0.0213792";
    object      U;
}
// * * * * * * * * * * * * * * * * * * * * * * * * * * * * * * * * * * * * * //

dimensions      [0 1 -1 0 0 0 0];

internalField   nonuniform List<vector> 
100
(
(3.48282 0 0)
(10.5444 0 0)
(17.5356 0 0)
(24.5271 0 0)
(31.5594 0 0)
(38.5628 0 0)
(45.5873 0 0)
(52.5856 0 0)
(59.5882 0 0)
(66.6301 0 0)
(73.6614 0 0)
(80.7674 0 0)
(87.6672 0 0)
(94.6226 0 0)
(101.047 0 0)
(107.909 0 0)
(114.348 0 0)
(121.547 0 0)
(128.372 0 0)
(136.313 0 0)
(144.375 0 0)
(153.187 0 0)
(162.869 0 0)
(173.037 0 0)
(185.9 0 0)
(197.316 0 0)
(204.156 0 0)
(207.275 0 0)
(210.135 0 0)
(211.987 0 0)
(214.49 0 0)
(217.423 0 0)
(220.81 0 0)
(224.81 0 0)
(230.093 0 0)
(234.769 0 0)
(238.639 0 0)
(242.295 0 0)
(246.084 0 0)
(250.041 0 0)
(254.06 0 0)
(258.057 0 0)
(262.045 0 0)
(265.494 0 0)
(269.357 0 0)
(273.297 0 0)
(276.578 0 0)
(279.414 0 0)
(282.354 0 0)
(283.944 0 0)
(284.164 0 0)
(283.94 0 0)
(283.369 0 0)
(282.744 0 0)
(283.065 0 0)
(284.206 0 0)
(283.822 0 0)
(281.322 0 0)
(280.82 0 0)
(285.942 0 0)
(287.81 0 0)
(281.336 0 0)
(277.23 0 0)
(281 0 0)
(290.419 0 0)
(291.177 0 0)
(275.627 0 0)
(272.105 0 0)
(280.476 0 0)
(292.124 0 0)
(290.411 0 0)
(272.796 0 0)
(272.298 0 0)
(278.941 0 0)
(296.143 0 0)
(152.758 0 0)
(31.0294 0 0)
(12.1732 0 0)
(19.3952 0 0)
(7.42692 0 0)
(17.1575 0 0)
(12.0205 0 0)
(12.3828 0 0)
(23.1763 0 0)
(14.9424 0 0)
(10.4342 0 0)
(5.93098 0 0)
(-5.21628 0 0)
(-11.6099 0 0)
(-12.5365 0 0)
(-8.19517 0 0)
(-0.721976 0 0)
(1.4524 0 0)
(0.785386 0 0)
(-1.09279 0 0)
(-1.52087 0 0)
(4.44502 0 0)
(8.57825 0 0)
(9.90299 0 0)
(7.46002 0 0)
)
;

boundaryField
{
    sides
    {
        type            fixedValue;
        value           uniform (0 0 0);
    }
    empty
    {
        type            empty;
    }
}


// ************************************************************************* //
