/*--------------------------------*- C++ -*----------------------------------*\
| =========                 |                                                 |
| \\      /  F ield         | OpenFOAM: The Open Source CFD Toolbox           |
|  \\    /   O peration     | Version:  2412                                  |
|   \\  /    A nd           | Website:  www.openfoam.com                      |
|    \\/     M anipulation  |                                                 |
\*---------------------------------------------------------------------------*/
FoamFile
{
    version     2.0;
    format      ascii;
    arch        "LSB;label=32;scalar=64";
    class       volVectorField;
    location    "0.0200331";
    object      U;
}
// * * * * * * * * * * * * * * * * * * * * * * * * * * * * * * * * * * * * * //

dimensions      [0 1 -1 0 0 0 0];

internalField   nonuniform List<vector> 
100
(
(3.7638 0 0)
(11.4405 0 0)
(18.9851 0 0)
(26.4931 0 0)
(34.1372 0 0)
(41.7553 0 0)
(49.3939 0 0)
(56.93 0 0)
(64.3273 0 0)
(71.603 0 0)
(78.8933 0 0)
(86.4168 0 0)
(94.2717 0 0)
(102.588 0 0)
(111.609 0 0)
(122.015 0 0)
(132.705 0 0)
(144.122 0 0)
(155.049 0 0)
(165.234 0 0)
(171.502 0 0)
(175.041 0 0)
(177.64 0 0)
(180.208 0 0)
(183.39 0 0)
(186.792 0 0)
(191.701 0 0)
(196.308 0 0)
(201.057 0 0)
(204.924 0 0)
(209.218 0 0)
(213.176 0 0)
(217.555 0 0)
(221.714 0 0)
(226.043 0 0)
(230.213 0 0)
(234.493 0 0)
(238.729 0 0)
(242.981 0 0)
(247.184 0 0)
(251.371 0 0)
(255.507 0 0)
(259.717 0 0)
(263.906 0 0)
(267.793 0 0)
(271.43 0 0)
(275.693 0 0)
(279.124 0 0)
(281.542 0 0)
(283.615 0 0)
(284.363 0 0)
(283.953 0 0)
(283.533 0 0)
(283.368 0 0)
(282.376 0 0)
(281.91 0 0)
(284.751 0 0)
(286.132 0 0)
(282.078 0 0)
(278.82 0 0)
(281.168 0 0)
(288.638 0 0)
(289.865 0 0)
(277.681 0 0)
(274.675 0 0)
(282.244 0 0)
(292.01 0 0)
(290.417 0 0)
(273.766 0 0)
(272.408 0 0)
(281.131 0 0)
(293.059 0 0)
(291.115 0 0)
(274.314 0 0)
(272.935 0 0)
(277.306 0 0)
(292.845 0 0)
(285.835 0 0)
(108.639 0 0)
(13.4094 0 0)
(22.4131 0 0)
(11.7499 0 0)
(3.56848 0 0)
(16.1792 0 0)
(10.9602 0 0)
(14.757 0 0)
(20.74 0 0)
(21.6185 0 0)
(15.1889 0 0)
(10.7146 0 0)
(-0.426022 0 0)
(-5.02846 0 0)
(-5.42303 0 0)
(-2.88915 0 0)
(-1.27457 0 0)
(-2.6797 0 0)
(-10.1141 0 0)
(-15.3802 0 0)
(-10.9458 0 0)
(-6.01555 0 0)
)
;

boundaryField
{
    sides
    {
        type            fixedValue;
        value           uniform (0 0 0);
    }
    empty
    {
        type            empty;
    }
}


// ************************************************************************* //
