/*--------------------------------*- C++ -*----------------------------------*\
| =========                 |                                                 |
| \\      /  F ield         | OpenFOAM: The Open Source CFD Toolbox           |
|  \\    /   O peration     | Version:  2412                                  |
|   \\  /    A nd           | Website:  www.openfoam.com                      |
|    \\/     M anipulation  |                                                 |
\*---------------------------------------------------------------------------*/
FoamFile
{
    version     2.0;
    format      ascii;
    arch        "LSB;label=32;scalar=64";
    class       volVectorField;
    location    "0.0489057";
    object      U;
}
// * * * * * * * * * * * * * * * * * * * * * * * * * * * * * * * * * * * * * //

dimensions      [0 1 -1 0 0 0 0];

internalField   nonuniform List<vector> 
100
(
(-4.88296 0 0)
(-27.6506 0 0)
(-28.3895 0 0)
(-15.4097 0 0)
(19.9457 0 0)
(45.2978 0 0)
(-14.2283 0 0)
(-198.778 0 0)
(-247.034 0 0)
(-244.594 0 0)
(-242.048 0 0)
(-232.984 0 0)
(-225.198 0 0)
(-222.545 0 0)
(-222.257 0 0)
(-227.076 0 0)
(-231.415 0 0)
(-230.675 0 0)
(-228.304 0 0)
(-219.637 0 0)
(-209.484 0 0)
(-206.221 0 0)
(-205.151 0 0)
(-212.179 0 0)
(-224.062 0 0)
(-225.703 0 0)
(-223.781 0 0)
(-218.944 0 0)
(-201.9 0 0)
(-187.933 0 0)
(-183.546 0 0)
(-182.093 0 0)
(-181.595 0 0)
(-187.705 0 0)
(-196.539 0 0)
(-197.678 0 0)
(-196.128 0 0)
(-193.228 0 0)
(-188.715 0 0)
(-185.247 0 0)
(-183.191 0 0)
(-180.576 0 0)
(-176.211 0 0)
(-172.098 0 0)
(-170.175 0 0)
(-169.404 0 0)
(-170.774 0 0)
(-172.065 0 0)
(-171.136 0 0)
(-168.322 0 0)
(-162.052 0 0)
(-156.685 0 0)
(-154.679 0 0)
(-157.488 0 0)
(-173.142 0 0)
(-181.946 0 0)
(-181.755 0 0)
(-179.653 0 0)
(-173.928 0 0)
(-155.681 0 0)
(-134.193 0 0)
(-123.155 0 0)
(-118.317 0 0)
(-115.08 0 0)
(-111.971 0 0)
(-108.582 0 0)
(-105.35 0 0)
(-103.358 0 0)
(-102.451 0 0)
(-101.661 0 0)
(-101.33 0 0)
(-100.434 0 0)
(-99.459 0 0)
(-95.5449 0 0)
(-89.9638 0 0)
(-82.9575 0 0)
(-77.1551 0 0)
(-73.1791 0 0)
(-69.1227 0 0)
(-67.9295 0 0)
(-65.8027 0 0)
(-65.3679 0 0)
(-62.7131 0 0)
(-59.5305 0 0)
(-55.4567 0 0)
(-50.9175 0 0)
(-47.9841 0 0)
(-43.3262 0 0)
(-39.5156 0 0)
(-35.7757 0 0)
(-32.6088 0 0)
(-28.9204 0 0)
(-25.568 0 0)
(-21.9868 0 0)
(-18.7986 0 0)
(-15.5833 0 0)
(-12.0548 0 0)
(-8.83058 0 0)
(-4.94931 0 0)
(-1.82401 0 0)
)
;

boundaryField
{
    sides
    {
        type            fixedValue;
        value           uniform (0 0 0);
    }
    empty
    {
        type            empty;
    }
}


// ************************************************************************* //
