/*--------------------------------*- C++ -*----------------------------------*\
| =========                 |                                                 |
| \\      /  F ield         | OpenFOAM: The Open Source CFD Toolbox           |
|  \\    /   O peration     | Version:  2412                                  |
|   \\  /    A nd           | Website:  www.openfoam.com                      |
|    \\/     M anipulation  |                                                 |
\*---------------------------------------------------------------------------*/
FoamFile
{
    version     2.0;
    format      ascii;
    arch        "LSB;label=32;scalar=64";
    class       volVectorField;
    location    "0.0555574";
    object      U;
}
// * * * * * * * * * * * * * * * * * * * * * * * * * * * * * * * * * * * * * //

dimensions      [0 1 -1 0 0 0 0];

internalField   nonuniform List<vector> 
100
(
(12.5505 0 0)
(33.9234 0 0)
(34.4744 0 0)
(19.6776 0 0)
(0.506368 0 0)
(-14.9776 0 0)
(-13.0065 0 0)
(-5.1304 0 0)
(0.0333082 0 0)
(-2.07224 0 0)
(-4.67442 0 0)
(-3.53449 0 0)
(2.30604 0 0)
(6.02977 0 0)
(3.6468 0 0)
(-4.0449 0 0)
(-13.73 0 0)
(-8.67092 0 0)
(4.0561 0 0)
(14.909 0 0)
(-1.92286 0 0)
(-40.6635 0 0)
(-113.98 0 0)
(-243.332 0 0)
(-259.427 0 0)
(-239.348 0 0)
(-206.754 0 0)
(-191.335 0 0)
(-188.137 0 0)
(-187.136 0 0)
(-187.265 0 0)
(-187.092 0 0)
(-185.955 0 0)
(-183.59 0 0)
(-178.07 0 0)
(-173.886 0 0)
(-171.983 0 0)
(-171.075 0 0)
(-170.088 0 0)
(-170.646 0 0)
(-172.159 0 0)
(-172.819 0 0)
(-172.106 0 0)
(-171.144 0 0)
(-169.376 0 0)
(-163.763 0 0)
(-150.714 0 0)
(-141.56 0 0)
(-138.018 0 0)
(-136.816 0 0)
(-136.102 0 0)
(-135.54 0 0)
(-135.411 0 0)
(-135.63 0 0)
(-135.326 0 0)
(-134.359 0 0)
(-131.566 0 0)
(-125.433 0 0)
(-118.858 0 0)
(-114.913 0 0)
(-112.281 0 0)
(-110.326 0 0)
(-108.19 0 0)
(-105.548 0 0)
(-102.511 0 0)
(-99.3273 0 0)
(-96.1934 0 0)
(-93.2284 0 0)
(-90.2797 0 0)
(-87.345 0 0)
(-84.5041 0 0)
(-81.7816 0 0)
(-79.3231 0 0)
(-76.6351 0 0)
(-74.1987 0 0)
(-71.0884 0 0)
(-68.0687 0 0)
(-64.6725 0 0)
(-61.4854 0 0)
(-58.4362 0 0)
(-55.5788 0 0)
(-53.3161 0 0)
(-50.2802 0 0)
(-48.3455 0 0)
(-45.2764 0 0)
(-42.3499 0 0)
(-39.6011 0 0)
(-36.5069 0 0)
(-33.729 0 0)
(-30.0091 0 0)
(-27.1899 0 0)
(-23.7146 0 0)
(-21.2347 0 0)
(-18.3926 0 0)
(-15.8413 0 0)
(-13.2305 0 0)
(-10.2912 0 0)
(-7.70717 0 0)
(-4.44458 0 0)
(-1.88011 0 0)
)
;

boundaryField
{
    sides
    {
        type            fixedValue;
        value           uniform (0 0 0);
    }
    empty
    {
        type            empty;
    }
}


// ************************************************************************* //
